60,60,
0,0,0,0,0,0,0,0,0,0,0,0,0,0,0,0,0,0,0,0,0,0,0,0,1,2,2,2,2,2,2,2,2,2,3,3,3,4,5,6,6,4,7,8,9,9,9,10,9,10,10,10,10,11,10,11,11,11,11,11
0,0,0,0,0,0,0,0,0,0,0,0,0,0,0,0,0,12,0,0,0,0,0,0,13,2,2,2,2,2,2,2,2,2,3,3,3,3,5,6,6,6,6,8,9,9,9,9,9,10,10,10,10,10,10,11,11,11,11,11
0,0,0,0,0,0,0,0,0,12,0,0,0,0,0,0,0,14,0,0,0,15,0,0,0,2,2,2,2,2,2,16,2,2,3,3,3,3,3,4,6,6,6,6,9,9,9,9,9,9,10,10,10,10,10,10,11,11,11,11
0,0,0,0,0,0,0,0,0,0,0,0,0,0,3,0,0,0,0,0,0,3,0,0,0,17,2,2,2,2,2,2,2,2,3,3,3,6,5,6,6,6,18,8,9,9,9,10,9,10,10,10,10,11,10,11,11,11,11,11
0,0,19,19,0,0,0,0,0,0,0,0,0,0,20,0,0,0,0,0,0,0,0,0,21,3,2,2,2,2,2,2,2,2,3,3,3,3,3,6,6,6,6,22,9,9,9,9,9,10,10,10,10,10,10,11,11,11,11,11
0,0,12,0,0,0,0,0,0,0,0,0,0,0,0,0,0,0,0,0,0,0,0,0,0,3,2,2,23,2,2,2,2,2,3,3,3,3,24,6,6,6,6,9,9,9,9,9,9,10,10,10,10,10,10,11,11,11,11,11
0,0,0,0,0,0,0,0,0,0,0,0,0,0,0,0,0,0,0,0,0,0,0,0,0,5,2,2,2,2,2,2,2,2,3,3,3,6,24,6,6,6,18,9,9,9,9,10,9,10,10,10,10,11,10,11,11,11,11,11
0,0,0,0,0,0,0,0,0,0,0,0,0,0,0,0,0,0,0,0,0,0,12,0,21,25,2,2,2,2,2,26,2,2,3,3,3,3,3,6,6,6,6,6,9,9,9,9,9,10,10,10,10,10,10,11,11,11,11,11
0,0,0,0,0,0,0,0,0,0,0,0,0,0,0,0,0,0,3,0,0,0,0,0,0,25,2,2,2,2,2,26,2,2,3,3,3,3,27,6,6,6,6,9,9,9,9,9,9,10,10,10,10,10,10,11,11,11,11,11
0,0,0,0,0,0,0,0,0,0,0,0,0,0,28,0,0,0,0,0,0,0,0,0,0,3,2,2,2,2,2,26,2,2,3,3,3,3,24,6,6,6,6,9,9,9,9,9,9,10,10,10,10,10,10,11,11,11,11,11
0,0,0,0,0,0,0,0,0,0,0,0,0,0,0,0,0,0,0,0,0,0,0,0,0,3,2,2,2,2,2,2,2,2,3,3,3,3,3,6,6,6,6,6,9,9,9,9,9,29,10,10,10,10,10,30,11,11,11,11
0,0,0,0,0,0,0,0,0,0,0,0,0,0,0,0,0,0,0,0,0,0,0,0,0,31,2,2,2,32,33,2,2,2,3,3,3,4,24,6,6,4,6,9,9,9,9,10,9,10,10,10,10,11,10,11,11,11,11,11
0,0,0,0,0,0,0,0,0,0,0,0,0,0,0,0,0,0,0,0,0,0,0,0,0,25,2,2,2,34,33,35,2,2,3,3,3,3,24,6,6,6,6,9,9,9,9,9,9,10,10,10,10,10,10,11,11,11,11,11
0,0,0,0,0,0,0,0,0,0,0,0,0,0,0,0,0,0,0,0,0,0,0,0,0,25,2,2,2,36,2,35,36,2,3,3,3,3,3,6,6,6,6,6,9,9,9,9,9,10,10,10,10,10,10,11,11,11,11,11
0,0,0,0,0,0,0,0,0,0,0,0,0,0,0,0,0,0,0,0,0,0,5,0,0,2,2,2,2,36,36,35,36,2,3,3,3,37,24,6,6,6,6,9,9,9,9,38,9,10,10,10,10,39,10,11,11,11,11,11
0,0,0,0,0,0,0,0,0,0,0,0,0,0,0,0,0,0,0,0,0,0,0,0,0,2,2,2,2,36,40,36,36,36,3,3,3,3,24,6,6,6,6,9,9,9,9,9,9,10,10,10,10,10,10,11,11,11,11,11
0,0,0,0,0,0,0,0,0,0,0,0,0,0,0,0,0,0,0,0,0,0,0,0,0,3,2,2,2,36,41,42,42,36,3,3,3,3,3,6,6,6,6,6,9,9,9,9,9,43,10,10,10,10,10,30,11,11,11,11
0,0,0,0,0,0,0,0,0,0,0,0,0,44,0,0,0,0,0,0,0,0,0,0,45,2,2,2,2,46,47,36,36,36,3,3,3,48,24,6,6,6,6,9,9,9,9,49,9,10,10,10,10,50,10,11,11,11,11,11
0,0,0,0,0,0,0,0,0,0,0,0,0,0,0,0,0,0,0,0,0,0,12,0,3,2,2,2,2,35,35,35,51,36,3,3,3,3,3,6,6,6,6,6,9,9,9,9,9,29,10,10,10,10,10,30,11,11,11,11
0,0,0,0,0,0,0,0,0,0,0,0,0,0,0,0,0,0,0,0,0,0,0,0,3,2,2,2,42,35,51,35,51,52,3,3,3,4,24,6,6,4,6,9,9,9,9,10,9,10,10,10,10,11,10,11,11,11,11,11
0,0,0,0,0,0,0,0,0,0,0,0,0,0,0,0,0,0,0,0,0,0,0,0,53,2,2,36,42,35,51,35,51,42,54,54,55,3,24,6,6,6,6,9,9,9,9,9,9,10,10,10,10,10,10,11,11,11,11,11
0,0,0,0,0,0,0,0,0,0,0,0,0,0,0,0,0,0,0,0,0,0,0,0,3,2,2,56,57,35,51,51,35,42,54,54,54,54,3,6,6,6,6,6,9,9,9,9,9,10,10,10,10,10,10,11,11,11,11,11
0,0,0,0,0,0,0,0,0,0,0,0,0,0,0,0,0,0,0,0,0,0,0,0,3,2,2,36,58,35,35,51,35,42,54,54,54,54,59,6,6,6,6,9,9,9,9,10,9,10,10,10,10,11,10,11,11,11,11,11
0,0,0,0,0,0,0,0,0,0,0,0,0,0,0,0,0,0,0,0,0,0,0,0,60,2,2,36,61,35,51,51,51,42,54,54,54,54,54,6,6,6,6,9,9,9,9,9,9,10,10,10,10,10,10,11,11,11,11,11
0,0,0,0,0,0,0,0,0,0,0,0,0,0,0,0,0,0,0,0,0,0,0,0,62,2,2,63,61,35,51,51,51,64,54,54,54,54,54,54,6,6,6,6,9,9,9,9,9,43,10,10,10,10,10,30,11,11,11,11
0,0,0,0,0,0,0,0,0,0,0,0,0,0,0,0,0,0,0,0,0,0,0,0,0,2,2,2,61,65,51,51,51,36,54,54,54,54,54,54,66,6,6,9,9,9,9,10,9,10,10,10,10,11,10,11,11,11,11,11
0,0,0,0,0,0,0,0,0,0,0,0,0,0,0,0,67,0,0,0,0,0,0,0,0,2,2,2,35,65,51,51,51,36,54,54,54,54,54,54,54,6,6,9,9,9,9,9,9,10,10,10,10,10,10,11,11,11,11,11
0,0,0,0,0,0,0,0,0,0,0,0,0,0,0,0,0,0,0,0,0,0,0,0,0,68,2,2,35,65,51,51,51,36,54,54,54,54,54,54,54,6,6,9,9,9,9,9,9,10,10,10,10,10,10,11,11,11,11,11
0,0,12,0,0,0,0,0,0,0,0,0,0,0,0,0,0,0,0,0,0,0,0,0,45,2,2,2,69,65,51,51,51,36,54,54,54,54,54,54,54,54,6,9,9,9,9,10,9,10,10,10,10,11,10,11,11,11,11,11
0,0,0,0,0,0,0,0,0,0,0,0,0,0,0,0,0,0,0,0,0,3,0,0,3,2,2,2,35,65,51,51,51,36,54,54,54,54,54,54,54,54,6,9,9,9,9,9,9,10,10,10,10,10,10,11,11,11,11,11
0,0,0,0,0,0,0,0,0,0,0,0,0,0,0,0,0,0,0,0,0,0,0,0,0,2,2,2,70,65,51,51,51,36,54,54,54,54,54,54,54,71,6,9,9,9,9,72,9,10,10,10,10,73,10,11,11,11,11,11
0,0,0,0,0,0,0,0,0,0,0,0,0,0,0,0,0,0,0,0,0,0,0,0,0,2,2,2,42,65,51,51,51,36,54,54,54,54,54,54,54,54,6,9,9,9,9,9,9,10,10,10,10,10,10,11,11,11,11,11
0,0,0,0,0,0,0,0,0,0,0,0,0,0,0,0,0,0,0,0,0,0,0,0,45,2,2,2,42,65,51,51,51,36,54,54,54,54,54,54,54,74,6,6,9,9,9,9,9,43,10,10,10,10,10,30,11,11,11,11
0,0,0,0,0,0,0,0,75,0,0,0,0,0,0,0,0,0,0,0,0,0,0,0,76,2,2,2,42,65,51,51,51,36,54,54,54,54,54,54,54,6,6,9,9,9,9,10,9,10,10,10,10,11,10,11,11,11,11,11
0,0,0,0,0,0,0,0,0,0,0,0,0,0,0,0,0,0,0,0,0,0,77,0,78,2,2,2,42,65,51,51,51,36,54,54,54,54,54,54,54,6,6,79,9,9,9,9,9,10,10,10,10,10,10,11,11,11,11,11
0,0,0,0,0,0,0,0,0,0,0,0,0,0,0,0,0,0,0,0,0,0,0,0,21,3,2,2,42,69,51,51,51,80,54,54,54,54,54,54,6,6,6,9,9,9,9,9,9,10,10,10,10,10,10,11,11,11,11,11
0,0,0,0,0,0,0,0,0,0,0,0,0,0,0,0,0,0,0,0,0,0,0,0,0,25,2,2,42,35,51,81,51,42,54,54,54,54,54,54,6,6,6,9,9,9,9,9,9,10,10,10,10,10,10,11,11,11,11,11
0,0,0,0,0,0,0,0,0,0,0,0,0,0,0,0,0,0,0,0,0,0,0,0,21,3,2,2,42,35,51,51,36,42,54,54,54,54,82,6,6,6,6,6,9,9,9,9,9,10,10,10,10,10,10,11,11,11,11,11
0,0,0,0,0,0,0,0,0,0,0,0,0,0,0,3,0,0,0,0,0,0,0,0,0,5,2,83,2,35,35,84,69,42,54,54,54,54,4,6,6,6,6,9,9,9,9,9,9,10,10,10,10,10,10,11,11,11,11,11
0,0,0,0,0,0,0,0,0,0,0,0,0,0,0,0,0,0,0,0,0,0,0,0,0,25,2,36,2,35,35,85,69,42,54,54,86,3,4,6,6,6,6,9,9,9,9,9,9,10,10,10,10,10,10,11,11,11,11,11
0,0,0,0,0,12,0,0,0,0,0,0,0,0,0,0,0,0,0,0,0,0,0,0,21,3,2,36,2,51,35,35,87,42,3,3,3,3,3,6,6,6,6,6,9,9,9,9,9,10,10,10,10,10,10,11,11,11,11,11
0,0,0,0,0,0,0,0,0,0,0,0,0,0,0,0,0,0,0,0,0,0,0,0,0,78,2,36,2,51,35,35,35,36,3,3,5,88,4,6,6,6,6,9,9,9,89,10,9,10,10,10,10,11,10,11,11,11,11,11
0,0,0,0,0,0,0,0,0,0,0,0,0,0,0,0,0,0,0,0,0,0,0,0,0,78,2,2,2,35,35,35,35,36,3,3,3,3,4,6,6,6,6,9,9,9,9,9,9,10,10,10,10,10,10,11,11,11,11,11
0,0,0,0,0,0,0,0,0,0,0,0,0,0,0,0,0,0,0,0,0,0,0,0,0,3,2,2,2,90,91,35,35,23,3,3,3,3,3,6,6,6,6,6,9,9,9,9,9,10,10,10,10,10,10,11,11,11,11,11
0,0,0,0,0,0,0,0,0,0,0,12,0,0,0,0,0,0,0,0,0,0,0,92,0,25,2,2,2,2,93,51,35,36,3,3,5,88,4,6,6,6,6,9,9,9,89,10,9,10,10,10,10,11,10,11,11,11,11,11
0,0,0,0,0,0,0,0,0,0,0,0,0,0,0,0,0,0,0,12,0,0,0,0,0,94,42,2,2,2,36,51,36,36,3,3,3,3,95,6,6,6,6,96,9,9,9,9,9,10,10,10,10,10,10,11,11,11,11,11
0,0,0,0,0,0,0,0,0,0,0,0,0,0,0,0,0,0,0,0,0,0,0,0,45,2,42,2,2,2,2,36,69,97,3,3,3,3,6,6,6,6,6,9,9,9,9,9,9,10,10,10,10,10,98,11,11,11,11,11
0,0,0,0,0,0,0,0,0,0,0,0,0,0,0,0,0,0,0,0,0,0,0,0,0,99,42,2,2,2,2,36,69,2,3,3,100,101,6,6,6,102,6,9,9,9,9,103,9,10,10,10,10,73,98,11,11,11,11,11
0,0,0,12,0,0,0,0,0,0,0,0,0,0,0,0,0,0,0,0,0,0,0,0,0,104,42,2,2,2,2,2,69,2,3,3,3,3,3,6,6,6,6,102,9,9,9,9,9,10,10,10,10,10,10,11,11,11,11,11
0,0,0,0,0,0,0,0,0,0,0,0,0,0,0,0,0,0,0,0,0,0,0,0,3,2,2,2,2,2,2,2,105,2,3,3,3,3,6,6,6,6,6,9,9,9,9,9,9,10,10,10,10,10,98,11,11,11,11,11
0,0,0,0,0,0,0,0,0,0,0,0,0,0,0,0,0,0,0,0,0,0,0,0,3,2,2,2,2,2,2,36,2,2,3,3,5,106,6,6,6,6,6,9,9,9,89,107,9,10,10,10,10,108,98,11,11,11,11,11
0,0,0,0,0,0,0,0,0,0,0,0,0,0,0,0,5,0,0,0,0,0,0,0,3,2,2,2,23,2,2,36,2,2,3,3,3,3,3,6,6,6,6,6,9,9,9,9,9,10,10,10,10,10,10,11,11,11,11,11
0,0,0,0,0,0,0,0,0,0,0,0,0,0,0,0,0,0,0,0,0,0,0,0,45,2,2,2,2,2,2,109,2,2,3,3,3,110,6,6,6,6,6,9,9,9,9,10,9,10,10,10,10,11,98,11,11,11,11,11
0,0,0,0,0,0,0,0,0,0,0,0,0,0,0,0,0,0,0,0,0,0,0,0,111,2,2,2,2,2,2,2,2,2,3,3,3,3,6,6,6,6,6,9,9,9,9,9,9,10,10,10,10,10,98,11,11,11,11,11
0,0,0,0,0,0,0,0,0,0,0,0,0,0,0,0,0,0,0,0,0,0,0,0,3,2,2,2,2,2,2,2,2,2,3,3,3,3,3,6,6,6,6,6,9,9,9,9,9,10,10,10,10,10,10,11,11,11,11,11
0,0,0,0,0,0,0,0,0,0,0,0,0,0,0,0,0,0,0,0,0,0,0,0,62,2,2,2,2,36,2,112,2,2,3,3,3,110,6,6,6,6,6,9,9,9,9,10,9,10,10,10,10,11,98,11,11,11,11,11
0,0,0,0,0,0,0,0,0,0,0,0,0,0,0,0,0,0,0,0,0,0,0,0,3,2,2,2,2,36,2,2,2,2,3,3,3,3,6,6,6,6,6,9,9,9,9,9,9,10,10,10,10,10,98,11,11,11,11,11
0,0,0,0,0,0,0,0,0,0,0,12,0,0,0,0,0,0,0,0,0,0,0,0,0,2,2,2,2,36,2,2,2,2,3,3,3,3,3,6,6,6,6,6,9,9,9,9,9,10,10,10,10,10,10,11,11,11,11,11
0,0,0,0,0,0,0,0,0,0,0,0,0,0,0,0,0,0,0,0,0,0,0,0,0,3,2,2,2,36,2,2,2,2,3,3,5,88,6,6,6,4,6,9,9,9,89,10,9,10,10,10,10,11,98,11,11,11,11,11
0,0,0,0,0,0,0,0,0,0,0,0,0,0,0,0,0,0,0,0,0,0,0,0,0,2,2,2,2,2,2,2,2,2,113,3,3,3,3,6,6,6,6,6,9,9,9,9,9,10,10,10,10,10,10,11,11,11,11,11
0.427451,0.9137256,0.5372549
0.7764707,0.9411765,0.6901961
0.3921569,0.7764707,0.8156863
0.9529412,0.9568628,0.7686275
0.9254903,0.8745099,0.5921569
0.9490197,0.9490197,0.7725491
0.9294118,0.882353,0.5960785
0.937255,0.8235295,0.6784314
0.9294118,0.8509805,0.6352941
0.9568628,0.7686275,0.7764707
0.9411765,0.4941177,0.9450981
0.6745098,0.4509804,0.9568628
0.4,0.7372549,0.4745098
0.4117647,0.909804,0.5294118
0.427451,0.9215687,0.5333334
0.8784314,0.9490197,0.7372549
0.5294118,0.8627452,0.8980393
0.8666667,0.9333334,0.7803922
0.9411765,0.8274511,0.682353
0.427451,0.909804,0.5333334
0.4862745,0.9176471,0.5647059
0.427451,0.909804,0.5372549
0.937255,0.854902,0.6392157
0.6313726,0.9215687,0.9568628
0.9333334,0.9019608,0.6588235
0.8117648,0.909804,0.7803922
0.482353,0.8392158,0.8784314
0.937255,0.909804,0.6666667
0.4156863,0.8000001,0.4980392
0.9490197,0.6117647,0.8705883
0.7058824,0.454902,0.9568628
0.9568628,0.9607844,0.7686275
0.6039216,0.9137256,0.9529412
0.3921569,0.7725491,0.8117648
0.5490196,0.8745099,0.9137256
0.9568628,0.7215686,0.8196079
0.5450981,0.882353,0.9215687
0.937255,0.9137256,0.6705883
0.9490197,0.6117647,0.8745099
0.7882354,0.4705883,0.9529412
0.5372549,0.8862746,0.9176471
0.9490197,0.8980393,0.6901961
0.5411765,0.8745099,0.9254903
0.9490197,0.6156863,0.8705883
0.7450981,0.9411765,0.6745098
0.4313726,0.9215687,0.5411765
0.9529412,0.8941177,0.6901961
0.9568628,0.8862746,0.6901961
0.9333334,0.8901961,0.6117647
0.9411765,0.5176471,0.9294118
0.6980392,0.454902,0.9568628
0.9568628,0.9137256,0.6705883
0.5490196,0.8862746,0.9254903
0.427451,0.9176471,0.5411765
1,1,1
0.9568628,0.9568628,0.7725491
0.572549,0.8941177,0.9333334
0.5450981,0.8745099,0.9294118
0.9333334,0.7215686,0.8196079
0.9960785,1,0.9843138
0.9490197,0.9529412,0.7686275
0.9490197,0.7254902,0.8235295
0.6509804,0.8588236,0.7921569
0.3960785,0.7803922,0.8196079
0.5490196,0.8705883,0.937255
0.9490197,0.9254903,0.6705883
0.9647059,0.9450981,0.8078432
0.4196079,0.8705883,0.5215687
0.9607844,0.9607844,0.7725491
0.9490197,0.7215686,0.8235295
0.7176471,0.8156863,0.8784314
0.9960785,0.9960785,0.9960785
0.9529412,0.6901961,0.8235295
0.8627452,0.482353,0.9490197
0.9725491,0.9529412,0.8392158
0.427451,0.9058824,0.5333334
0.4313726,0.9215687,0.5372549
0.4156863,0.8313726,0.509804
0.427451,0.9176471,0.5372549
0.9411765,0.8274511,0.6862745
0.5411765,0.8784314,0.9176471
0.7176471,0.8941177,0.8156863
0.9686275,0.9725491,0.854902
0.627451,0.9215687,0.9607844
0.7843138,0.9019608,0.7764707
0.9686275,0.8235295,0.7333333
0.9843138,0.9843138,0.937255
0.9490197,0.7176471,0.8156863
0.9450981,0.9411765,0.7568628
0.9529412,0.7686275,0.7764707
0.7176471,0.7450981,0.8196079
0.6039216,0.8588236,0.9058824
0.5215687,0.9215687,0.5803922
0.6,0.8509805,0.909804
0.5607843,0.8313726,0.8000001
0.9450981,0.9254903,0.6980392
0.9411765,0.8352942,0.6666667
0.5215687,0.8666667,0.9058824
0.8980393,0.4862745,0.9450981
0.909804,0.9450981,0.7725491
0.9529412,0.9529412,0.7686275
0.9490197,0.9529412,0.764706
0.9294118,0.8784314,0.5960785
0.9529412,0.6862745,0.8274511
0.3882353,0.7764707,0.8117648
0.9568628,0.7215686,0.8156863
0.9490197,0.9450981,0.7607844
0.9450981,0.5960785,0.882353
0.7725491,0.4666667,0.9529412
0.4705883,0.8313726,0.8705883
0.9490197,0.9490197,0.7529413
0.6627451,0.8627452,0.7921569
0.4901961,0.8352942,0.8745099
0.9686275,0.9686275,0.7764707
