60,60,
0,0,0,0,0,0,0,0,0,0,0,0,0,0,0,0,0,0,0,0,0,0,0,0,1,2,2,2,2,2,2,2,2,2,3,3,3,4,5,1,1,4,6,7,8,8,8,9,8,9,9,9,9,10,9,10,10,10,10,10
0,0,0,0,0,0,0,0,0,0,0,0,0,0,0,0,0,11,0,0,0,0,0,0,12,2,2,2,2,2,2,2,2,2,3,3,3,3,5,1,1,1,1,7,8,8,8,8,8,9,9,9,9,9,9,10,10,10,10,10
0,0,0,0,0,0,0,0,0,11,0,0,0,0,0,0,0,13,0,0,0,14,0,0,0,2,2,2,2,2,2,15,2,2,3,3,3,3,3,4,1,1,1,1,8,8,8,8,8,8,9,9,9,9,9,9,10,10,10,10
0,0,0,0,0,0,0,0,0,0,0,0,0,0,3,0,0,0,0,0,0,3,0,0,0,16,2,2,2,2,2,2,2,2,3,3,3,1,5,1,1,1,17,7,8,8,8,9,8,9,9,9,9,10,9,10,10,10,10,10
0,0,18,0,0,0,0,0,0,0,0,0,0,0,19,0,0,0,0,0,0,0,0,0,0,3,2,2,2,2,2,2,2,2,3,3,3,3,3,1,1,1,1,20,8,8,8,8,8,9,9,9,9,9,9,10,10,10,10,10
0,0,11,0,0,0,0,0,0,0,0,0,0,0,0,0,0,0,0,0,0,0,0,0,0,3,2,2,21,2,2,2,2,2,3,3,3,3,22,1,1,1,1,8,8,8,8,8,8,9,9,9,9,9,9,10,10,10,10,10
0,0,0,0,0,0,0,0,0,0,0,0,0,0,0,0,0,0,0,0,0,0,0,0,0,5,2,2,2,2,2,2,2,2,3,3,3,1,22,1,1,1,17,8,8,8,8,9,8,9,9,9,9,10,9,10,10,10,10,10
0,0,0,0,0,0,0,0,0,0,0,0,0,0,0,0,0,0,0,0,0,0,11,0,0,1,2,2,2,2,2,23,2,2,3,3,3,3,3,1,1,1,1,1,8,8,8,8,8,9,9,9,9,9,9,10,10,10,10,10
0,0,0,0,0,0,0,0,0,0,0,0,0,0,0,0,0,0,3,0,0,0,0,0,0,1,2,2,2,2,2,23,2,2,3,3,3,3,24,1,1,1,25,8,8,8,8,8,8,9,9,9,9,9,9,10,10,10,10,10
0,0,0,0,0,0,0,0,0,0,0,0,0,0,26,0,0,0,0,0,0,0,0,0,0,3,2,2,2,2,2,23,2,2,3,3,3,3,22,1,1,1,1,8,8,8,8,8,8,9,9,9,9,9,9,10,10,10,10,10
0,0,0,0,0,0,0,0,0,0,0,0,0,0,0,0,0,0,0,0,0,0,0,0,0,3,2,2,2,2,2,2,2,2,3,3,3,3,3,1,1,1,1,1,8,8,8,8,8,27,9,9,9,9,9,28,10,10,10,10
0,0,0,0,0,0,0,0,0,0,0,0,0,0,0,0,0,0,0,0,0,0,0,0,0,29,2,2,2,30,31,2,2,2,3,3,3,4,22,1,1,4,1,8,8,8,8,9,8,9,9,9,9,10,9,10,10,10,10,10
0,0,0,0,0,0,0,0,0,0,0,0,0,0,0,0,0,0,0,0,0,0,0,0,0,1,2,2,2,32,31,33,2,2,3,3,3,3,22,1,1,1,1,8,8,8,8,8,8,9,9,9,9,9,9,10,10,10,10,10
0,0,0,0,0,0,0,0,0,0,0,0,0,0,0,0,0,0,0,0,0,0,0,0,0,1,2,2,2,34,2,33,34,2,3,3,3,3,3,1,1,1,1,1,8,8,8,8,8,9,9,9,9,9,9,10,10,10,10,10
0,0,0,0,0,0,0,0,0,0,0,0,0,0,0,0,0,0,0,0,0,0,5,0,0,2,2,2,2,34,34,33,34,2,3,3,3,16,22,1,1,1,1,8,8,8,8,27,8,9,9,9,9,35,9,10,10,10,10,10
0,0,0,0,0,0,0,0,0,0,0,0,0,0,0,0,0,0,0,0,0,0,0,0,0,2,2,2,2,34,34,34,34,34,3,3,3,3,22,1,1,1,1,8,8,8,8,8,8,9,9,9,9,9,9,10,10,10,10,10
0,0,0,0,0,0,0,0,0,0,0,0,0,0,0,0,0,0,0,0,0,0,0,0,0,3,2,2,2,34,24,32,32,34,3,3,3,3,3,1,1,1,1,1,8,8,8,8,8,36,9,9,9,9,9,28,10,10,10,10
0,0,0,0,0,0,0,0,0,0,0,0,0,7,0,0,0,0,0,0,0,0,0,0,13,2,2,2,2,24,22,34,34,34,3,3,3,37,22,1,1,1,1,8,8,8,8,38,8,9,9,9,9,28,9,10,10,10,10,10
0,0,0,0,0,0,0,0,0,0,0,0,0,0,0,0,0,0,0,0,0,0,11,0,3,2,2,2,2,33,33,33,39,34,3,3,3,3,3,1,1,1,1,1,8,8,8,8,8,27,9,9,9,9,9,28,10,10,10,10
0,0,0,0,0,0,0,0,0,0,0,0,0,0,0,0,0,0,0,0,0,0,0,0,3,2,2,2,32,33,39,33,39,40,3,3,3,4,22,1,1,4,1,8,8,8,8,9,8,9,9,9,9,10,9,10,10,10,10,10
0,0,0,0,0,0,0,0,0,0,0,0,0,0,0,0,0,0,0,0,0,0,0,0,13,2,2,34,32,33,39,33,39,32,41,41,29,3,22,1,1,1,1,8,8,8,8,8,8,9,9,9,9,9,9,10,10,10,10,10
0,0,0,0,0,0,0,0,0,0,0,0,0,0,0,0,0,0,0,0,0,0,0,0,3,2,2,42,32,33,39,39,33,32,41,41,41,41,3,1,1,1,1,1,8,8,8,8,8,9,9,9,9,9,9,10,10,10,10,10
0,0,0,0,0,0,0,0,0,0,0,0,0,0,0,0,0,0,0,0,0,0,0,0,3,2,2,34,43,33,33,39,33,32,41,41,41,41,44,1,1,1,1,8,8,8,8,9,8,9,9,9,9,10,9,10,10,10,10,10
0,0,0,0,0,0,0,0,0,0,0,0,0,0,0,0,0,0,0,0,0,0,0,0,3,2,2,34,33,33,39,39,39,32,41,41,41,41,41,1,1,1,1,8,8,8,8,8,8,9,9,9,9,9,9,10,10,10,10,10
0,0,0,0,0,0,0,0,0,0,0,0,0,0,0,0,0,0,0,0,0,0,0,0,45,2,2,46,33,33,39,39,39,32,41,41,41,41,41,41,1,1,1,1,8,8,8,8,8,36,9,9,9,9,9,28,10,10,10,10
0,0,0,0,0,0,0,0,0,0,0,0,0,0,0,0,0,0,0,0,0,0,0,0,0,2,2,2,33,14,39,39,39,34,41,41,41,41,41,41,3,1,1,8,8,8,8,9,8,9,9,9,9,10,9,10,10,10,10,10
0,0,0,0,0,0,0,0,0,0,0,0,0,0,0,0,47,0,0,0,0,0,0,0,0,2,2,2,33,14,39,39,39,34,41,41,41,41,41,41,41,1,1,8,8,8,8,8,8,9,9,9,9,9,9,10,10,10,10,10
0,0,0,0,0,0,0,0,0,0,0,0,0,0,0,0,0,0,0,0,0,0,0,0,0,48,2,2,33,14,39,39,39,34,41,41,41,41,41,41,41,1,1,8,8,8,8,8,8,9,9,9,9,9,9,10,10,10,10,10
0,0,11,0,0,0,0,0,0,0,0,0,0,0,0,0,0,0,0,0,0,0,0,0,13,2,2,2,42,14,39,39,39,34,41,41,41,41,41,41,41,41,1,8,8,8,8,9,8,9,9,9,9,10,9,10,10,10,10,10
0,0,0,0,0,0,0,0,0,0,0,0,0,0,0,0,0,0,0,0,0,3,0,0,3,2,2,2,33,14,39,39,39,34,41,41,41,41,41,41,41,41,1,8,8,8,8,8,8,9,9,9,9,9,9,10,10,10,10,10
0,0,0,0,0,0,0,0,0,0,0,0,0,0,0,0,0,0,0,0,0,0,0,0,0,2,2,2,45,14,39,39,39,34,41,41,41,41,41,41,41,44,1,8,8,8,8,34,8,9,9,9,9,49,9,10,10,10,10,10
0,0,0,0,0,0,0,0,0,0,0,0,0,0,0,0,0,0,0,0,0,0,0,0,0,2,2,2,32,14,39,39,39,34,41,41,41,41,41,41,41,41,1,8,8,8,8,8,8,9,9,9,9,9,9,10,10,10,10,10
0,0,0,0,0,0,0,0,0,0,0,0,0,0,0,0,0,0,0,0,0,0,0,0,13,2,2,2,32,14,39,39,39,34,41,41,41,41,41,41,41,50,1,1,8,8,8,8,8,36,9,9,9,9,9,28,10,10,10,10
0,0,0,0,0,0,0,0,18,0,0,0,0,0,0,0,0,0,0,0,0,0,0,0,13,2,2,2,32,14,39,39,39,34,41,41,41,41,41,41,41,25,1,8,8,8,8,9,8,9,9,9,9,10,9,10,10,10,10,10
0,0,0,0,0,0,0,0,0,0,0,0,0,0,0,0,0,0,0,0,0,0,46,0,13,2,2,2,32,14,39,39,39,34,41,41,41,41,41,41,41,1,1,17,8,8,8,8,8,9,9,9,9,9,9,10,10,10,10,10
0,0,0,0,0,0,0,0,0,0,0,0,0,0,0,0,0,0,0,0,0,0,0,0,0,3,2,2,32,42,39,39,39,32,41,41,41,41,41,41,1,1,1,8,8,8,8,8,8,9,9,9,9,9,9,10,10,10,10,10
0,0,0,0,0,0,0,0,0,0,0,0,0,0,0,0,0,0,0,0,0,0,0,0,0,1,2,2,32,33,39,51,39,32,41,41,41,41,41,41,1,1,1,8,8,8,8,8,8,9,9,9,9,9,9,10,10,10,10,10
0,0,0,0,0,0,0,0,0,0,0,0,0,0,0,0,0,0,0,0,0,0,0,0,0,3,2,2,32,33,39,39,34,32,41,41,41,41,52,1,1,1,1,1,8,8,8,8,8,9,9,9,9,9,9,10,10,10,10,10
0,0,0,0,0,0,0,0,0,0,0,0,0,0,0,3,0,0,0,0,0,0,0,0,0,5,2,21,2,33,33,7,42,32,41,41,41,41,4,1,1,1,1,8,8,8,8,8,8,9,9,9,9,9,9,10,10,10,10,10
0,0,0,0,0,0,0,0,0,0,0,0,0,0,0,0,0,0,0,0,0,0,0,0,0,1,2,34,2,33,33,4,42,32,41,41,53,3,4,1,1,1,1,8,8,8,8,8,8,9,9,9,9,9,9,10,10,10,10,10
0,0,0,0,0,11,0,0,0,0,0,0,0,0,0,0,0,0,0,0,0,0,0,0,0,3,2,34,2,39,33,33,43,32,3,3,3,3,3,1,1,1,1,1,8,8,8,8,8,9,9,9,9,9,9,10,10,10,10,10
0,0,0,0,0,0,0,0,0,0,0,0,0,0,0,0,0,0,0,0,0,0,0,0,0,13,2,34,2,39,33,33,33,34,3,3,5,54,4,1,1,1,1,8,8,8,8,9,8,9,9,9,9,10,9,10,10,10,10,10
0,0,0,0,0,0,0,0,0,0,0,0,0,0,0,0,0,0,0,0,0,0,0,0,0,13,2,2,2,33,33,33,33,34,3,3,3,3,4,1,1,1,1,8,8,8,8,8,8,9,9,9,9,9,9,10,10,10,10,10
0,0,0,0,0,0,0,0,0,0,0,0,0,0,0,0,0,0,0,0,0,0,0,0,0,3,2,2,2,36,40,33,33,21,3,3,3,3,3,1,1,1,1,1,8,8,8,8,8,9,9,9,9,9,9,10,10,10,10,10
0,0,0,0,0,0,0,0,0,0,0,11,0,0,0,0,0,0,0,0,0,0,0,15,0,1,2,2,2,2,34,39,33,34,3,3,5,54,4,1,1,1,1,8,8,8,8,9,8,9,9,9,9,10,9,10,10,10,10,10
0,0,0,0,0,0,0,0,0,0,0,0,0,0,0,0,0,0,0,11,0,0,0,0,0,36,32,2,2,2,34,39,34,34,3,3,3,3,14,1,1,1,1,7,8,8,8,8,8,9,9,9,9,9,9,10,10,10,10,10
0,0,0,0,0,0,0,0,0,0,0,0,0,0,0,0,0,0,0,0,0,0,0,0,13,2,32,2,2,2,2,34,42,55,3,3,3,3,1,1,1,1,1,8,8,8,8,8,8,9,9,9,9,9,56,10,10,10,10,10
0,0,0,0,0,0,0,0,0,0,0,0,0,0,0,0,0,0,0,0,0,0,0,0,0,57,32,2,2,2,2,34,42,2,3,3,3,3,1,1,1,25,1,8,8,8,8,34,8,9,9,9,9,49,56,10,10,10,10,10
0,0,0,11,0,0,0,0,0,0,0,0,0,0,0,0,0,0,0,0,0,0,0,0,0,31,32,2,2,2,2,2,42,2,3,3,3,3,3,1,1,1,1,25,8,8,8,8,8,9,9,9,9,9,9,10,10,10,10,10
0,0,0,0,0,0,0,0,0,0,0,0,0,0,0,0,0,0,0,0,0,0,0,0,3,2,2,2,2,2,2,2,33,2,3,3,3,3,1,1,1,1,1,8,8,8,8,8,8,9,9,9,9,9,56,10,10,10,10,10
0,0,0,0,0,0,0,0,0,0,0,0,0,0,0,0,0,0,0,0,0,0,0,0,3,2,2,2,2,2,2,34,2,2,3,3,5,54,1,1,1,1,1,8,8,8,8,23,8,9,9,9,9,58,56,10,10,10,10,10
0,0,0,0,0,0,0,0,0,0,0,0,0,0,0,0,5,0,0,0,0,0,0,0,3,2,2,2,21,2,2,34,2,2,3,3,3,3,3,1,1,1,1,1,8,8,8,8,8,9,9,9,9,9,9,10,10,10,10,10
0,0,0,0,0,0,0,0,0,0,0,0,0,0,0,0,0,0,0,0,0,0,0,0,13,2,2,2,2,2,2,13,2,2,3,3,3,5,1,1,1,1,1,8,8,8,8,9,8,9,9,9,9,10,56,10,10,10,10,10
0,0,0,0,0,0,0,0,0,0,0,0,0,0,0,0,0,0,0,0,0,0,0,0,43,2,2,2,2,2,2,2,2,2,3,3,3,3,1,1,1,1,1,8,8,8,8,8,8,9,9,9,9,9,56,10,10,10,10,10
0,0,0,0,0,0,0,0,0,0,0,0,0,0,0,0,0,0,0,0,0,0,0,0,3,2,2,2,2,2,2,2,2,2,3,3,3,3,3,1,1,1,1,1,8,8,8,8,8,9,9,9,9,9,9,10,10,10,10,10
0,0,0,0,0,0,0,0,0,0,0,0,0,0,0,0,0,0,0,0,0,0,0,0,45,2,2,2,2,34,2,59,2,2,3,3,3,5,1,1,1,1,1,8,8,8,8,9,8,9,9,9,9,10,56,10,10,10,10,10
0,0,0,0,0,0,0,0,0,0,0,0,0,0,0,0,0,0,0,0,0,0,0,0,3,2,2,2,2,34,2,2,2,2,3,3,3,3,1,1,1,1,1,8,8,8,8,8,8,9,9,9,9,9,56,10,10,10,10,10
0,0,0,0,0,0,0,0,0,0,0,11,0,0,0,0,0,0,0,0,0,0,0,0,0,2,2,2,2,34,2,2,2,2,3,3,3,3,3,1,1,1,1,1,8,8,8,8,8,9,9,9,9,9,9,10,10,10,10,10
0,0,0,0,0,0,0,0,0,0,0,0,0,0,0,0,0,0,0,0,0,0,0,0,0,3,2,2,2,34,2,2,2,2,3,3,5,60,1,1,1,4,1,8,8,8,8,9,8,9,9,9,9,10,56,10,10,10,10,10
0,0,0,0,0,0,0,0,0,0,0,0,0,0,0,0,0,0,0,0,0,0,0,0,0,2,2,2,2,2,2,2,2,2,61,3,3,3,3,1,1,1,1,1,8,8,8,8,8,9,9,9,9,9,9,10,10,10,10,10
0.7254902,0.7254902,0.7254902
0.8666667,0.8666667,0.8666667
0.6666667,0.6666667,0.6666667
0.9333334,0.9333334,0.9333334
0.8588236,0.8588236,0.8588236
0.9294118,0.9294118,0.9294118
0.8431373,0.8431373,0.8431373
0.8509805,0.8509805,0.8509805
0.8274511,0.8274511,0.8274511
0.6784314,0.6784314,0.6784314
0.572549,0.572549,0.572549
0.6078432,0.6078432,0.6078432
0.7176471,0.7176471,0.7176471
0.7294118,0.7294118,0.7294118
0.9058824,0.9058824,0.9058824
0.764706,0.764706,0.764706
0.8941177,0.8941177,0.8941177
0.8470589,0.8470589,0.8470589
0.7215686,0.7215686,0.7215686
0.7490196,0.7490196,0.7490196
0.854902,0.854902,0.854902
0.8392158,0.8392158,0.8392158
0.8862746,0.8862746,0.8862746
0.7333333,0.7333333,0.7333333
0.8901961,0.8901961,0.8901961
0.8627452,0.8627452,0.8627452
0.6509804,0.6509804,0.6509804
0.7411765,0.7411765,0.7411765
0.5843138,0.5843138,0.5843138
0.937255,0.937255,0.937255
0.8235295,0.8235295,0.8235295
0.6627451,0.6627451,0.6627451
0.7803922,0.7803922,0.7803922
0.8039216,0.8039216,0.8039216
0.7843138,0.7843138,0.7843138
0.6196079,0.6196079,0.6196079
0.7450981,0.7450981,0.7450981
0.8705883,0.8705883,0.8705883
0.6901961,0.6901961,0.6901961
0.8980393,0.8980393,0.8980393
0.7882354,0.7882354,0.7882354
1,1,1
0.8000001,0.8000001,0.8000001
0.7960785,0.7960785,0.7960785
0.9960785,0.9960785,0.9960785
0.7921569,0.7921569,0.7921569
0.6705883,0.6705883,0.6705883
0.6980392,0.6980392,0.6980392
0.9411765,0.9411765,0.9411765
0.6470588,0.6470588,0.6470588
0.9450981,0.9450981,0.9450981
0.8313726,0.8313726,0.8313726
0.9607844,0.9607844,0.9607844
0.9803922,0.9803922,0.9803922
0.9254903,0.9254903,0.9254903
0.7686275,0.7686275,0.7686275
0.6588235,0.6588235,0.6588235
0.9137256,0.9137256,0.9137256
0.6117647,0.6117647,0.6117647
0.7372549,0.7372549,0.7372549
0.9215687,0.9215687,0.9215687
0.9490197,0.9490197,0.9490197
