76,59,
-1,-1,-1,-1,0,0,0,0,0,0,0,0,0,0,0,0,0,0,0,0,0,0,0,0,0,0,0,0,0,0,0,0,0,0,0,0,0,0,0,0,0,0,0,0,0,0,0,0,0,0,0,0,0,0,0,0,0,0,0,0,0,0,0,0,0,0,0,0,0,0,0,0,-1,-1,-1,-1
-1,-1,-1,0,0,1,1,1,1,1,1,1,1,1,1,1,1,1,1,1,1,1,0,0,0,1,1,1,1,1,1,1,0,1,1,1,1,1,1,1,1,1,1,0,1,1,1,1,1,1,1,0,0,0,1,1,1,1,1,1,1,1,1,1,1,1,1,1,1,1,1,0,0,-1,-1,-1
-1,-1,0,1,1,1,1,1,1,1,1,1,1,1,1,1,1,1,1,1,1,0,0,1,1,2,2,2,2,2,2,2,0,0,1,1,1,1,1,1,1,1,0,0,2,2,2,2,2,2,2,1,1,0,0,1,1,1,1,1,1,1,1,1,1,1,1,1,1,1,1,1,1,0,-1,-1
-1,0,0,1,1,1,1,1,2,2,2,1,1,1,1,1,1,1,1,1,0,0,1,2,2,2,2,3,3,3,2,2,2,0,1,1,2,2,2,2,1,1,0,2,2,2,3,3,3,2,2,2,2,1,0,0,1,1,1,1,1,1,1,1,1,2,2,2,1,1,1,1,1,0,0,-1
0,0,1,1,1,2,2,2,2,2,2,2,2,1,1,1,1,1,1,0,0,1,2,2,2,3,3,3,3,3,3,2,0,0,1,2,2,2,2,2,2,1,0,0,2,3,3,3,3,3,3,2,2,2,1,0,0,1,1,1,1,1,1,2,2,2,2,2,2,2,2,1,1,1,0,0
0,1,1,1,2,2,2,2,2,2,2,2,2,2,2,1,1,1,0,0,1,2,2,2,3,3,3,3,3,3,3,0,0,1,2,2,2,2,2,2,2,2,1,0,0,3,3,3,3,3,3,3,2,2,2,1,0,0,1,1,1,2,2,2,2,2,2,2,2,2,2,2,1,1,1,0
0,1,1,2,2,2,2,2,2,2,2,2,2,2,2,1,1,1,0,1,2,2,3,3,3,3,3,3,3,3,0,0,1,2,2,2,3,3,3,3,2,2,2,1,0,0,3,3,3,3,3,3,3,3,2,2,1,0,1,1,1,2,2,2,2,2,2,2,2,2,2,2,2,1,1,0
0,1,2,2,2,2,2,2,2,2,2,2,2,2,2,1,1,0,0,1,2,2,3,3,3,3,3,3,3,0,0,2,2,2,3,3,3,3,3,3,3,3,2,2,2,0,0,3,3,3,3,3,3,3,2,2,1,0,0,1,1,2,2,2,2,2,2,2,2,2,2,2,2,2,1,0
0,1,2,2,2,2,2,2,2,2,2,2,2,2,2,1,1,0,1,2,2,3,3,3,3,3,3,3,3,0,2,2,2,3,3,3,3,3,3,3,3,3,3,2,2,2,0,3,3,3,3,3,3,3,3,2,2,1,0,1,1,2,2,2,2,2,2,2,2,2,2,2,2,2,1,0
0,2,2,2,2,2,2,2,2,2,2,2,2,2,2,1,0,0,2,2,4,3,3,3,3,3,3,3,0,0,2,2,3,3,3,3,3,3,3,3,3,3,3,3,2,2,0,0,3,3,3,3,3,3,3,4,2,2,0,0,1,2,2,2,2,2,2,2,2,2,2,2,2,2,2,0
0,2,2,2,2,2,2,2,3,3,3,3,3,2,2,1,0,1,2,4,4,3,3,3,3,3,3,3,0,2,2,3,3,3,3,3,3,3,3,3,3,3,3,3,3,2,2,0,3,3,3,3,3,3,3,4,4,2,1,0,1,2,2,3,3,3,3,3,2,2,2,2,2,2,2,0
0,1,2,2,2,2,2,3,3,3,3,3,3,3,2,1,0,1,2,4,3,3,3,3,3,3,3,0,0,2,3,3,3,3,3,3,3,3,3,3,3,3,3,3,3,3,2,0,0,3,3,3,3,3,3,3,4,2,1,0,1,2,3,3,3,3,3,3,3,2,2,2,2,2,1,0
0,0,2,2,2,2,3,3,3,3,3,3,3,3,1,1,0,1,2,4,3,3,3,3,3,3,3,0,2,2,3,3,3,3,3,3,3,2,2,3,3,3,3,3,3,3,2,2,0,3,3,3,3,3,3,3,4,2,1,0,1,1,3,3,3,3,3,3,3,3,2,2,2,2,0,0
-1,0,2,2,2,2,3,3,3,3,3,3,3,3,0,1,0,1,4,4,3,3,3,3,3,3,3,0,2,3,3,3,3,3,3,3,3,2,2,3,3,3,3,3,3,3,3,2,0,3,3,3,3,3,3,3,4,4,1,0,1,0,3,3,3,3,3,3,3,3,2,2,2,2,0,-1
-1,0,0,2,3,3,3,3,3,3,3,3,3,3,0,1,0,1,4,3,3,3,3,3,3,3,3,0,3,3,3,3,2,2,2,2,2,2,2,2,2,2,2,2,3,3,3,3,0,3,3,3,3,3,3,3,3,4,1,0,1,0,3,3,3,3,3,3,3,3,3,3,2,0,0,-1
-1,-1,0,0,3,3,4,4,4,4,4,3,3,0,0,1,0,0,4,3,3,3,3,3,3,3,3,0,3,3,3,3,2,2,2,2,2,2,2,2,2,2,2,2,3,3,3,3,0,3,3,3,3,3,3,3,3,4,0,0,1,0,0,3,3,4,4,4,4,4,3,3,0,0,-1,-1
-1,-1,-1,0,0,4,4,4,4,4,4,4,0,0,2,2,1,0,4,4,3,3,3,3,3,3,3,3,3,3,3,3,3,3,3,3,3,2,2,3,3,3,3,3,3,3,3,3,3,3,3,3,3,3,3,3,4,4,0,1,2,2,0,0,4,4,4,4,4,4,4,0,0,-1,-1,-1
-1,-1,-1,-1,0,0,0,0,0,0,0,0,0,2,2,2,1,0,0,4,3,3,3,3,3,3,3,3,3,3,3,3,3,3,3,3,3,2,2,3,3,3,3,3,3,3,3,3,3,3,3,3,3,3,3,3,4,0,0,1,2,2,2,0,0,0,0,0,0,0,0,0,-1,-1,-1,-1
-1,-1,-1,-1,-1,-1,0,0,3,3,3,2,2,2,2,2,2,1,0,4,3,3,3,3,3,3,3,3,3,3,3,3,3,3,3,3,3,2,2,3,3,3,3,3,3,3,3,3,3,3,3,3,3,3,3,3,4,0,1,2,2,2,2,2,2,3,3,3,0,0,-1,-1,-1,-1,-1,-1
-1,-1,-1,-1,-1,-1,-1,0,3,3,3,3,3,2,2,2,2,1,0,4,4,3,3,3,3,3,3,3,3,3,3,3,3,3,3,3,3,2,2,3,3,3,3,3,3,3,3,3,3,3,3,3,3,3,3,4,4,0,1,2,2,2,2,3,3,3,3,3,0,-1,-1,-1,-1,-1,-1,-1
-1,-1,-1,-1,-1,-1,-1,0,3,3,3,3,3,3,3,2,2,2,1,1,4,3,3,3,3,3,3,3,3,3,3,3,3,3,3,3,3,3,3,3,3,3,3,3,3,3,3,3,3,3,3,3,3,3,3,4,1,1,2,2,2,3,3,3,3,3,3,3,0,-1,-1,-1,-1,-1,-1,-1
-1,-1,-1,-1,-1,-1,-1,0,0,3,3,3,3,3,3,3,3,2,2,2,4,4,3,3,3,3,3,3,3,3,3,3,3,3,3,3,3,3,3,3,3,3,3,3,3,3,3,3,3,3,3,3,3,3,4,4,2,2,2,3,3,3,3,3,3,3,3,0,0,-1,-1,-1,-1,-1,-1,-1
-1,-1,-1,-1,-1,-1,-1,-1,0,0,3,3,3,3,3,3,3,3,3,2,2,2,3,3,3,3,3,3,3,3,3,3,3,3,3,3,3,3,3,3,3,3,3,3,3,3,3,3,3,3,3,3,3,3,2,2,2,3,3,3,3,3,3,3,3,3,0,0,-1,-1,-1,-1,-1,-1,-1,-1
-1,-1,-1,-1,-1,-1,-1,-1,-1,0,0,3,3,3,3,3,3,3,3,3,3,3,3,3,3,3,3,3,3,3,3,3,1,1,1,1,1,1,1,1,1,1,1,1,3,3,3,3,3,3,3,3,3,3,3,3,3,3,3,3,3,3,3,3,3,0,0,-1,-1,-1,-1,-1,-1,-1,-1,-1
-1,-1,-1,-1,-1,-1,-1,-1,-1,-1,0,0,3,3,3,3,3,3,3,3,3,3,3,3,3,3,3,3,3,3,3,1,1,2,2,2,2,2,2,2,2,2,2,1,1,3,3,3,3,3,3,3,3,3,3,3,3,3,3,3,3,3,3,3,0,0,-1,-1,-1,-1,-1,-1,-1,-1,-1,-1
-1,-1,-1,-1,-1,-1,-1,-1,-1,-1,-1,0,0,3,3,3,3,3,3,3,3,3,3,3,3,3,3,3,3,3,1,1,2,2,2,2,2,2,2,2,2,2,2,2,1,1,3,3,3,3,3,3,3,3,3,3,3,3,3,3,3,3,3,0,0,-1,-1,-1,-1,-1,-1,-1,-1,-1,-1,-1
-1,-1,-1,-1,-1,-1,-1,-1,-1,-1,-1,-1,0,0,0,3,3,3,3,3,3,3,3,3,3,3,3,2,2,2,2,2,3,3,3,3,3,3,3,3,3,3,3,3,2,2,2,2,2,3,3,3,3,3,3,3,3,3,3,3,3,0,0,0,-1,-1,-1,-1,-1,-1,-1,-1,-1,-1,-1,-1
-1,-1,-1,-1,-1,-1,-1,-1,-1,-1,-1,-1,-1,-1,0,0,0,1,1,1,2,3,3,3,3,3,3,2,2,2,2,2,3,3,3,3,3,3,3,3,3,3,3,3,2,2,2,2,2,3,3,3,3,3,3,2,1,1,1,0,0,0,-1,-1,-1,-1,-1,-1,-1,-1,-1,-1,-1,-1,-1,-1
-1,-1,-1,-1,-1,-1,-1,-1,-1,-1,-1,-1,-1,-1,0,0,0,1,1,2,3,3,3,3,3,3,3,3,3,3,3,3,3,3,3,3,3,3,3,3,3,3,3,3,3,3,3,3,3,3,3,3,3,3,3,3,2,1,1,0,0,0,-1,-1,-1,-1,-1,-1,-1,-1,-1,-1,-1,-1,-1,-1
-1,-1,-1,-1,-1,-1,-1,-1,-1,-1,-1,-1,-1,0,0,1,1,2,3,3,3,3,3,3,3,3,3,3,3,3,3,3,3,3,3,3,3,3,3,3,3,3,3,3,3,3,3,3,3,3,3,3,3,3,3,3,3,3,2,1,1,0,0,-1,-1,-1,-1,-1,-1,-1,-1,-1,-1,-1,-1,-1
-1,-1,-1,-1,-1,-1,-1,-1,-1,-1,-1,-1,-1,0,1,1,2,3,3,3,3,3,3,3,3,3,3,3,3,3,3,3,4,4,4,4,4,4,4,4,4,4,4,4,3,3,3,3,3,3,3,3,3,3,3,3,3,3,3,2,1,1,0,-1,-1,-1,-1,-1,-1,-1,-1,-1,-1,-1,-1,-1
-1,-1,-1,-1,-1,-1,-1,-1,-1,-1,-1,-1,0,0,1,2,3,3,3,3,3,3,3,3,3,3,3,3,3,3,4,4,4,4,4,4,4,4,4,4,4,4,4,4,4,4,3,3,3,3,3,3,3,3,3,3,3,3,3,3,2,1,0,0,-1,-1,-1,-1,-1,-1,-1,-1,-1,-1,-1,-1
-1,-1,-1,-1,-1,-1,-1,-1,-1,-1,-1,-1,0,1,2,3,3,3,3,3,3,3,3,3,3,3,3,3,3,3,4,4,4,4,4,4,4,4,4,4,4,4,4,4,4,4,3,3,3,3,3,3,3,3,3,3,3,3,3,3,3,2,1,0,-1,-1,-1,-1,-1,-1,-1,-1,-1,-1,-1,-1
-1,-1,-1,-1,-1,-1,-1,-1,-1,-1,-1,-1,0,2,3,3,3,3,2,2,2,3,3,3,3,3,3,3,3,3,3,3,3,3,3,3,3,3,3,3,3,3,3,3,3,3,3,3,3,3,3,3,3,3,3,2,2,2,3,3,3,3,2,0,-1,-1,-1,-1,-1,-1,-1,-1,-1,-1,-1,-1
-1,-1,-1,-1,-1,-1,-1,-1,-1,-1,-1,0,2,2,3,3,3,3,0,0,2,2,3,3,3,3,3,3,3,3,3,3,3,3,3,3,3,3,3,3,3,3,3,3,3,3,3,3,3,3,3,3,3,3,2,2,0,0,3,3,3,3,2,2,0,-1,-1,-1,-1,-1,-1,-1,-1,-1,-1,-1
-1,-1,-1,-1,-1,-1,-1,-1,-1,-1,-1,0,2,3,3,3,3,3,1,0,0,2,2,3,3,3,3,3,3,3,3,3,3,3,3,3,3,3,3,3,3,3,3,3,3,3,3,3,3,3,3,3,3,2,2,0,0,1,3,3,3,3,3,2,0,-1,-1,-1,-1,-1,-1,-1,-1,-1,-1,-1
-1,-1,-1,-1,-1,-1,-1,-1,-1,-1,-1,0,2,3,3,3,3,3,3,1,0,0,0,2,2,3,3,3,3,3,3,3,3,3,3,3,3,3,3,3,3,3,3,3,3,3,3,3,3,3,3,2,2,0,0,0,1,3,3,3,3,3,3,2,0,-1,-1,-1,-1,-1,-1,-1,-1,-1,-1,-1
-1,-1,-1,-1,-1,-1,-1,-1,-1,-1,-1,0,4,3,3,3,3,3,3,3,1,1,0,0,0,2,2,2,3,3,3,3,3,3,3,3,3,3,3,3,3,3,3,3,3,3,3,3,2,2,2,0,0,0,1,1,3,3,3,3,3,3,3,4,0,-1,-1,-1,-1,-1,-1,-1,-1,-1,-1,-1
-1,-1,-1,-1,-1,-1,-1,-1,-1,-1,-1,0,4,3,3,3,3,3,3,3,3,3,1,1,0,0,0,2,2,2,2,3,3,3,3,3,3,3,3,3,3,3,3,3,3,2,2,2,2,0,0,0,1,1,3,3,3,3,3,3,3,3,3,4,0,-1,-1,-1,-1,-1,-1,-1,-1,-1,-1,-1
-1,-1,-1,-1,-1,-1,-1,-1,-1,-1,-1,0,4,3,3,3,3,3,3,3,3,3,3,3,1,1,0,0,0,0,2,2,2,2,2,2,2,2,2,2,2,2,2,2,2,2,0,0,0,0,1,1,3,3,3,3,3,3,3,3,3,3,3,4,0,-1,-1,-1,-1,-1,-1,-1,-1,-1,-1,-1
-1,-1,-1,-1,-1,-1,-1,-1,-1,-1,-1,0,4,3,3,3,3,3,3,3,3,3,3,3,3,3,3,1,1,0,0,0,0,0,2,2,2,2,2,2,2,2,0,0,0,0,0,1,1,3,3,3,3,3,3,3,3,3,3,3,3,3,3,4,0,-1,-1,-1,-1,-1,-1,-1,-1,-1,-1,-1
-1,-1,-1,-1,-1,-1,-1,-1,-1,-1,-1,0,4,3,3,3,3,3,3,3,3,3,3,3,3,3,3,3,3,1,1,1,1,0,0,0,0,0,0,0,0,0,0,1,1,1,1,3,3,3,3,3,3,3,3,3,3,3,3,3,3,3,3,4,0,-1,-1,-1,-1,-1,-1,-1,-1,-1,-1,-1
-1,-1,-1,-1,-1,-1,-1,-1,-1,-1,-1,0,4,3,3,3,3,3,3,3,3,3,3,3,3,3,3,3,3,3,3,3,1,1,1,1,1,1,1,1,1,1,1,1,3,3,3,3,3,3,3,3,3,3,3,3,3,3,3,3,3,3,3,4,0,-1,-1,-1,-1,-1,-1,-1,-1,-1,-1,-1
-1,-1,-1,-1,-1,-1,-1,-1,-1,-1,-1,0,4,3,3,3,3,4,4,4,4,4,4,4,4,3,3,3,3,3,3,3,3,3,3,3,3,3,3,3,3,3,3,3,3,3,3,3,3,3,3,4,4,4,4,4,4,4,4,3,3,3,3,4,0,-1,-1,-1,-1,-1,-1,-1,-1,-1,-1,-1
-1,-1,-1,-1,-1,-1,-1,-1,-1,-1,-1,0,4,3,3,3,4,4,4,4,4,4,4,4,4,4,3,3,3,3,3,3,3,3,3,3,3,3,3,3,3,3,3,3,3,3,3,3,3,3,4,4,4,4,4,4,4,4,4,4,3,3,3,4,0,-1,-1,-1,-1,-1,-1,-1,-1,-1,-1,-1
-1,-1,-1,-1,-1,-1,-1,-1,-1,-1,-1,0,0,3,3,4,4,4,4,4,4,4,4,4,4,4,4,3,3,3,3,3,3,3,3,3,3,3,3,3,3,3,3,3,3,3,3,3,3,4,4,4,4,4,4,4,4,4,4,4,4,3,3,0,0,-1,-1,-1,-1,-1,-1,-1,-1,-1,-1,-1
-1,-1,-1,-1,-1,-1,-1,-1,-1,-1,-1,-1,0,3,3,4,4,4,0,0,0,0,0,4,4,4,4,3,3,3,3,3,3,3,3,3,3,3,3,3,3,3,3,3,3,3,3,3,3,4,4,4,4,0,0,0,0,0,4,4,4,3,3,0,-1,-1,-1,-1,-1,-1,-1,-1,-1,-1,-1,-1
-1,-1,-1,-1,-1,-1,-1,-1,-1,-1,-1,-1,0,0,4,4,4,0,0,0,0,0,0,0,4,4,4,4,3,3,3,3,3,3,1,0,3,3,3,3,0,1,3,3,3,3,3,3,4,4,4,4,0,0,0,0,0,0,0,4,4,4,0,0,-1,-1,-1,-1,-1,-1,-1,-1,-1,-1,-1,-1
-1,-1,-1,-1,-1,-1,-1,-1,-1,-1,-1,-1,-1,0,4,4,0,0,0,0,0,0,0,0,0,4,4,4,3,3,3,3,3,1,0,0,3,3,3,3,0,0,1,3,3,3,3,3,4,4,4,0,0,0,0,0,0,0,0,0,4,4,0,-1,-1,-1,-1,-1,-1,-1,-1,-1,-1,-1,-1,-1
-1,-1,-1,-1,-1,-1,-1,-1,-1,-1,-1,-1,-1,-1,0,4,0,0,0,0,0,0,0,0,0,4,4,4,3,3,3,3,3,3,3,3,3,3,3,3,3,3,3,3,3,3,3,3,4,4,4,0,0,0,0,0,0,0,0,0,4,0,-1,-1,-1,-1,-1,-1,-1,-1,-1,-1,-1,-1,-1,-1
-1,-1,-1,-1,-1,-1,-1,-1,-1,-1,-1,-1,-1,-1,0,0,0,0,0,0,0,0,0,0,0,4,4,4,3,3,3,3,3,3,3,3,3,3,3,3,3,3,3,3,3,3,3,3,4,4,4,0,0,0,0,0,0,0,0,0,0,0,-1,-1,-1,-1,-1,-1,-1,-1,-1,-1,-1,-1,-1,-1
-1,-1,-1,-1,-1,-1,-1,-1,-1,-1,-1,-1,-1,-1,-1,0,0,0,0,0,0,0,0,0,0,4,4,4,3,3,3,3,2,2,2,2,2,2,2,2,2,2,2,2,3,3,3,3,4,4,4,0,0,0,0,0,0,0,0,0,0,-1,-1,-1,-1,-1,-1,-1,-1,-1,-1,-1,-1,-1,-1,-1
-1,-1,-1,-1,-1,-1,-1,-1,-1,-1,-1,-1,-1,-1,-1,-1,0,0,0,0,0,0,0,0,0,4,4,4,3,3,3,2,2,2,1,1,1,1,1,1,1,1,2,2,2,3,3,3,4,4,4,0,0,0,0,0,0,0,0,0,-1,-1,-1,-1,-1,-1,-1,-1,-1,-1,-1,-1,-1,-1,-1,-1
-1,-1,-1,-1,-1,-1,-1,-1,-1,-1,-1,-1,-1,-1,-1,-1,-1,0,0,0,0,0,0,0,0,4,4,3,3,3,2,2,2,1,0,0,0,0,0,0,0,0,1,2,2,2,3,3,3,4,4,0,0,0,0,0,0,0,0,-1,-1,-1,-1,-1,-1,-1,-1,-1,-1,-1,-1,-1,-1,-1,-1,-1
-1,-1,-1,-1,-1,-1,-1,-1,-1,-1,-1,-1,-1,-1,-1,-1,-1,-1,0,0,0,0,0,0,4,4,3,3,3,2,2,2,2,1,0,-1,-1,-1,-1,-1,-1,0,1,2,2,2,2,3,3,3,4,4,0,0,0,0,0,0,-1,-1,-1,-1,-1,-1,-1,-1,-1,-1,-1,-1,-1,-1,-1,-1,-1,-1
-1,-1,-1,-1,-1,-1,-1,-1,-1,-1,-1,-1,-1,-1,-1,-1,-1,-1,-1,-1,0,4,4,4,4,3,3,2,2,2,1,1,1,0,-1,-1,-1,-1,-1,-1,-1,-1,0,1,1,1,2,2,2,3,3,4,4,4,4,0,-1,-1,-1,-1,-1,-1,-1,-1,-1,-1,-1,-1,-1,-1,-1,-1,-1,-1,-1,-1
-1,-1,-1,-1,-1,-1,-1,-1,-1,-1,-1,-1,-1,-1,-1,-1,-1,-1,-1,-1,0,0,0,1,1,1,1,1,1,1,1,1,0,0,-1,-1,-1,-1,-1,-1,-1,-1,0,0,1,1,1,1,1,1,1,1,1,0,0,0,-1,-1,-1,-1,-1,-1,-1,-1,-1,-1,-1,-1,-1,-1,-1,-1,-1,-1,-1,-1
-1,-1,-1,-1,-1,-1,-1,-1,-1,-1,-1,-1,-1,-1,-1,-1,-1,-1,-1,-1,-1,-1,0,0,0,0,0,0,1,0,0,0,0,-1,-1,-1,-1,-1,-1,-1,-1,-1,-1,0,0,0,0,1,0,0,0,0,0,0,-1,-1,-1,-1,-1,-1,-1,-1,-1,-1,-1,-1,-1,-1,-1,-1,-1,-1,-1,-1,-1,-1
-1,-1,-1,-1,-1,-1,-1,-1,-1,-1,-1,-1,-1,-1,-1,-1,-1,-1,-1,-1,-1,-1,-1,-1,-1,-1,-1,0,0,0,-1,-1,-1,-1,-1,-1,-1,-1,-1,-1,-1,-1,-1,-1,-1,-1,0,0,0,-1,-1,-1,-1,-1,-1,-1,-1,-1,-1,-1,-1,-1,-1,-1,-1,-1,-1,-1,-1,-1,-1,-1,-1,-1,-1,-1
0,0,0
0.3686275,0.6980392,0.01960784
0.6666667,0.8274511,0.1490196
0.8196079,0.937255,0.4588236
1,1,1
