54,80,
-1,-1,-1,-1,-1,-1,-1,-1,-1,-1,-1,-1,-1,-1,-1,-1,-1,-1,-1,-1,-1,-1,-1,0,0,0,0,0,0,0,-1,-1,-1,-1,-1,-1,-1,-1,-1,-1,-1,-1,-1,-1,-1,-1,-1,-1,-1,-1,-1,-1,-1,-1
-1,-1,-1,-1,-1,-1,-1,-1,-1,-1,-1,-1,-1,-1,-1,-1,-1,-1,-1,-1,-1,-1,-1,0,0,0,0,0,0,0,-1,-1,-1,-1,-1,-1,-1,-1,-1,-1,-1,-1,-1,-1,-1,-1,-1,-1,-1,-1,-1,-1,-1,-1
-1,-1,-1,-1,-1,-1,-1,-1,-1,-1,-1,-1,-1,-1,-1,-1,-1,-1,-1,-1,-1,-1,-1,0,0,0,0,0,0,0,-1,-1,-1,-1,-1,-1,-1,-1,-1,-1,-1,-1,-1,-1,-1,-1,-1,-1,-1,-1,-1,-1,-1,-1
-1,-1,-1,-1,-1,-1,-1,-1,-1,-1,-1,-1,-1,-1,-1,-1,-1,-1,-1,-1,-1,-1,-1,0,1,1,1,1,1,0,-1,-1,-1,-1,-1,-1,-1,-1,-1,-1,-1,-1,-1,-1,-1,-1,-1,-1,-1,-1,-1,-1,-1,-1
-1,-1,-1,-1,-1,-1,-1,0,0,0,0,0,0,-1,-1,-1,-1,-1,-1,-1,-1,-1,-1,0,1,1,1,1,1,0,-1,-1,-1,-1,-1,-1,-1,-1,-1,-1,-1,-1,-1,-1,-1,-1,-1,-1,-1,-1,-1,-1,-1,-1
-1,-1,-1,-1,-1,-1,-1,0,0,0,0,0,0,-1,-1,-1,-1,-1,-1,-1,-1,-1,-1,0,1,1,1,1,1,0,-1,-1,-1,-1,-1,-1,-1,-1,-1,-1,-1,-1,-1,-1,-1,-1,-1,-1,-1,-1,-1,-1,-1,-1
-1,-1,-1,-1,-1,-1,-1,0,0,0,0,0,0,-1,-1,-1,-1,-1,-1,-1,-1,0,0,0,1,1,1,1,1,1,0,0,0,-1,-1,-1,-1,0,0,0,-1,-1,-1,-1,0,0,-1,-1,-1,-1,-1,-1,-1,-1
-1,-1,-1,-1,-1,-1,0,1,1,1,1,1,0,-1,-1,-1,-1,-1,0,0,0,1,1,1,1,1,1,1,1,1,1,1,1,0,0,0,0,0,-1,-1,0,-1,-1,0,-1,-1,0,-1,-1,0,-1,-1,-1,-1
-1,-1,-1,-1,-1,-1,0,1,1,1,1,1,0,0,0,0,0,0,1,1,1,1,1,1,1,1,1,1,1,1,1,1,1,1,1,1,0,0,-1,-1,-1,0,0,-1,-1,-1,-1,0,0,-1,-1,-1,-1,-1
-1,-1,-1,-1,-1,-1,0,1,1,1,1,0,0,1,1,1,1,1,1,1,1,1,1,1,1,1,1,1,1,1,1,1,1,1,1,1,1,1,0,-1,-1,-1,-1,-1,-1,-1,-1,-1,-1,-1,-1,-1,-1,-1
-1,-1,-1,-1,-1,0,1,1,1,1,0,1,1,1,1,1,1,1,1,2,2,2,2,2,2,2,1,1,1,1,1,1,1,1,1,1,1,1,0,-1,-1,-1,-1,-1,-1,-1,-1,-1,-1,-1,-1,-1,-1,-1
-1,-1,-1,-1,-1,0,1,1,0,0,1,1,1,1,1,1,2,2,2,2,2,2,2,2,2,2,2,2,2,2,1,1,1,1,1,1,1,1,1,0,-1,-1,-1,-1,-1,-1,-1,-1,-1,-1,-1,-1,-1,-1
-1,-1,-1,-1,-1,0,1,0,1,1,1,1,2,2,2,2,2,2,2,2,2,2,2,2,2,2,2,2,2,2,2,1,1,1,1,1,1,1,1,0,-1,-1,-1,-1,-1,-1,-1,-1,-1,-1,-1,-1,-1,-1
-1,-1,-1,-1,-1,0,0,1,1,1,1,2,2,2,2,2,2,2,2,2,2,2,2,2,2,2,2,2,2,2,2,2,1,1,1,1,1,1,1,0,-1,-1,-1,-1,-1,-1,-1,-1,-1,-1,-1,-1,-1,-1
-1,-1,-1,-1,-1,0,1,1,1,1,2,2,2,2,2,2,2,2,2,2,2,2,2,2,2,2,2,2,2,2,2,2,2,1,1,1,1,1,1,1,0,-1,-1,-1,-1,-1,-1,-1,-1,-1,-1,-1,-1,-1
-1,-1,-1,-1,0,1,1,1,1,2,2,2,2,2,2,2,2,2,2,2,2,2,2,2,2,2,2,2,2,2,2,2,2,2,1,1,1,1,1,1,0,-1,-1,-1,-1,-1,-1,-1,-1,-1,-1,-1,-1,-1
-1,-1,-1,0,1,1,1,1,2,2,2,2,2,2,2,2,2,2,2,2,2,2,2,2,2,2,2,2,2,2,2,2,2,2,1,1,1,1,1,1,1,0,-1,-1,-1,-1,-1,-1,-1,-1,-1,-1,-1,-1
-1,-1,-1,0,1,1,1,2,2,2,2,2,2,2,2,2,2,2,2,2,2,2,2,2,2,2,0,0,0,0,0,0,2,2,1,1,1,1,1,1,1,0,-1,-1,-1,-1,-1,-1,-1,-1,-1,-1,-1,-1
-1,-1,-1,0,1,1,2,2,2,2,2,2,2,2,2,2,2,2,2,2,2,2,2,2,2,2,0,1,1,1,1,0,0,0,1,1,1,1,1,1,1,1,0,-1,-1,-1,-1,-1,-1,-1,-1,-1,-1,-1
-1,-1,0,1,1,1,2,2,2,2,2,2,2,2,2,2,2,2,2,2,2,2,2,2,2,2,0,1,1,1,0,1,1,1,0,1,1,1,1,1,1,1,0,-1,-1,-1,-1,-1,-1,-1,-1,-1,-1,-1
-1,-1,0,1,1,1,2,2,2,2,2,2,2,2,2,2,2,2,2,2,2,2,2,2,2,2,0,1,1,1,0,1,1,1,1,0,1,1,1,1,1,1,0,-1,-1,-1,-1,-1,-1,-1,-1,-1,-1,-1
-1,-1,0,1,1,2,2,2,2,2,2,2,2,2,0,0,0,0,2,2,2,2,2,2,2,2,0,1,1,0,0,1,1,1,1,1,0,1,1,1,1,1,0,-1,-1,-1,-1,-1,-1,-1,-1,-1,-1,-1
-1,0,1,1,1,2,2,2,2,2,2,2,0,0,1,1,1,0,2,2,2,2,2,2,2,2,2,0,1,0,0,2,2,2,1,1,1,0,1,1,1,1,0,-1,-1,-1,-1,-1,-1,-1,-1,-1,-1,-1
-1,0,1,1,1,2,2,2,2,2,2,0,0,0,1,1,1,0,2,2,2,2,2,2,2,2,2,2,0,0,0,2,2,2,2,1,1,0,1,1,1,1,0,-1,-1,-1,-1,-1,-1,-1,-1,-1,-1,-1
-1,0,1,1,1,2,2,2,2,2,0,1,0,0,1,1,1,0,2,2,2,2,2,2,2,2,2,2,2,2,0,2,2,2,2,2,1,1,1,1,1,1,0,-1,-1,-1,-1,-1,-1,-1,-1,-1,-1,-1
-1,0,1,1,1,2,2,2,2,0,1,1,2,0,0,1,1,0,2,2,2,2,2,2,2,2,2,2,2,2,2,0,2,2,2,2,1,1,1,1,1,1,0,-1,-1,-1,-1,-1,-1,-1,-1,-1,-1,-1
-1,0,1,1,1,2,2,2,0,1,1,2,2,2,0,0,0,2,2,2,2,2,2,2,2,2,2,2,2,2,2,2,0,2,2,2,1,1,1,1,1,0,-1,-1,-1,-1,-1,-1,-1,-1,-1,-1,-1,-1
-1,0,1,1,1,1,2,0,1,1,2,2,2,2,0,0,2,2,2,2,2,2,2,2,2,2,2,2,2,2,2,2,2,0,2,2,1,1,1,1,1,0,-1,-1,-1,-1,-1,-1,-1,-1,-1,-1,-1,-1
-1,-1,0,1,1,1,2,0,1,2,2,2,2,2,2,0,2,2,2,2,2,2,2,2,2,2,2,2,2,2,2,2,2,2,2,2,1,1,1,1,1,0,-1,-1,-1,-1,-1,-1,-1,-1,-1,-1,-1,-1
-1,-1,0,1,1,1,0,1,1,2,2,2,2,2,0,2,2,2,2,2,2,2,2,2,2,2,2,2,2,2,2,2,2,2,2,2,1,1,1,1,1,0,-1,-1,-1,-1,-1,-1,-1,-1,-1,-1,-1,-1
-1,-1,0,1,1,0,1,1,2,2,2,2,2,0,2,2,2,2,2,2,2,2,2,2,2,2,2,2,2,2,2,2,2,2,2,1,1,1,1,1,0,-1,-1,-1,-1,-1,-1,-1,-1,-1,-1,-1,-1,-1
-1,-1,0,1,1,1,1,1,2,2,2,2,0,2,2,2,2,2,2,2,2,2,2,2,2,2,2,2,2,2,2,2,2,2,2,1,1,1,1,1,0,-1,-1,-1,-1,-1,-1,-1,-1,-1,-1,-1,-1,-1
-1,-1,-1,0,1,1,1,2,2,2,2,0,2,2,2,2,2,2,2,2,2,2,2,2,2,2,2,2,2,2,2,2,2,2,0,0,0,0,0,0,0,-1,-1,-1,-1,-1,-1,-1,-1,-1,-1,-1,-1,-1
-1,-1,-1,0,1,1,2,2,2,2,2,2,2,2,2,2,2,2,2,2,2,2,2,2,2,2,2,2,2,2,2,2,2,2,2,2,1,1,1,1,1,0,-1,-1,-1,-1,-1,-1,-1,-1,-1,-1,-1,-1
-1,-1,-1,-1,0,1,1,2,2,2,2,2,2,2,2,2,2,2,2,2,2,2,2,2,2,2,2,2,2,2,2,2,2,2,2,2,2,2,1,1,1,1,0,-1,-1,-1,-1,-1,-1,-1,-1,-1,-1,-1
-1,-1,-1,-1,-1,0,1,2,2,2,2,2,2,2,2,2,2,2,2,2,2,2,2,2,2,2,2,2,2,2,2,2,2,2,2,2,2,2,2,1,1,1,1,0,-1,-1,-1,-1,-1,-1,-1,-1,-1,-1
-1,-1,-1,-1,-1,-1,0,1,2,2,2,2,2,2,2,2,2,2,2,2,2,2,2,2,2,2,2,2,2,2,2,2,2,2,2,2,2,2,2,2,1,1,1,1,0,-1,-1,-1,-1,-1,-1,-1,-1,-1
-1,-1,-1,-1,-1,-1,-1,0,1,2,2,2,2,0,0,0,2,2,2,2,2,2,2,2,2,2,2,2,2,2,2,2,2,2,2,2,2,2,2,2,2,1,1,1,1,0,-1,-1,-1,-1,-1,-1,-1,-1
-1,-1,-1,-1,-1,-1,-1,0,1,1,2,2,0,2,2,2,2,2,2,2,2,2,2,2,2,2,2,2,2,2,2,2,2,2,2,2,2,2,2,2,2,2,1,1,1,0,-1,-1,-1,-1,-1,-1,-1,-1
-1,-1,-1,-1,-1,-1,-1,-1,0,1,0,0,2,2,2,2,2,2,2,2,2,2,2,2,2,2,2,2,2,2,2,2,2,2,2,2,2,2,2,2,2,2,1,1,1,1,0,-1,-1,-1,-1,-1,-1,-1
-1,-1,-1,-1,-1,-1,-1,-1,0,0,2,2,2,2,2,2,2,2,2,2,2,2,2,2,2,2,2,2,2,2,2,2,2,2,2,2,2,2,2,2,2,2,2,1,1,1,0,-1,-1,-1,-1,-1,-1,-1
-1,-1,-1,-1,-1,-1,-1,0,2,2,2,2,2,2,2,2,2,2,2,2,2,2,2,2,2,2,2,2,2,2,2,2,2,2,2,2,2,2,2,2,2,2,2,1,1,1,1,0,-1,-1,-1,-1,-1,-1
-1,-1,-1,-1,-1,-1,0,2,2,2,2,2,2,2,2,2,2,2,2,2,2,2,2,0,0,0,0,0,0,0,0,2,2,2,2,2,2,2,2,2,2,2,2,2,1,1,1,0,-1,-1,-1,-1,-1,-1
-1,-1,-1,-1,-1,-1,0,2,2,2,2,2,2,2,2,2,2,2,0,0,0,0,0,1,1,1,1,1,1,1,1,0,2,2,2,2,2,2,2,2,2,2,2,2,1,1,1,0,-1,-1,-1,-1,-1,-1
-1,-1,-1,-1,-1,0,2,2,2,2,2,2,2,2,2,2,2,0,1,1,1,1,1,1,1,1,0,0,1,1,1,0,2,2,2,2,2,2,2,2,2,2,2,2,1,1,1,0,-1,-1,-1,-1,-1,-1
-1,-1,-1,-1,-1,0,2,2,2,2,2,2,2,2,2,2,2,0,1,1,1,1,1,1,1,1,0,0,1,1,1,0,2,2,2,2,0,0,0,2,2,2,2,2,1,1,1,0,-1,-1,-1,-1,-1,-1
-1,-1,-1,-1,0,2,2,2,2,2,2,2,2,2,2,2,2,0,1,1,0,0,1,1,1,1,1,1,1,1,1,0,2,2,2,0,0,0,0,0,2,2,2,2,1,1,1,0,-1,-1,-1,-1,-1,-1
-1,-1,-1,-1,0,2,2,2,2,2,2,2,2,2,2,2,2,0,1,1,0,0,1,1,1,1,1,1,1,1,1,0,2,2,0,0,0,0,0,0,0,2,2,2,1,1,1,1,0,-1,-1,-1,-1,-1
-1,-1,-1,0,2,2,2,2,2,2,2,2,2,2,2,2,2,0,1,1,1,1,1,1,1,1,1,1,1,1,2,0,2,2,0,0,0,0,3,3,0,2,2,2,1,1,1,1,0,-1,-1,-1,-1,-1
-1,-1,-1,0,2,2,2,2,2,2,2,2,2,2,2,2,2,0,2,2,2,2,2,2,2,2,2,2,2,2,0,2,2,2,0,0,0,0,3,3,0,2,2,2,2,1,1,1,0,-1,-1,-1,-1,-1
-1,-1,-1,0,2,2,2,2,2,2,2,0,0,0,2,2,2,2,0,0,0,0,0,0,0,0,0,0,0,0,2,2,2,2,2,0,0,0,0,0,2,2,2,2,2,1,1,1,0,-1,-1,-1,-1,-1
-1,-1,-1,0,2,2,2,2,2,2,0,0,0,0,0,2,2,2,2,2,2,2,2,2,2,2,2,2,2,2,2,2,2,2,2,2,0,0,0,2,2,2,2,2,2,1,1,1,0,-1,-1,-1,-1,-1
-1,-1,-1,0,2,2,2,2,2,0,0,0,0,0,0,0,2,2,2,2,2,2,2,2,2,2,2,2,2,2,2,2,2,2,2,2,2,2,2,2,2,2,2,2,2,1,1,1,0,-1,-1,-1,-1,-1
-1,-1,-1,0,2,2,2,2,2,0,0,0,0,3,3,0,2,2,2,2,2,2,2,2,2,2,2,2,2,2,2,2,2,2,2,2,2,2,2,2,2,2,2,2,2,1,1,1,0,-1,-1,-1,-1,-1
-1,-1,-1,0,2,2,2,2,2,0,0,0,0,3,3,0,2,2,2,2,2,2,2,2,2,2,2,2,2,2,2,2,2,2,2,2,2,2,2,2,2,2,2,2,2,1,1,1,0,-1,-1,-1,-1,-1
-1,-1,-1,0,2,2,2,2,2,2,0,0,0,0,0,2,2,2,2,2,2,2,2,2,2,2,2,2,2,2,2,2,2,2,2,2,2,2,2,2,2,2,2,2,2,2,1,1,0,-1,-1,-1,-1,-1
-1,-1,-1,-1,0,2,2,2,2,2,2,0,0,0,2,2,2,2,2,2,2,2,2,2,2,2,2,2,2,2,2,2,2,2,2,2,2,2,2,2,2,2,2,2,2,2,1,1,0,-1,-1,-1,-1,-1
-1,-1,-1,-1,-1,0,2,2,2,2,2,2,2,2,2,2,2,2,2,2,2,2,2,2,2,2,2,2,2,2,2,2,2,2,2,2,2,2,2,2,2,2,2,2,2,1,1,1,0,0,0,-1,-1,-1
-1,-1,-1,-1,-1,-1,0,2,2,2,2,2,2,2,2,2,2,2,2,2,2,2,2,2,2,2,2,2,2,2,2,2,2,2,2,2,2,2,2,2,2,2,2,2,1,1,0,0,1,1,1,0,0,-1
-1,-1,-1,-1,-1,-1,0,2,2,2,2,2,2,2,2,2,2,2,2,2,2,2,2,2,2,2,2,2,2,2,2,2,2,2,2,2,2,2,2,2,2,2,2,1,1,0,1,1,1,1,1,1,1,0
-1,-1,-1,-1,-1,-1,0,2,2,2,2,2,2,2,2,2,2,2,2,2,2,2,2,2,2,2,2,2,2,2,2,2,2,2,2,2,2,2,2,2,2,2,1,1,0,1,1,1,1,1,1,1,1,0
-1,-1,-1,-1,-1,-1,-1,0,2,2,2,2,2,2,2,2,2,2,2,2,2,2,2,2,2,2,2,2,2,2,2,2,2,2,2,2,2,2,2,2,2,2,1,0,1,1,1,1,1,1,1,1,1,0
-1,-1,-1,-1,-1,-1,-1,0,2,2,2,2,2,2,2,2,2,2,2,2,2,2,2,2,2,2,2,2,2,2,2,2,2,2,2,2,2,2,2,2,2,2,0,1,1,1,2,2,2,2,2,2,2,0
-1,-1,-1,0,0,0,0,0,0,2,2,2,2,2,2,2,2,2,2,2,2,2,2,2,2,2,2,2,2,2,2,2,2,2,2,2,2,2,2,2,2,2,0,1,2,2,2,2,2,2,2,2,2,0
-1,-1,0,1,1,1,1,1,0,2,2,2,2,2,2,2,2,2,2,2,2,2,2,2,2,2,2,2,2,2,2,2,2,2,2,2,2,2,2,2,2,2,0,2,2,2,2,2,2,2,2,2,2,0
-1,0,1,1,1,1,1,1,1,0,2,2,2,2,2,2,2,2,2,2,2,2,2,2,2,2,2,2,2,2,2,2,2,2,2,2,2,2,2,2,2,2,0,2,2,2,2,2,2,2,2,2,2,0
0,1,1,1,1,1,1,1,1,1,0,2,2,2,2,2,2,2,2,2,2,2,2,2,2,2,2,2,2,2,2,2,2,2,2,2,2,2,2,2,2,0,2,2,2,2,2,2,2,2,2,2,0,-1
0,1,1,1,1,1,1,1,1,1,0,2,2,2,2,2,2,2,2,2,2,2,2,2,2,2,2,2,2,2,2,2,2,2,2,2,2,2,2,2,2,0,2,2,2,2,2,2,2,2,2,2,0,-1
0,1,1,1,1,1,1,1,1,1,1,0,2,2,2,2,2,2,2,2,2,2,2,2,2,2,2,2,2,2,2,2,2,2,2,2,2,2,2,2,2,0,2,2,2,2,2,2,2,2,2,0,-1,-1
0,1,2,2,2,2,2,2,1,1,1,1,0,2,2,2,2,2,2,2,2,2,2,2,2,2,2,2,2,2,2,2,2,2,2,2,2,2,2,2,0,2,2,2,2,2,2,2,2,2,2,0,-1,-1
0,1,2,2,2,2,2,2,2,2,1,1,1,0,2,2,2,2,2,2,2,2,2,2,2,2,2,2,2,2,2,2,2,2,2,2,2,2,2,2,0,2,2,2,2,2,2,2,2,2,0,-1,-1,-1
0,2,2,2,2,2,2,2,2,2,2,2,1,1,0,2,2,2,2,2,2,2,2,2,2,2,2,2,2,2,2,2,2,2,2,2,2,2,2,2,0,2,2,2,2,2,2,2,2,2,0,-1,-1,-1
0,2,2,2,2,2,2,2,2,2,2,2,2,2,2,0,2,2,2,2,2,2,2,2,2,2,2,2,2,2,2,2,2,2,2,0,0,0,0,0,0,0,2,2,2,2,2,2,2,0,-1,-1,-1,-1
-1,0,2,2,2,2,2,2,2,2,2,2,2,2,2,2,0,2,2,2,2,2,2,2,2,2,2,2,0,0,0,0,0,0,0,-1,-1,-1,-1,-1,-1,-1,0,0,0,2,2,2,0,-1,-1,-1,-1,-1
-1,-1,0,2,2,2,2,2,2,2,2,2,2,2,2,2,2,0,2,2,2,0,0,0,0,0,0,0,-1,-1,-1,-1,-1,-1,-1,-1,-1,-1,-1,-1,-1,-1,-1,-1,-1,0,0,0,-1,-1,-1,-1,-1,-1
-1,-1,-1,0,2,2,2,2,2,2,2,2,2,2,2,2,2,0,0,0,0,-1,-1,-1,-1,-1,-1,-1,-1,-1,-1,-1,-1,-1,-1,-1,-1,-1,-1,-1,-1,-1,-1,-1,-1,-1,-1,-1,-1,-1,-1,-1,-1,-1
-1,-1,-1,-1,0,2,2,2,2,2,2,2,2,2,2,2,0,-1,-1,-1,-1,-1,-1,-1,-1,-1,-1,-1,-1,-1,-1,-1,-1,-1,-1,-1,-1,-1,-1,-1,-1,-1,-1,-1,-1,-1,-1,-1,-1,-1,-1,-1,-1,-1
-1,-1,-1,-1,-1,0,2,2,2,2,2,2,2,2,2,0,-1,-1,-1,-1,-1,-1,-1,-1,-1,-1,-1,-1,-1,-1,-1,-1,-1,-1,-1,-1,-1,-1,-1,-1,-1,-1,-1,-1,-1,-1,-1,-1,-1,-1,-1,-1,-1,-1
-1,-1,-1,-1,-1,-1,0,2,2,2,2,2,2,2,0,-1,-1,-1,-1,-1,-1,-1,-1,-1,-1,-1,-1,-1,-1,-1,-1,-1,-1,-1,-1,-1,-1,-1,-1,-1,-1,-1,-1,-1,-1,-1,-1,-1,-1,-1,-1,-1,-1,-1
-1,-1,-1,-1,-1,-1,-1,0,0,0,0,0,0,0,-1,-1,-1,-1,-1,-1,-1,-1,-1,-1,-1,-1,-1,-1,-1,-1,-1,-1,-1,-1,-1,-1,-1,-1,-1,-1,-1,-1,-1,-1,-1,-1,-1,-1,-1,-1,-1,-1,-1,-1
0.4745098,0.07058824,0.3176471
0.9568628,0.6,0.8196079
1,0.8352942,0.937255
1,1,1
