68,79,
-1,-1,-1,-1,-1,-1,-1,-1,-1,-1,-1,-1,-1,-1,-1,-1,-1,-1,-1,-1,-1,-1,-1,-1,-1,-1,-1,-1,-1,-1,-1,0,0,0,0,0,0,-1,-1,-1,-1,-1,-1,-1,-1,-1,-1,-1,-1,-1,-1,-1,-1,-1,-1,-1,-1,-1,-1,-1,-1,-1,-1,-1,-1,-1,-1,-1
-1,-1,-1,-1,-1,-1,-1,-1,-1,-1,-1,-1,-1,-1,-1,-1,-1,-1,-1,-1,-1,-1,-1,-1,-1,-1,-1,-1,-1,-1,0,1,1,0,0,1,1,0,-1,-1,-1,-1,-1,-1,-1,-1,-1,-1,-1,-1,-1,-1,-1,-1,-1,-1,-1,-1,-1,-1,-1,-1,-1,-1,-1,-1,-1,-1
-1,-1,-1,-1,-1,-1,-1,-1,-1,-1,-1,-1,-1,-1,-1,-1,-1,-1,-1,-1,-1,-1,-1,-1,-1,-1,-1,-1,-1,0,1,1,1,0,0,1,1,1,0,-1,-1,-1,-1,-1,-1,-1,-1,-1,-1,-1,-1,-1,-1,-1,-1,-1,-1,-1,-1,-1,-1,-1,-1,-1,-1,-1,-1,-1
-1,-1,-1,-1,-1,-1,-1,-1,-1,-1,-1,-1,-1,-1,-1,-1,-1,-1,-1,-1,-1,-1,-1,-1,-1,-1,-1,-1,0,1,1,1,1,0,0,1,1,1,1,0,-1,-1,-1,-1,-1,-1,-1,-1,-1,-1,-1,-1,-1,-1,-1,-1,-1,-1,-1,-1,-1,-1,-1,-1,-1,-1,-1,-1
-1,-1,-1,-1,-1,-1,-1,-1,-1,-1,-1,-1,-1,-1,-1,-1,-1,-1,-1,-1,-1,-1,-1,-1,-1,-1,-1,-1,0,1,1,1,0,0,0,0,1,1,1,0,-1,-1,-1,-1,-1,-1,-1,-1,-1,-1,-1,-1,-1,-1,-1,-1,-1,-1,-1,-1,-1,-1,-1,-1,-1,-1,-1,-1
-1,-1,-1,-1,-1,-1,-1,-1,-1,-1,-1,-1,-1,-1,-1,-1,-1,-1,-1,-1,-1,-1,-1,-1,-1,-1,-1,-1,0,1,1,1,0,0,0,0,1,1,1,0,-1,-1,-1,-1,-1,-1,-1,-1,-1,-1,-1,-1,-1,-1,-1,-1,-1,-1,-1,-1,-1,-1,-1,-1,-1,-1,-1,-1
-1,-1,-1,-1,-1,-1,-1,-1,-1,-1,-1,-1,-1,-1,-1,-1,-1,-1,-1,-1,-1,-1,-1,-1,-1,-1,-1,-1,0,1,1,1,1,1,1,1,1,1,1,0,-1,-1,-1,-1,-1,-1,-1,-1,-1,-1,-1,-1,-1,-1,-1,-1,-1,-1,-1,-1,-1,-1,-1,-1,-1,-1,-1,-1
-1,-1,-1,-1,-1,-1,-1,-1,-1,-1,-1,-1,-1,-1,-1,-1,-1,-1,-1,-1,-1,-1,2,2,2,2,2,2,0,0,0,1,1,1,1,1,1,0,0,0,2,2,2,2,2,2,-1,-1,-1,-1,-1,-1,-1,-1,-1,-1,-1,-1,-1,-1,-1,-1,-1,-1,-1,-1,-1,-1
-1,-1,-1,-1,-1,-1,-1,-1,-1,-1,-1,-1,-1,-1,-1,-1,-1,-1,-1,-1,2,2,3,3,3,3,3,3,0,1,1,1,4,4,1,1,1,1,1,0,3,3,3,3,3,3,2,2,-1,-1,-1,-1,-1,-1,-1,-1,-1,-1,-1,-1,-1,-1,-1,-1,-1,-1,-1,-1
-1,-1,-1,-1,-1,-1,-1,-1,-1,-1,-1,-1,-1,-1,-1,-1,-1,-1,-1,2,3,3,5,5,5,5,5,5,0,1,1,1,4,4,1,1,1,1,1,0,5,5,5,5,5,5,3,3,2,-1,-1,-1,-1,-1,-1,-1,-1,-1,-1,-1,-1,-1,-1,-1,-1,-1,-1,-1
-1,-1,-1,-1,-1,-1,-1,-1,-1,-1,-1,-1,-1,-1,-1,-1,2,2,2,3,5,5,5,5,5,5,5,5,2,0,1,1,1,1,1,1,1,1,0,2,5,5,5,5,5,5,5,5,3,2,2,2,-1,-1,-1,-1,-1,-1,-1,-1,-1,-1,-1,-1,-1,-1,-1,-1
-1,-1,-1,-1,-1,-1,-1,-1,-1,-1,-1,-1,-1,-1,-1,2,3,3,3,5,5,5,5,5,5,2,2,2,6,6,0,0,1,1,1,1,0,0,6,6,2,2,2,5,5,5,5,5,5,3,3,3,2,-1,-1,-1,-1,-1,-1,-1,-1,-1,-1,-1,-1,-1,-1,-1
-1,-1,-1,-1,-1,-1,-1,-1,-1,-1,-1,2,2,2,2,3,3,5,5,5,5,2,2,2,2,6,6,6,6,6,6,6,0,0,0,0,6,6,6,6,6,6,6,2,2,2,2,5,5,5,5,3,3,2,2,2,2,-1,-1,-1,-1,-1,-1,-1,-1,-1,-1,-1
-1,-1,-1,-1,-1,-1,-1,-1,-1,-1,2,3,3,3,3,3,3,5,5,5,2,6,6,6,6,6,6,6,6,6,6,6,6,6,6,6,6,6,6,6,6,6,6,6,6,6,6,2,5,5,5,3,3,3,3,3,3,2,-1,-1,-1,-1,-1,-1,-1,-1,-1,-1
-1,-1,-1,-1,-1,-1,-1,-1,-1,-1,2,3,3,3,3,3,2,2,2,2,6,6,6,6,6,7,7,7,7,7,7,7,7,7,7,7,7,7,7,7,7,7,7,6,6,6,6,6,2,2,2,2,3,3,3,3,3,2,-1,-1,-1,-1,-1,-1,-1,-1,-1,-1
-1,-1,-1,-1,-1,-1,-1,-1,-1,-1,2,3,3,3,3,2,6,6,6,6,7,7,7,7,7,7,7,7,7,7,7,7,7,7,7,7,7,7,7,7,7,7,7,7,7,7,7,7,6,6,6,6,2,3,3,3,3,2,-1,-1,-1,-1,-1,-1,-1,-1,-1,-1
-1,-1,-1,-1,-1,-1,-1,-1,-1,-1,2,2,2,2,2,6,6,7,7,7,7,7,7,7,7,7,7,7,7,7,7,7,7,7,7,7,7,7,7,7,7,7,7,7,7,7,7,7,7,7,7,6,6,2,2,2,2,2,-1,-1,-1,-1,-1,-1,-1,-1,-1,-1
-1,-1,-1,-1,-1,-1,-1,-1,2,2,2,6,6,6,6,7,7,7,7,7,7,7,7,7,7,7,7,7,7,7,7,7,7,7,7,7,7,7,7,7,7,7,7,7,7,7,7,7,7,7,7,7,7,6,6,6,6,2,2,2,-1,-1,-1,-1,-1,-1,-1,-1
-1,-1,-1,-1,-1,-1,-1,2,6,6,6,7,7,7,7,7,7,7,7,7,7,7,7,7,7,7,7,7,7,7,7,7,7,7,7,7,7,7,7,7,7,7,7,7,7,7,7,7,7,7,7,7,7,7,7,7,7,6,6,6,2,-1,-1,-1,-1,-1,-1,-1
-1,-1,-1,-1,-1,-1,2,6,7,7,7,7,7,5,5,5,5,5,7,7,7,7,7,7,7,7,7,7,7,7,7,7,7,7,7,7,7,7,7,7,7,7,7,7,7,7,7,7,7,7,5,5,5,5,5,7,7,7,7,7,6,2,-1,-1,-1,-1,-1,-1
-1,-1,-1,-1,-1,2,6,7,7,7,7,7,5,5,5,5,5,5,5,7,7,7,7,7,7,7,7,7,7,7,7,7,7,7,7,7,7,7,7,7,7,7,7,7,7,7,7,7,7,5,5,5,5,5,5,5,7,7,7,7,7,6,2,-1,-1,-1,-1,-1
-1,-1,-1,-1,2,7,7,7,7,7,5,5,5,5,7,7,7,5,5,5,5,7,7,7,7,7,7,7,7,7,7,7,7,7,7,7,7,7,7,7,7,7,7,7,7,7,7,5,5,5,5,7,7,7,5,5,5,5,7,7,7,7,7,2,-1,-1,-1,-1
-1,-1,-1,-1,2,7,7,7,5,5,5,7,7,7,7,7,7,7,7,7,7,7,7,7,7,7,7,7,7,7,2,2,7,7,7,7,2,2,7,7,7,7,7,7,7,7,7,7,7,7,7,7,7,7,7,7,7,5,5,5,7,7,7,2,-1,-1,-1,-1
-1,-1,-1,2,7,7,7,5,5,5,7,7,7,7,7,7,7,7,7,7,7,7,7,7,7,7,7,7,7,2,2,2,2,7,7,2,2,2,2,7,7,7,7,7,7,7,7,7,7,7,7,7,7,7,7,7,7,7,5,5,5,7,7,7,2,-1,-1,-1
-1,-1,2,7,7,7,5,5,5,7,7,7,7,7,7,7,7,7,7,7,7,7,7,7,7,7,7,7,2,7,7,7,2,2,2,2,7,7,7,2,7,7,7,7,7,7,7,7,7,7,7,7,7,7,7,7,7,7,7,5,5,5,7,7,7,2,-1,-1
-1,2,7,7,7,5,5,5,7,7,7,7,7,5,5,5,5,7,7,7,7,7,7,7,7,7,7,7,7,7,7,7,7,2,2,7,7,7,7,7,7,7,7,7,7,7,7,7,7,7,7,5,5,5,5,7,7,7,7,7,5,5,5,7,7,7,2,-1
2,7,7,7,7,7,7,7,7,7,5,5,5,5,5,5,5,5,5,5,5,7,7,7,7,7,7,7,7,7,7,2,2,2,2,2,2,7,7,7,7,7,7,7,7,7,7,5,5,5,5,5,5,5,5,5,5,5,7,7,7,7,7,7,7,7,7,2
2,7,7,7,7,7,7,7,7,7,5,5,5,5,5,5,5,5,5,5,5,5,7,7,7,7,7,7,7,7,7,2,2,2,2,2,2,7,7,7,7,7,7,7,7,7,5,5,5,5,5,5,5,5,5,5,5,5,7,7,7,7,7,7,7,7,7,2
2,7,7,7,7,7,7,7,5,5,5,5,5,5,5,5,7,7,7,7,7,7,7,2,2,2,7,7,7,7,7,7,7,7,7,7,7,7,7,7,7,7,2,2,2,7,7,7,7,7,7,7,5,5,5,5,5,5,5,5,7,7,7,7,7,7,7,2
2,7,7,7,7,7,7,7,5,5,5,5,5,5,5,7,7,7,7,7,7,7,2,2,2,2,7,7,7,7,7,7,7,7,7,7,7,7,7,7,7,7,2,2,2,2,7,7,7,7,7,7,7,5,5,5,5,5,5,5,7,7,7,7,7,7,7,2
-1,2,7,7,7,7,7,7,5,5,5,5,5,7,7,7,2,2,2,2,2,2,2,2,7,7,7,7,7,7,7,7,7,7,7,7,7,7,7,7,7,7,7,7,2,2,2,2,2,2,2,2,7,7,7,5,5,5,5,5,7,7,7,7,7,7,2,-1
-1,2,7,7,7,7,7,7,5,5,5,5,7,7,7,7,2,2,2,2,2,2,2,2,7,7,7,7,7,7,7,7,7,7,7,7,7,7,7,7,7,7,7,7,2,2,2,2,2,2,2,2,7,7,7,7,5,5,5,5,7,7,7,7,7,7,2,-1
-1,2,7,7,7,7,7,7,5,5,5,5,7,7,7,7,7,2,2,2,2,2,2,7,7,7,7,7,7,7,7,7,7,7,7,7,7,7,7,7,7,7,7,7,7,2,2,2,2,2,2,7,7,7,7,7,5,5,5,5,7,7,7,7,7,7,2,-1
-1,2,7,7,7,7,7,7,7,7,5,5,7,7,7,7,7,7,7,7,7,7,7,7,7,7,7,7,7,7,7,7,7,7,7,7,7,7,7,7,7,7,7,7,7,7,7,7,7,7,7,7,7,7,7,7,5,5,7,7,7,7,7,7,7,7,2,-1
-1,-1,2,7,7,7,7,7,7,7,7,7,7,7,7,7,7,7,7,7,7,7,7,7,7,7,7,7,7,7,7,7,7,7,7,7,7,7,7,7,7,7,7,7,7,7,7,7,7,7,7,7,7,7,7,7,7,7,7,7,7,7,7,7,7,2,-1,-1
-1,-1,-1,2,7,7,7,7,7,7,7,7,7,7,7,7,7,7,7,7,7,7,7,7,7,5,5,5,7,7,7,7,7,5,5,7,7,7,7,7,5,5,5,7,7,7,7,7,7,7,7,7,7,7,7,7,7,7,7,7,7,7,7,7,2,-1,-1,-1
-1,-1,-1,-1,2,7,7,7,7,7,7,7,7,7,7,7,7,7,7,7,7,7,7,7,5,5,5,5,7,7,7,7,7,5,5,7,7,7,7,7,5,5,5,5,7,7,7,7,7,7,7,7,7,7,7,7,7,7,7,7,7,7,7,2,-1,-1,-1,-1
-1,-1,-1,-1,-1,2,7,7,7,7,7,7,7,7,7,7,7,7,7,7,7,7,7,7,5,5,5,5,5,5,7,7,7,5,5,7,7,7,5,5,5,5,5,5,7,7,7,7,7,7,7,7,7,7,7,7,7,7,7,7,7,7,2,-1,-1,-1,-1,-1
-1,-1,-1,-1,-1,2,7,7,7,7,7,7,7,7,7,7,7,7,7,7,7,7,7,7,7,5,5,5,5,5,7,7,7,5,5,7,7,7,5,5,5,5,5,7,7,7,7,7,7,7,7,7,7,7,7,7,7,7,7,7,7,7,2,-1,-1,-1,-1,-1
-1,-1,-1,-1,-1,2,7,7,7,7,7,7,7,7,7,7,7,7,7,7,7,7,7,7,7,5,5,5,5,5,7,7,7,5,5,7,7,7,5,5,5,5,5,7,7,7,7,7,7,7,7,7,7,7,7,7,7,7,7,7,7,7,2,-1,-1,-1,-1,-1
-1,-1,-1,-1,-1,2,7,7,7,7,7,7,7,7,7,7,7,7,7,7,7,7,7,7,7,7,5,5,5,5,7,7,5,5,5,5,7,7,5,5,5,5,7,7,7,7,7,7,7,7,7,7,7,7,7,7,7,7,7,7,7,7,2,-1,-1,-1,-1,-1
-1,-1,-1,-1,-1,2,7,7,7,7,7,7,7,7,7,7,7,7,7,7,7,7,7,7,7,7,5,5,5,7,7,5,5,5,5,5,5,7,7,5,5,5,7,7,7,7,7,7,7,7,7,7,7,7,7,7,7,7,7,7,7,7,2,-1,-1,-1,-1,-1
-1,-1,-1,-1,-1,-1,2,7,7,7,7,7,7,7,7,7,7,7,7,7,7,7,7,7,7,7,7,7,7,7,7,5,5,5,5,5,5,7,7,7,7,7,7,7,7,7,7,7,7,7,7,7,7,7,7,7,7,7,7,7,7,2,-1,-1,-1,-1,-1,-1
-1,-1,-1,-1,-1,-1,-1,2,7,7,7,7,7,7,7,7,7,7,7,7,7,7,7,7,7,7,7,7,7,7,7,5,5,5,5,5,5,7,7,7,7,7,7,7,7,7,7,7,7,7,7,7,7,7,7,7,7,7,7,7,2,-1,-1,-1,-1,-1,-1,-1
-1,-1,-1,-1,-1,-1,-1,2,7,7,7,7,7,7,7,7,7,7,7,7,7,7,7,7,7,7,7,7,7,7,7,5,5,5,5,5,5,7,7,7,7,7,7,7,7,7,7,7,7,7,7,7,7,7,7,7,7,7,7,7,2,-1,-1,-1,-1,-1,-1,-1
-1,-1,-1,-1,-1,-1,-1,2,7,7,7,7,7,7,7,7,7,7,7,7,7,7,7,7,7,7,7,7,7,7,7,7,5,5,5,5,7,7,7,7,7,7,7,7,7,7,7,7,7,7,7,7,7,7,7,7,7,7,7,7,2,-1,-1,-1,-1,-1,-1,-1
-1,-1,-1,-1,-1,-1,-1,2,7,7,7,7,7,7,7,7,7,7,7,7,7,7,7,7,7,7,7,7,7,7,7,7,7,5,5,7,7,7,7,7,7,7,7,7,7,7,7,7,7,7,7,7,7,7,7,7,7,7,7,7,2,-1,-1,-1,-1,-1,-1,-1
-1,-1,-1,-1,-1,-1,-1,2,7,7,7,7,7,7,7,7,7,7,7,7,7,7,7,7,7,7,7,7,7,7,7,7,7,7,7,7,7,7,7,7,7,7,7,7,7,7,7,7,7,7,7,7,7,7,7,7,7,7,7,7,2,-1,-1,-1,-1,-1,-1,-1
-1,-1,-1,-1,-1,-1,-1,2,7,7,7,7,7,7,7,7,7,7,7,7,7,7,7,7,7,7,7,7,7,7,7,7,7,7,7,7,7,7,7,7,7,7,7,7,7,7,7,7,7,7,7,7,7,7,7,7,7,7,7,7,2,-1,-1,-1,-1,-1,-1,-1
-1,-1,-1,-1,-1,-1,-1,2,7,7,7,7,7,7,7,7,7,7,7,7,7,7,7,7,7,7,7,7,7,7,7,7,7,7,7,7,7,7,7,7,7,7,7,7,7,7,7,7,7,7,7,7,7,7,7,7,7,7,7,7,2,-1,-1,-1,-1,-1,-1,-1
-1,-1,-1,-1,-1,-1,-1,2,7,7,7,7,7,7,7,7,7,7,7,7,7,7,7,7,7,7,7,7,7,7,7,7,7,7,7,7,7,7,7,7,7,7,7,7,7,7,7,7,7,7,7,7,7,7,7,7,7,7,7,7,2,-1,-1,-1,-1,-1,-1,-1
-1,-1,-1,-1,-1,-1,-1,2,7,7,7,7,7,7,7,7,7,7,7,7,7,7,7,7,7,7,7,7,7,7,7,7,7,7,7,7,7,7,7,7,7,7,7,7,7,7,7,7,7,7,7,7,7,7,7,7,7,7,7,7,2,-1,-1,-1,-1,-1,-1,-1
-1,-1,-1,-1,-1,-1,-1,2,7,7,7,7,7,7,7,7,7,7,7,7,7,7,7,7,7,7,7,7,7,7,7,7,7,7,7,7,7,7,7,7,7,7,7,7,7,7,7,7,7,7,7,7,7,7,7,7,7,7,7,7,2,-1,-1,-1,-1,-1,-1,-1
-1,-1,-1,-1,-1,-1,-1,2,7,7,7,7,7,7,2,6,7,7,7,7,7,7,7,7,7,7,7,7,7,7,7,7,7,7,7,7,7,7,7,7,7,7,7,7,7,7,7,7,7,7,7,6,6,2,7,7,7,7,7,7,2,-1,-1,-1,-1,-1,-1,-1
-1,-1,-1,-1,-1,-1,-1,2,7,7,7,7,7,7,2,6,7,7,7,7,7,7,7,7,7,7,7,7,7,7,7,7,7,7,7,7,7,7,7,7,7,7,7,7,7,7,7,7,7,7,7,6,6,2,7,7,7,7,7,7,2,-1,-1,-1,-1,-1,-1,-1
-1,-1,-1,-1,-1,-1,-1,2,7,7,7,7,7,7,2,6,7,7,7,7,7,7,7,2,7,7,7,7,7,7,7,2,2,2,2,2,2,7,7,7,7,7,7,7,2,7,7,7,7,7,7,6,6,2,7,7,7,7,7,7,2,-1,-1,-1,-1,-1,-1,-1
-1,-1,-1,-1,-1,-1,-1,2,7,7,7,7,7,7,2,6,6,7,7,7,7,7,2,7,7,7,7,7,7,7,2,-1,-1,-1,-1,-1,-1,2,7,7,7,7,7,7,7,2,7,7,7,7,6,6,6,2,7,7,7,7,7,7,2,-1,-1,-1,-1,-1,-1,-1
-1,-1,-1,-1,-1,-1,-1,2,7,7,7,7,7,7,2,6,6,6,7,7,7,7,2,7,7,7,7,7,7,7,2,-1,-1,-1,-1,-1,-1,2,7,7,7,7,7,7,7,2,7,7,7,6,6,6,6,2,7,7,7,7,7,7,2,-1,-1,-1,-1,-1,-1,-1
-1,-1,-1,-1,-1,-1,-1,2,7,7,7,7,5,5,5,2,6,6,7,7,6,2,7,7,7,7,7,7,7,2,-1,-1,-1,-1,-1,-1,-1,-1,2,7,7,7,7,7,7,7,2,6,7,6,6,6,2,5,5,7,7,7,7,7,2,-1,-1,-1,-1,-1,-1,-1
-1,-1,-1,-1,-1,-1,-1,2,7,7,7,7,5,5,5,5,2,6,7,6,6,2,7,7,7,7,7,7,7,2,-1,-1,-1,-1,-1,-1,-1,-1,2,7,7,7,7,7,7,7,2,6,6,6,6,2,5,5,5,5,7,7,7,7,2,-1,-1,-1,-1,-1,-1,-1
-1,-1,-1,-1,-1,-1,-1,-1,2,7,7,7,5,5,5,5,2,6,6,6,2,7,7,7,7,7,7,7,7,2,-1,-1,-1,-1,-1,-1,-1,-1,2,7,7,7,7,7,7,7,7,2,6,6,6,2,5,5,5,5,7,7,7,2,-1,-1,-1,-1,-1,-1,-1,-1
-1,-1,-1,-1,-1,-1,-1,-1,2,7,7,7,5,5,5,5,2,6,6,2,7,7,7,7,7,7,7,7,2,-1,-1,-1,-1,-1,-1,-1,-1,-1,-1,2,7,7,7,7,7,7,7,7,2,6,6,2,5,5,5,5,7,7,7,2,-1,-1,-1,-1,-1,-1,-1,-1
-1,-1,-1,-1,-1,-1,-1,-1,2,7,7,7,2,5,5,5,5,2,2,7,7,7,7,7,7,7,7,2,-1,-1,-1,-1,-1,-1,-1,-1,-1,-1,-1,-1,2,7,7,7,7,7,7,7,7,2,2,5,5,5,5,2,7,7,7,2,-1,-1,-1,-1,-1,-1,-1,-1
-1,-1,-1,-1,-1,-1,-1,-1,2,7,7,7,2,2,5,5,5,5,5,7,7,7,7,7,7,7,7,2,-1,-1,-1,-1,-1,-1,-1,-1,-1,-1,-1,-1,2,7,7,7,7,7,7,7,7,5,5,5,5,5,2,2,7,7,7,2,-1,-1,-1,-1,-1,-1,-1,-1
-1,-1,-1,-1,-1,-1,-1,-1,-1,2,7,7,2,2,5,5,5,5,5,7,7,7,7,7,7,7,2,-1,-1,-1,-1,-1,-1,-1,-1,-1,-1,-1,-1,-1,-1,2,7,7,7,7,7,7,7,5,5,5,5,5,2,2,7,7,2,-1,-1,-1,-1,-1,-1,-1,-1,-1
-1,-1,-1,-1,-1,-1,-1,-1,-1,2,2,2,2,2,5,5,5,5,5,7,7,7,7,7,7,2,-1,-1,-1,-1,-1,-1,-1,-1,-1,-1,-1,-1,-1,-1,-1,-1,2,7,7,7,7,7,7,5,5,5,5,5,2,2,2,2,2,-1,-1,-1,-1,-1,-1,-1,-1,-1
-1,-1,-1,-1,-1,-1,-1,-1,-1,-1,2,2,2,2,5,5,5,5,5,7,7,7,7,7,7,2,-1,-1,-1,-1,-1,-1,-1,-1,-1,-1,-1,-1,-1,-1,-1,-1,2,7,7,7,7,7,7,5,5,5,5,5,2,2,2,2,-1,-1,-1,-1,-1,-1,-1,-1,-1,-1
-1,-1,-1,-1,-1,-1,-1,-1,-1,-1,2,2,2,2,5,5,5,5,5,2,2,7,7,7,7,2,-1,-1,-1,-1,-1,-1,-1,-1,-1,-1,-1,-1,-1,-1,-1,-1,2,7,7,7,7,2,2,5,5,5,5,5,2,2,2,2,-1,-1,-1,-1,-1,-1,-1,-1,-1,-1
-1,-1,-1,-1,-1,-1,-1,-1,-1,-1,2,2,2,2,5,5,5,5,5,2,2,7,7,7,7,2,-1,-1,-1,-1,-1,-1,-1,-1,-1,-1,-1,-1,-1,-1,-1,-1,2,7,7,7,7,2,2,5,5,5,5,5,2,2,2,2,-1,-1,-1,-1,-1,-1,-1,-1,-1,-1
-1,-1,-1,-1,-1,-1,-1,-1,-1,-1,2,2,2,2,2,5,5,2,2,2,2,2,2,2,2,-1,-1,-1,-1,-1,-1,-1,-1,-1,-1,-1,-1,-1,-1,-1,-1,-1,-1,2,2,2,2,2,2,2,2,5,5,2,2,2,2,2,-1,-1,-1,-1,-1,-1,-1,-1,-1,-1
-1,-1,-1,-1,-1,-1,-1,-1,-1,-1,2,2,2,2,2,2,2,2,2,2,2,2,2,2,-1,-1,-1,-1,-1,-1,-1,-1,-1,-1,-1,-1,-1,-1,-1,-1,-1,-1,-1,-1,2,2,2,2,2,2,2,2,2,2,2,2,2,2,-1,-1,-1,-1,-1,-1,-1,-1,-1,-1
-1,-1,-1,-1,-1,-1,-1,-1,-1,-1,2,2,2,2,2,2,2,2,2,2,2,2,2,-1,-1,-1,-1,-1,-1,-1,-1,-1,-1,-1,-1,-1,-1,-1,-1,-1,-1,-1,-1,-1,-1,2,2,2,2,2,2,2,2,2,2,2,2,2,-1,-1,-1,-1,-1,-1,-1,-1,-1,-1
-1,-1,-1,-1,-1,-1,-1,-1,-1,-1,-1,2,2,2,2,2,2,2,2,2,2,2,2,-1,-1,-1,-1,-1,-1,-1,-1,-1,-1,-1,-1,-1,-1,-1,-1,-1,-1,-1,-1,-1,-1,2,2,2,2,2,2,2,2,2,2,2,2,-1,-1,-1,-1,-1,-1,-1,-1,-1,-1,-1
-1,-1,-1,-1,-1,-1,-1,-1,-1,-1,-1,-1,2,2,2,2,2,2,2,2,2,2,-1,-1,-1,-1,-1,-1,-1,-1,-1,-1,-1,-1,-1,-1,-1,-1,-1,-1,-1,-1,-1,-1,-1,-1,2,2,2,2,2,2,2,2,2,2,-1,-1,-1,-1,-1,-1,-1,-1,-1,-1,-1,-1
-1,-1,-1,-1,-1,-1,-1,-1,-1,-1,-1,-1,2,2,2,2,2,2,2,2,2,-1,-1,-1,-1,-1,-1,-1,-1,-1,-1,-1,-1,-1,-1,-1,-1,-1,-1,-1,-1,-1,-1,-1,-1,-1,-1,2,2,2,2,2,2,2,2,2,-1,-1,-1,-1,-1,-1,-1,-1,-1,-1,-1,-1
-1,-1,-1,-1,-1,-1,-1,-1,-1,-1,-1,-1,2,2,2,2,2,2,2,2,2,-1,-1,-1,-1,-1,-1,-1,-1,-1,-1,-1,-1,-1,-1,-1,-1,-1,-1,-1,-1,-1,-1,-1,-1,-1,-1,2,2,2,2,2,2,2,2,2,-1,-1,-1,-1,-1,-1,-1,-1,-1,-1,-1,-1
-1,-1,-1,-1,-1,-1,-1,-1,-1,-1,-1,-1,-1,2,2,2,2,2,2,2,2,-1,-1,-1,-1,-1,-1,-1,-1,-1,-1,-1,-1,-1,-1,-1,-1,-1,-1,-1,-1,-1,-1,-1,-1,-1,-1,2,2,2,2,2,2,2,2,-1,-1,-1,-1,-1,-1,-1,-1,-1,-1,-1,-1,-1
-1,-1,-1,-1,-1,-1,-1,-1,-1,-1,-1,-1,-1,-1,2,2,2,2,2,2,-1,-1,-1,-1,-1,-1,-1,-1,-1,-1,-1,-1,-1,-1,-1,-1,-1,-1,-1,-1,-1,-1,-1,-1,-1,-1,-1,-1,2,2,2,2,2,2,-1,-1,-1,-1,-1,-1,-1,-1,-1,-1,-1,-1,-1,-1
-1,-1,-1,-1,-1,-1,-1,-1,-1,-1,-1,-1,-1,-1,-1,2,2,2,2,-1,-1,-1,-1,-1,-1,-1,-1,-1,-1,-1,-1,-1,-1,-1,-1,-1,-1,-1,-1,-1,-1,-1,-1,-1,-1,-1,-1,-1,-1,2,2,2,2,-1,-1,-1,-1,-1,-1,-1,-1,-1,-1,-1,-1,-1,-1,-1
0.2627451,0.2627451,0.2627451
0.7137255,0.7137255,0.7137255
0.08235294,0.08235294,0.08235294
0.3921569,0.3921569,0.3921569
0.9607844,0.9607844,0.9607844
0.5764706,0.5764706,0.5764706
0.854902,0.854902,0.854902
0.9529412,0.9529412,0.9529412
