64,80,
-1,-1,-1,-1,-1,-1,-1,-1,-1,-1,-1,-1,-1,-1,-1,-1,-1,-1,-1,-1,-1,-1,-1,-1,-1,-1,-1,-1,-1,-1,-1,0,0,0,0,0,0,0,-1,-1,-1,-1,-1,-1,-1,-1,-1,-1,-1,-1,-1,-1,-1,-1,-1,-1,-1,-1,-1,-1,-1,-1,-1,-1
-1,-1,-1,-1,-1,-1,-1,-1,-1,-1,-1,-1,-1,-1,-1,-1,-1,-1,-1,-1,-1,-1,0,0,0,0,0,0,0,-1,0,1,1,0,1,1,0,2,0,-1,-1,-1,-1,-1,-1,-1,-1,-1,-1,-1,-1,-1,-1,-1,-1,-1,-1,-1,-1,-1,-1,-1,-1,-1
-1,-1,-1,-1,-1,-1,-1,-1,-1,-1,-1,-1,-1,-1,-1,-1,-1,-1,-1,0,0,0,1,1,1,0,1,0,1,0,1,1,1,0,1,1,0,1,0,0,0,0,0,0,0,0,0,0,-1,-1,-1,-1,-1,-1,-1,-1,-1,-1,-1,-1,-1,-1,-1,-1
-1,-1,-1,-1,-1,-1,-1,-1,-1,-1,-1,-1,-1,-1,-1,-1,0,0,0,1,1,1,1,1,1,0,1,0,1,0,1,1,1,2,2,2,2,1,0,1,1,1,1,1,0,1,0,1,0,-1,-1,-1,-1,-1,-1,-1,-1,-1,-1,-1,-1,-1,-1,-1
-1,-1,-1,-1,-1,-1,-1,-1,-1,-1,0,0,0,0,-1,0,3,3,1,1,1,1,2,2,2,2,2,2,2,0,1,2,2,2,2,2,2,2,0,1,1,1,1,1,0,1,0,1,1,0,-1,-1,-1,-1,-1,-1,-1,-1,-1,-1,-1,-1,-1,-1
-1,-1,-1,-1,-1,-1,-1,0,0,0,3,3,3,3,0,3,3,3,1,2,2,2,2,2,2,2,2,2,2,0,2,2,2,2,2,2,2,2,0,1,1,2,2,2,2,2,2,1,1,0,-1,-1,-1,-1,-1,-1,-1,-1,-1,-1,-1,-1,-1,-1
-1,-1,-1,-1,-1,-1,0,3,3,3,3,3,3,0,3,3,3,4,2,2,2,2,2,2,2,2,2,2,0,2,2,2,2,2,2,2,2,2,0,1,2,2,2,2,2,2,2,2,2,0,-1,-1,-1,-1,-1,-1,-1,-1,-1,-1,-1,-1,-1,-1
-1,-1,-1,-1,-1,0,3,3,3,3,3,3,3,0,3,3,4,4,2,2,2,2,2,2,2,2,2,0,2,2,2,2,2,2,2,2,2,0,1,2,2,2,2,2,2,2,2,2,2,0,-1,-1,-1,-1,-1,-1,-1,-1,-1,-1,-1,-1,-1,-1
-1,-1,-1,-1,0,3,3,4,3,3,3,3,3,0,3,4,4,4,2,2,2,2,2,2,2,2,2,0,2,2,2,2,2,2,2,2,2,0,1,2,2,2,2,2,2,2,2,2,0,-1,-1,-1,-1,-1,-1,-1,-1,-1,-1,-1,-1,-1,-1,-1
-1,-1,-1,0,4,4,4,4,4,3,3,3,0,4,4,4,4,4,2,2,2,2,2,2,2,2,0,2,2,2,2,2,2,2,2,2,2,0,1,2,2,2,2,2,2,2,2,0,-1,-1,-1,-1,-1,-1,-1,-1,-1,-1,-1,-1,-1,-1,-1,-1
-1,-1,0,5,5,5,5,5,5,6,6,3,0,4,4,4,4,4,2,2,2,2,2,2,2,0,2,2,2,2,2,2,2,2,2,2,2,0,1,2,2,2,2,2,2,2,2,2,0,-1,-1,-1,-1,-1,-1,-1,-1,-1,-1,-1,-1,-1,-1,-1
-1,-1,0,5,5,5,5,5,5,6,6,6,0,4,4,4,4,4,4,2,2,2,2,2,0,2,2,2,2,2,2,2,2,2,2,2,2,0,1,2,2,2,2,2,2,2,2,2,0,-1,-1,-1,-1,-1,-1,-1,-1,-1,-1,-1,-1,-1,-1,-1
-1,0,5,4,4,4,4,4,4,3,6,0,4,4,4,4,4,4,4,2,2,2,2,2,0,2,2,2,2,2,2,2,2,2,2,2,0,1,0,2,2,2,2,2,2,2,2,2,0,-1,-1,-1,-1,-1,-1,-1,-1,-1,-1,-1,-1,-1,-1,-1
-1,0,4,4,4,4,4,4,4,3,3,0,4,4,4,4,4,4,4,4,2,2,2,2,2,2,2,2,2,2,2,2,2,2,2,2,0,1,0,2,2,2,2,2,2,2,2,2,0,-1,-1,-1,-1,-1,-1,-1,-1,-1,-1,-1,-1,-1,-1,-1
-1,0,4,4,4,5,5,5,4,3,0,0,4,5,5,5,5,5,5,4,4,2,2,2,2,2,2,2,2,2,2,2,2,2,2,0,1,1,1,0,2,2,2,2,2,2,2,2,2,0,-1,-1,-1,-1,-1,-1,-1,-1,-1,-1,-1,-1,-1,-1
-1,0,4,5,5,5,5,5,5,0,-1,0,5,5,5,5,5,5,5,4,4,4,2,2,2,2,2,2,2,2,2,2,2,2,2,1,1,1,1,1,2,2,2,2,2,2,2,2,2,0,-1,-1,-1,-1,-1,-1,-1,-1,-1,-1,-1,-1,-1,-1
-1,0,5,5,5,5,4,4,5,0,-1,0,5,5,5,5,5,5,5,4,4,4,4,4,2,2,2,2,2,2,2,2,2,2,2,2,1,1,1,2,2,2,2,2,2,2,2,2,2,0,-1,-1,-1,-1,-1,-1,-1,-1,-1,-1,-1,-1,-1,-1
-1,0,5,5,4,4,4,4,4,0,-1,-1,0,5,5,5,5,5,4,4,4,4,4,4,2,2,2,2,2,2,2,2,2,2,2,2,2,2,2,2,2,2,2,2,2,2,2,2,2,0,-1,-1,-1,-1,-1,-1,-1,-1,-1,-1,-1,-1,-1,-1
-1,0,4,4,4,2,2,2,4,0,-1,-1,0,5,5,5,4,4,4,4,4,4,4,4,4,2,2,2,2,2,2,2,2,2,2,2,2,2,2,2,2,2,2,2,2,2,2,2,2,0,-1,-1,-1,-1,-1,-1,-1,-1,-1,-1,-1,-1,-1,-1
-1,0,4,2,2,2,2,2,2,4,0,-1,0,5,5,4,4,4,4,4,4,4,4,4,4,2,2,2,2,2,2,2,2,2,2,2,2,2,2,2,2,2,2,2,2,2,2,2,2,0,-1,-1,-1,-1,-1,-1,-1,-1,-1,-1,-1,-1,-1,-1
-1,0,2,2,2,2,2,2,2,2,0,-1,0,5,4,4,4,4,5,5,5,5,5,4,4,2,2,2,2,2,2,2,2,2,2,2,2,2,2,2,2,2,2,2,2,2,2,2,2,2,0,-1,-1,-1,-1,-1,-1,-1,-1,-1,-1,-1,-1,-1
-1,0,2,2,2,2,2,2,2,2,0,-1,-1,0,4,4,4,5,5,5,5,5,5,4,4,2,2,2,2,2,2,2,2,2,2,2,2,2,2,2,2,2,2,2,2,2,2,2,2,2,0,-1,-1,-1,-1,-1,-1,-1,-1,-1,-1,-1,-1,-1
-1,-1,0,2,2,2,2,2,2,2,0,-1,-1,0,4,4,5,5,5,5,5,5,5,4,4,2,2,2,2,2,2,2,2,2,2,2,2,2,2,2,2,2,2,2,2,2,2,2,2,2,0,-1,-1,-1,-1,-1,-1,-1,-1,-1,-1,-1,-1,-1
-1,-1,0,2,2,2,2,2,2,2,0,-1,-1,-1,0,5,5,5,5,5,5,5,4,4,4,2,2,2,2,2,2,2,2,2,2,2,2,2,2,2,2,2,2,2,2,2,2,2,2,2,0,-1,-1,-1,-1,-1,-1,-1,-1,-1,-1,-1,-1,-1
-1,-1,-1,0,2,2,2,2,2,0,-1,-1,-1,-1,0,5,5,5,5,5,4,4,4,4,4,2,2,2,2,2,2,2,2,2,2,2,2,2,2,2,2,2,2,2,2,2,2,2,2,2,0,-1,-1,-1,-1,-1,-1,-1,-1,-1,-1,-1,-1,-1
-1,-1,-1,-1,0,2,2,2,0,-1,-1,-1,-1,-1,-1,0,5,5,4,4,4,4,4,4,2,2,2,2,2,2,2,2,2,2,2,2,2,2,2,2,2,2,2,2,2,2,2,2,2,2,0,-1,-1,-1,-1,-1,-1,-1,-1,-1,-1,-1,-1,-1
-1,-1,-1,-1,-1,0,0,0,-1,-1,-1,-1,-1,-1,-1,-1,0,4,4,4,4,4,4,2,2,2,2,2,2,2,2,2,2,2,2,2,2,2,2,2,2,2,2,2,2,2,2,2,2,2,0,-1,-1,-1,-1,-1,-1,-1,-1,-1,-1,-1,-1,-1
-1,-1,-1,-1,-1,-1,-1,-1,-1,-1,-1,-1,-1,-1,-1,-1,-1,0,0,0,0,0,0,0,0,0,2,2,2,2,2,2,2,2,2,2,2,2,2,2,2,2,2,2,2,2,2,2,2,2,0,-1,-1,-1,-1,-1,-1,-1,-1,-1,-1,-1,-1,-1
-1,-1,-1,-1,-1,-1,-1,-1,-1,-1,-1,-1,-1,-1,-1,0,0,1,1,1,1,1,1,1,1,1,1,1,1,1,1,1,1,1,1,1,1,1,2,2,2,2,2,2,2,2,2,2,2,2,0,-1,-1,-1,-1,-1,-1,-1,-1,-1,-1,-1,-1,-1
-1,-1,-1,-1,-1,-1,-1,-1,-1,-1,-1,-1,-1,0,0,1,1,1,1,1,1,1,1,1,1,1,1,1,1,1,1,1,1,1,1,1,1,1,1,1,1,1,1,2,2,2,2,2,2,0,-1,-1,-1,-1,-1,-1,-1,-1,-1,-1,-1,-1,-1,-1
-1,-1,-1,-1,0,-1,-1,-1,-1,-1,-1,0,0,1,1,1,1,1,1,1,1,1,1,1,1,2,2,2,2,2,2,2,2,2,1,1,1,1,1,1,1,1,1,1,1,0,0,2,2,0,-1,-1,-1,-1,-1,-1,-1,-1,-1,-1,-1,-1,-1,-1
-1,-1,-1,-1,-1,0,-1,-1,-1,-1,0,3,3,3,3,3,4,4,1,2,2,2,2,2,2,2,2,2,2,2,2,2,2,2,2,2,2,2,2,1,1,1,1,1,1,1,1,0,0,-1,-1,-1,-1,-1,-1,-1,-1,-1,-1,-1,-1,-1,-1,-1
-1,-1,-1,-1,-1,-1,0,-1,-1,0,3,3,3,3,4,4,4,4,4,4,2,2,2,2,2,2,2,2,2,2,2,2,2,2,2,2,2,2,2,2,2,2,2,2,1,1,1,1,1,0,0,-1,-1,-1,-1,-1,-1,-1,-1,-1,-1,-1,-1,-1
-1,-1,-1,-1,-1,-1,-1,0,-1,0,3,3,4,4,7,7,7,7,7,7,7,7,2,2,2,2,2,2,2,2,2,2,2,2,2,2,2,2,2,2,2,2,2,2,2,2,2,1,1,1,1,0,-1,-1,-1,-1,-1,-1,-1,-1,-1,-1,-1,-1
-1,-1,0,-1,-1,-1,-1,-1,0,3,4,4,4,7,7,7,7,7,7,7,7,7,2,2,2,2,2,2,2,2,2,2,2,2,2,2,2,2,2,2,2,2,2,2,2,2,2,2,2,1,1,1,0,-1,-1,-1,-1,-1,-1,-1,-1,-1,-1,-1
-1,-1,-1,0,-1,-1,-1,0,4,0,0,4,4,7,7,7,7,7,7,7,7,7,4,2,2,2,2,2,2,2,2,2,2,2,2,2,2,2,2,2,2,2,2,2,2,2,2,2,2,2,2,1,1,0,-1,-1,-1,-1,-1,-1,-1,-1,-1,-1
-1,-1,-1,-1,0,0,-1,0,4,4,4,4,4,4,7,7,7,7,7,7,7,4,4,2,2,2,2,2,2,2,2,2,2,0,0,2,2,2,2,2,2,2,2,2,2,2,2,2,2,2,2,2,2,1,0,-1,-1,-1,-1,-1,-1,-1,-1,-1
-1,-1,-1,-1,-1,-1,0,0,0,0,4,4,4,4,4,4,4,4,0,0,0,0,4,4,2,2,2,2,2,2,2,2,0,8,8,0,2,2,2,2,2,2,2,2,2,2,2,2,2,2,2,2,2,2,1,0,-1,-1,-1,-1,-1,-1,-1,-1
0,-1,-1,-1,-1,-1,0,4,4,4,4,4,4,4,4,4,0,0,9,9,9,9,0,0,2,2,2,2,2,2,0,0,8,8,8,8,0,2,2,2,2,2,2,2,2,2,2,2,7,7,7,2,2,2,2,2,0,-1,-1,-1,-1,-1,-1,-1
-1,0,0,0,-1,-1,0,5,5,5,0,5,5,4,4,0,9,9,9,0,0,9,9,9,0,2,2,2,2,0,2,2,0,8,8,0,0,0,2,2,2,2,2,2,2,2,7,7,7,7,7,7,7,4,4,4,0,-1,-1,-1,-1,-1,-1,-1
-1,-1,-1,-1,0,0,0,0,0,0,5,4,4,4,4,0,9,9,0,0,0,0,0,0,0,2,2,2,2,2,2,2,2,0,0,2,2,2,0,2,2,2,2,2,2,2,7,7,7,7,7,7,7,7,4,4,4,0,-1,-1,-1,-1,0,-1
-1,-1,-1,-1,-1,0,5,5,5,4,4,4,4,4,0,0,0,0,0,0,0,0,0,0,0,0,2,2,2,2,2,2,2,0,2,2,2,2,2,2,2,2,0,0,0,0,7,7,7,7,7,7,7,7,4,4,4,0,-1,-1,0,0,-1,-1
-1,-1,-1,-1,-1,0,5,4,4,4,4,4,4,4,0,0,0,0,0,0,0,0,0,0,0,0,2,2,2,2,2,2,0,0,0,2,2,2,2,2,0,0,9,9,9,9,0,7,7,7,7,7,4,4,4,4,4,0,0,0,-1,-1,-1,-1
-1,-1,-1,-1,-1,0,4,4,4,4,4,4,4,4,0,0,0,0,0,0,0,0,0,0,0,0,2,2,2,2,2,2,0,0,0,2,2,2,2,0,9,9,9,0,0,9,9,0,4,4,4,4,4,4,0,0,0,4,0,-1,-1,-1,-1,0
-1,-1,-1,-1,-1,0,4,4,4,4,4,4,4,4,0,0,9,0,0,0,0,0,0,0,0,0,2,2,2,2,2,2,2,2,2,2,2,2,2,0,9,9,0,0,0,0,9,9,0,4,4,4,4,4,4,4,4,4,0,-1,0,0,0,-1
-1,-1,-1,-1,-1,0,4,4,4,4,4,4,4,4,4,0,9,9,0,0,0,0,0,0,0,4,4,2,2,2,2,2,2,2,2,2,2,2,0,0,0,0,0,0,0,0,0,9,0,4,4,4,4,4,0,0,0,0,0,0,-1,-1,-1,-1
-1,-1,-1,-1,-1,0,4,4,4,4,4,4,4,4,4,0,0,9,9,0,0,0,0,0,0,4,4,2,2,2,2,2,2,2,2,2,2,2,0,0,0,0,0,0,0,0,0,9,0,0,4,4,5,5,5,4,4,4,0,-1,-1,-1,-1,-1
-1,-1,-1,-1,-1,0,4,4,4,4,4,4,4,4,4,4,0,0,0,0,0,0,0,0,4,4,4,4,2,2,2,2,2,2,2,2,2,2,0,0,0,0,0,0,0,0,0,0,0,0,4,4,4,5,0,0,0,4,0,-1,-1,-1,-1,0
-1,-1,-1,-1,-1,0,4,4,4,4,4,4,4,4,4,4,4,0,0,0,0,0,4,4,4,4,4,4,4,2,2,2,2,2,2,2,2,4,0,0,9,0,0,0,0,0,0,0,0,0,4,4,4,4,5,5,5,0,0,0,0,0,0,-1
-1,-1,-1,-1,-1,0,4,4,4,4,4,4,4,4,4,4,4,4,4,4,4,4,4,4,4,4,4,4,4,4,4,2,2,2,2,4,4,4,4,0,9,9,0,0,0,0,0,0,0,0,4,4,4,4,4,5,5,5,0,-1,-1,-1,-1,-1
-1,-1,-1,-1,-1,0,4,4,4,4,4,4,4,4,4,4,4,4,4,4,4,4,4,4,4,4,4,4,4,4,4,4,4,4,4,4,4,4,4,0,0,9,9,0,0,0,0,0,0,4,4,4,4,4,4,4,5,5,0,-1,-1,-1,-1,-1
-1,-1,-1,-1,-1,0,4,4,4,4,4,4,4,4,4,4,4,4,4,4,4,4,4,4,4,4,4,4,4,4,4,4,4,4,4,4,4,4,4,4,0,0,0,0,0,0,0,0,4,4,4,4,4,4,4,4,4,0,-1,-1,-1,-1,-1,-1
-1,-1,-1,-1,0,4,4,4,4,4,4,4,4,4,4,4,4,4,4,4,4,4,4,4,4,4,4,4,4,4,4,4,4,4,4,4,4,4,4,4,4,0,0,0,0,0,0,4,4,4,4,4,4,4,4,4,4,0,-1,-1,-1,-1,-1,-1
-1,-1,-1,-1,0,4,4,4,4,4,4,4,4,4,4,4,4,4,0,0,0,4,4,4,4,4,4,4,4,4,4,4,4,4,4,4,4,4,4,4,4,4,4,4,4,4,4,4,4,4,4,4,4,4,4,4,4,0,-1,-1,-1,-1,-1,-1
-1,-1,-1,-1,0,4,4,4,4,4,4,4,4,4,4,4,0,0,0,0,0,4,4,4,4,4,4,4,4,4,4,4,4,4,4,4,4,4,4,4,4,4,4,4,4,4,4,4,4,4,4,4,4,4,4,4,0,-1,-1,-1,-1,-1,-1,-1
-1,-1,-1,0,4,4,4,4,4,4,4,4,4,4,4,4,4,0,0,0,4,4,4,4,4,4,4,4,4,4,4,4,4,4,4,4,4,4,4,4,4,4,4,4,4,4,4,4,4,4,4,4,4,4,4,4,0,-1,-1,-1,-1,-1,-1,-1
-1,-1,-1,0,4,4,4,4,4,4,4,4,4,4,4,4,4,4,4,4,4,4,4,4,4,4,4,4,4,4,4,4,4,4,4,4,4,4,4,4,0,0,4,4,4,4,4,4,4,4,4,4,4,4,4,0,-1,-1,-1,-1,-1,-1,-1,-1
-1,-1,-1,0,4,4,4,8,4,4,4,4,4,4,4,4,4,4,4,4,4,4,4,4,4,4,4,4,4,4,4,4,4,4,4,4,4,4,4,4,0,0,0,4,4,4,4,4,4,4,4,4,4,4,4,0,-1,-1,-1,-1,-1,-1,-1,-1
-1,-1,0,4,4,4,4,8,8,4,4,4,4,4,4,4,4,4,4,4,4,4,4,4,4,4,4,4,4,4,5,5,4,4,4,4,4,4,4,4,4,0,0,0,4,4,4,4,4,4,4,4,4,4,4,0,-1,-1,-1,-1,-1,-1,-1,-1
-1,-1,0,4,4,4,4,8,8,8,4,4,4,4,4,4,4,4,4,4,4,4,4,4,4,4,4,4,4,4,5,5,4,4,4,4,4,4,4,4,4,4,4,4,4,4,4,4,4,4,4,4,4,4,4,0,-1,-1,-1,-1,-1,-1,-1,-1
-1,-1,0,4,4,4,4,8,8,8,8,4,4,4,4,4,4,4,4,4,4,4,4,4,4,4,4,4,4,4,5,5,4,4,4,4,4,4,4,4,4,4,4,4,4,4,4,4,4,4,4,4,4,4,4,4,0,-1,-1,-1,-1,-1,-1,-1
-1,-1,0,4,4,4,8,8,8,8,8,8,4,4,4,4,4,4,4,4,4,4,4,4,4,4,4,4,4,5,5,5,4,4,4,4,4,4,4,4,4,4,4,4,4,4,4,4,4,4,4,4,4,4,4,4,0,-1,-1,-1,-1,-1,-1,-1
-1,-1,0,4,4,4,8,8,8,8,8,8,8,4,4,4,4,4,4,4,4,4,4,5,4,4,4,4,4,5,5,5,4,4,4,4,4,4,4,4,4,4,4,4,4,4,4,4,4,4,4,8,4,4,4,4,0,-1,-1,-1,-1,-1,-1,-1
-1,0,4,4,4,4,8,8,8,8,8,8,8,8,4,4,4,4,4,4,4,4,5,5,4,4,4,4,5,5,5,5,4,4,4,4,5,4,4,4,4,4,4,4,4,4,4,4,4,4,8,8,8,4,4,4,0,-1,-1,-1,-1,-1,-1,-1
-1,0,4,4,4,8,8,8,8,8,8,8,8,8,8,4,4,4,4,4,4,4,5,5,4,4,4,4,5,5,5,5,4,4,4,4,5,4,4,4,4,4,4,4,4,4,4,4,4,4,8,8,8,4,4,4,0,-1,-1,-1,-1,-1,-1,-1
-1,0,4,4,4,8,8,8,8,8,8,8,8,8,8,4,4,4,4,4,4,5,5,5,4,4,4,4,5,5,5,5,4,4,4,5,5,4,4,4,4,4,4,4,4,4,4,4,8,8,8,8,8,4,4,4,0,-1,-1,-1,-1,-1,-1,-1
-1,0,10,4,4,8,8,8,8,8,8,8,8,8,4,4,4,4,4,4,5,5,5,5,4,4,4,5,5,5,5,5,4,4,4,5,5,4,4,4,4,4,4,4,4,4,4,8,8,8,8,8,8,4,4,4,0,-1,-1,-1,-1,-1,-1,-1
-1,0,10,10,4,8,8,8,8,8,8,8,4,4,4,4,4,4,4,11,5,5,5,4,4,4,4,5,5,5,5,4,4,4,4,5,5,4,4,4,4,4,4,4,4,8,8,8,8,8,8,8,8,4,4,4,0,-1,-1,-1,-1,-1,-1,-1
-1,0,10,10,10,10,8,8,8,4,4,4,4,4,4,4,4,4,11,0,11,11,5,4,4,4,5,5,5,5,5,4,4,4,5,5,5,4,4,4,4,4,4,8,8,8,8,8,8,8,8,8,8,4,4,4,0,-1,-1,-1,-1,-1,-1,-1
-1,-1,0,10,10,10,10,4,4,4,4,4,4,4,4,4,11,11,0,-1,0,0,11,11,11,4,5,5,5,5,5,4,4,4,5,5,5,4,4,4,4,4,8,8,8,8,8,8,8,8,8,8,4,4,4,4,0,-1,-1,-1,-1,-1,-1,-1
-1,-1,0,11,10,10,10,10,4,4,4,4,4,4,11,11,0,0,-1,-1,-1,-1,0,0,0,11,11,11,11,11,11,11,11,11,11,11,11,4,4,4,4,4,4,8,8,8,8,8,8,8,8,8,4,4,4,0,-1,-1,-1,-1,-1,-1,-1,-1
-1,-1,-1,0,11,10,10,10,10,4,4,11,11,11,0,0,-1,-1,-1,-1,-1,-1,-1,-1,-1,0,0,0,0,0,0,0,0,0,0,0,0,11,4,4,4,4,4,4,8,8,8,8,8,8,8,8,4,4,4,0,-1,-1,-1,-1,-1,-1,-1,-1
-1,-1,-1,-1,0,11,11,11,11,11,11,0,0,0,-1,-1,-1,-1,-1,-1,-1,-1,-1,-1,-1,-1,-1,-1,-1,-1,-1,-1,-1,-1,-1,-1,-1,0,11,4,4,4,4,4,4,8,8,8,8,8,8,4,4,4,4,0,-1,-1,-1,-1,-1,-1,-1,-1
-1,-1,-1,-1,-1,0,0,0,0,0,0,-1,-1,-1,-1,-1,-1,-1,-1,-1,-1,-1,-1,-1,-1,-1,-1,-1,-1,-1,-1,-1,-1,-1,-1,-1,-1,-1,0,11,11,4,4,4,4,4,4,8,8,8,8,4,4,4,4,0,-1,-1,-1,-1,-1,-1,-1,-1
-1,-1,-1,-1,-1,-1,-1,-1,-1,-1,-1,-1,-1,-1,-1,-1,-1,-1,-1,-1,-1,-1,-1,-1,-1,-1,-1,-1,-1,-1,-1,-1,-1,-1,-1,-1,-1,-1,-1,0,0,11,4,4,4,4,4,4,8,8,8,4,4,4,0,-1,-1,-1,-1,-1,-1,-1,-1,-1
-1,-1,-1,-1,-1,-1,-1,-1,-1,-1,-1,-1,-1,-1,-1,-1,-1,-1,-1,-1,-1,-1,-1,-1,-1,-1,-1,-1,-1,-1,-1,-1,-1,-1,-1,-1,-1,-1,-1,-1,-1,0,11,11,4,4,4,4,4,4,4,4,4,4,0,-1,-1,-1,-1,-1,-1,-1,-1,-1
-1,-1,-1,-1,-1,-1,-1,-1,-1,-1,-1,-1,-1,-1,-1,-1,-1,-1,-1,-1,-1,-1,-1,-1,-1,-1,-1,-1,-1,-1,-1,-1,-1,-1,-1,-1,-1,-1,-1,-1,-1,-1,0,0,11,4,4,4,4,4,4,4,4,4,0,-1,-1,-1,-1,-1,-1,-1,-1,-1
-1,-1,-1,-1,-1,-1,-1,-1,-1,-1,-1,-1,-1,-1,-1,-1,-1,-1,-1,-1,-1,-1,-1,-1,-1,-1,-1,-1,-1,-1,-1,-1,-1,-1,-1,-1,-1,-1,-1,-1,-1,-1,-1,-1,0,11,11,4,4,4,4,4,4,0,-1,-1,-1,-1,-1,-1,-1,-1,-1,-1
-1,-1,-1,-1,-1,-1,-1,-1,-1,-1,-1,-1,-1,-1,-1,-1,-1,-1,-1,-1,-1,-1,-1,-1,-1,-1,-1,-1,-1,-1,-1,-1,-1,-1,-1,-1,-1,-1,-1,-1,-1,-1,-1,-1,-1,0,0,11,4,4,4,4,0,-1,-1,-1,-1,-1,-1,-1,-1,-1,-1,-1
-1,-1,-1,-1,-1,-1,-1,-1,-1,-1,-1,-1,-1,-1,-1,-1,-1,-1,-1,-1,-1,-1,-1,-1,-1,-1,-1,-1,-1,-1,-1,-1,-1,-1,-1,-1,-1,-1,-1,-1,-1,-1,-1,-1,-1,-1,-1,0,0,0,0,0,-1,-1,-1,-1,-1,-1,-1,-1,-1,-1,-1,-1
0.345098,0.1764706,0.03529412
0.9254903,0.8274511,0.7294118
1,0.937255,0.8745099
0.7490196,0.3882353,0.08235294
1,0.6509804,0.3607843
0.8941177,0.4705883,0.1176471
0.5764706,0.2784314,0.02352941
1,0.8000001,0.8039216
0.9294118,0.3098039,0.3254902
1,0.9254903,0.8627452
1,0.6784314,0.4078432
1,0.9411765,0.8901961
