53,80,
-1,-1,-1,-1,-1,-1,-1,-1,-1,-1,-1,-1,-1,-1,0,0,0,0,0,-1,-1,-1,-1,-1,-1,-1,-1,-1,-1,-1,-1,-1,-1,-1,-1,-1,-1,-1,-1,-1,-1,-1,-1,-1,-1,-1,-1,-1,-1,-1,-1,-1,-1
-1,-1,-1,-1,-1,-1,-1,-1,-1,-1,-1,-1,-1,0,1,1,1,1,1,0,0,-1,-1,-1,-1,-1,-1,-1,-1,-1,-1,-1,-1,-1,-1,-1,0,0,0,0,0,0,-1,-1,-1,-1,-1,-1,-1,-1,-1,-1,-1
-1,-1,-1,-1,-1,-1,-1,-1,-1,-1,-1,-1,0,1,1,1,2,2,2,2,0,-1,-1,-1,-1,-1,-1,-1,-1,-1,-1,-1,-1,-1,-1,0,1,1,1,1,1,1,0,-1,-1,-1,-1,-1,-1,-1,-1,-1,-1
-1,-1,-1,-1,-1,-1,-1,-1,-1,-1,0,0,0,1,1,2,2,2,2,2,0,-1,-1,-1,-1,-1,-1,-1,-1,-1,-1,-1,-1,-1,-1,0,1,1,1,1,1,1,1,0,-1,-1,-1,-1,-1,-1,-1,-1,-1
-1,-1,-1,-1,-1,-1,-1,-1,0,0,3,3,0,1,2,2,2,2,2,2,0,0,0,0,0,0,0,-1,-1,-1,-1,-1,0,0,0,0,2,2,2,2,1,1,1,0,-1,-1,-1,-1,-1,-1,-1,-1,-1
-1,-1,-1,-1,-1,-1,-1,0,3,3,3,3,0,2,2,2,2,2,2,2,0,1,1,1,1,1,1,0,0,-1,0,0,1,1,1,0,2,2,2,2,2,2,1,0,0,-1,-1,-1,-1,-1,-1,-1,-1
-1,-1,-1,-1,-1,-1,0,3,3,3,3,3,0,2,2,2,2,2,2,2,0,2,2,2,2,1,1,1,1,0,1,1,1,1,1,0,2,2,2,2,2,2,1,0,3,0,-1,-1,-1,-1,-1,-1,-1
-1,-1,-1,-1,-1,0,3,3,3,3,3,3,0,2,2,2,2,2,2,0,2,2,2,2,2,2,2,1,1,1,1,1,1,1,1,0,2,2,2,2,2,2,2,0,3,3,0,-1,-1,-1,-1,-1,-1
-1,-1,-1,-1,-1,0,3,3,3,3,3,3,0,2,2,2,2,2,0,2,2,2,2,2,2,2,2,2,1,1,1,1,1,1,1,0,2,2,2,2,2,2,2,0,3,3,3,0,-1,-1,-1,-1,-1
-1,-1,-1,-1,-1,0,3,3,3,3,3,3,3,0,0,0,0,0,2,2,2,2,2,2,2,2,2,2,2,1,1,2,2,2,1,1,0,2,2,2,2,2,2,0,3,3,3,0,-1,-1,-1,-1,-1
-1,-1,-1,-1,-1,0,3,3,3,3,3,3,3,2,2,2,2,2,2,2,2,2,2,2,2,2,2,2,2,2,2,2,2,2,2,1,1,0,2,2,2,2,2,0,3,3,3,3,0,-1,-1,-1,-1
-1,-1,-1,-1,-1,0,3,3,3,3,3,3,3,3,2,2,2,2,2,2,2,2,2,2,2,2,2,2,2,2,2,2,2,2,2,2,1,1,0,2,2,2,0,3,3,3,3,3,0,-1,-1,-1,-1
-1,-1,-1,-1,-1,0,3,3,3,3,3,3,3,3,2,2,2,2,2,2,2,2,2,2,2,2,2,2,2,2,2,2,2,2,2,2,2,1,1,0,0,0,3,3,3,3,3,3,0,-1,-1,-1,-1
-1,-1,-1,-1,-1,0,3,3,3,3,3,3,3,3,2,2,2,2,2,2,2,2,2,2,2,2,2,2,2,2,2,2,2,2,2,2,2,2,1,1,1,1,3,3,3,3,3,3,0,-1,-1,-1,-1
-1,-1,-1,-1,-1,0,3,3,3,3,3,3,3,3,3,2,2,2,2,2,2,2,2,2,2,2,2,2,0,0,2,2,2,2,2,2,2,2,2,1,1,3,3,3,3,3,3,3,0,-1,-1,-1,-1
-1,-1,-1,-1,-1,0,3,3,3,3,3,3,3,3,3,2,2,2,2,2,2,2,2,2,2,2,2,0,3,3,0,2,2,2,2,2,2,2,2,1,3,3,3,3,3,3,3,3,0,-1,-1,-1,-1
-1,-1,-1,-1,-1,0,3,3,3,3,3,3,3,3,3,3,2,2,2,2,2,2,2,2,2,2,0,3,3,3,3,0,2,2,2,2,2,2,2,1,3,3,3,3,3,3,3,3,0,-1,-1,-1,-1
-1,-1,-1,-1,-1,0,3,3,3,3,3,3,3,3,3,3,3,2,2,2,2,2,2,2,2,0,3,3,3,3,3,3,0,2,2,2,2,2,1,3,3,3,3,3,3,3,3,3,0,-1,-1,-1,-1
-1,-1,-1,-1,0,0,3,3,3,3,3,3,3,3,3,3,3,3,2,2,2,2,2,2,0,3,3,3,3,3,3,3,3,0,2,2,2,2,3,3,3,3,3,3,3,3,3,0,-1,-1,-1,-1,-1
-1,-1,-1,0,4,0,3,3,3,3,3,3,3,3,3,3,3,3,3,2,2,2,2,0,3,3,3,3,3,3,3,3,3,0,2,2,2,3,3,3,3,3,3,3,3,3,3,0,-1,-1,-1,-1,-1
-1,-1,-1,0,4,0,3,3,3,3,3,3,3,3,3,3,3,3,3,3,2,2,2,0,3,3,3,3,3,3,3,3,3,3,0,2,3,3,3,3,3,3,3,3,3,3,0,-1,-1,-1,-1,-1,-1
-1,-1,0,4,4,0,3,3,3,3,3,3,3,3,3,3,3,3,3,3,3,3,2,0,3,3,3,3,3,3,3,3,3,3,0,3,3,3,3,3,3,3,3,3,3,0,-1,-1,-1,-1,-1,-1,-1
-1,-1,0,4,4,4,0,3,3,3,3,3,3,3,3,3,3,3,3,3,3,3,3,0,3,3,3,3,3,3,3,3,3,3,0,3,3,3,3,3,3,3,3,3,3,0,-1,-1,-1,-1,-1,-1,-1
-1,-1,0,4,4,4,0,3,3,3,3,3,3,3,3,3,3,3,3,3,3,3,3,3,0,3,3,3,3,3,3,3,3,0,3,3,3,3,3,3,3,3,3,3,0,-1,-1,-1,-1,-1,-1,-1,-1
-1,-1,0,4,3,3,3,0,3,3,3,3,3,3,3,3,3,3,3,3,3,3,3,3,3,3,3,3,3,3,3,3,3,3,3,3,3,3,3,3,3,3,3,0,-1,-1,-1,-1,-1,-1,-1,-1,-1
-1,-1,0,4,3,3,3,3,3,3,3,3,3,3,3,3,3,3,3,3,3,3,3,3,3,3,3,3,3,3,3,3,3,3,3,3,3,3,3,3,3,3,0,-1,-1,-1,-1,-1,-1,-1,-1,-1,-1
-1,-1,-1,0,3,3,3,3,3,3,3,3,3,3,3,3,3,3,3,3,3,3,3,3,3,3,3,3,3,3,3,3,3,3,3,3,3,3,3,3,3,0,-1,-1,-1,-1,-1,-1,-1,-1,-1,-1,-1
-1,-1,-1,0,3,3,3,3,3,3,3,3,3,3,3,3,0,0,0,0,0,0,0,3,3,3,3,3,3,3,3,3,3,3,3,3,3,3,3,3,0,-1,-1,-1,-1,-1,-1,-1,-1,-1,-1,-1,-1
-1,-1,-1,0,2,3,3,3,3,3,3,3,3,0,0,0,2,2,2,2,1,1,1,0,0,0,3,3,3,3,3,3,3,3,3,3,3,3,3,0,-1,-1,-1,-1,-1,-1,-1,-1,-1,-1,-1,-1,-1
-1,-1,-1,0,2,2,2,3,3,3,0,0,0,2,2,2,2,2,2,2,2,2,2,1,1,1,0,0,3,3,3,3,3,3,3,3,3,3,0,-1,-1,-1,-1,-1,-1,-1,-1,-1,-1,-1,-1,-1,-1
-1,-1,-1,0,2,2,2,2,2,0,2,2,2,2,2,2,2,2,2,2,2,2,2,2,2,1,1,1,0,1,2,2,2,2,2,2,2,0,-1,-1,-1,-1,-1,-1,-1,-1,-1,-1,-1,-1,-1,-1,-1
-1,-1,-1,0,2,2,2,2,0,2,2,2,2,2,2,2,2,2,2,2,2,2,2,2,2,2,2,1,1,0,1,2,2,2,2,2,0,-1,-1,-1,-1,-1,-1,-1,-1,-1,-1,-1,-1,-1,-1,-1,-1
-1,-1,-1,0,2,2,2,0,2,2,2,2,2,2,2,2,2,2,2,2,2,2,2,2,2,2,2,1,1,1,0,1,2,2,2,0,-1,-1,-1,-1,-1,-1,-1,-1,-1,-1,-1,-1,-1,-1,-1,-1,-1
-1,-1,-1,0,2,2,0,2,2,2,2,2,2,2,2,2,2,2,3,3,3,3,3,3,3,3,3,4,4,4,4,0,1,1,1,0,-1,-1,-1,-1,-1,-1,-1,-1,-1,-1,-1,-1,-1,-1,-1,-1,-1
-1,-1,-1,0,2,0,2,2,2,2,2,2,2,2,2,3,3,3,3,3,3,3,3,3,3,3,3,3,4,4,4,4,0,0,0,0,0,0,-1,-1,-1,-1,-1,-1,-1,-1,-1,-1,-1,-1,-1,-1,-1
-1,-1,-1,0,0,2,2,2,2,2,2,2,2,2,3,3,3,3,3,3,3,3,3,3,3,3,3,3,3,3,4,4,4,4,4,4,4,4,0,-1,-1,-1,-1,-1,-1,-1,-1,-1,-1,-1,-1,-1,-1
-1,-1,-1,0,2,2,2,0,0,0,2,2,2,2,3,3,3,3,3,3,3,3,3,3,3,3,3,3,3,3,3,4,4,4,4,4,4,4,4,0,0,0,-1,-1,-1,-1,-1,-1,-1,-1,-1,-1,-1
-1,-1,0,2,2,2,0,2,2,2,2,2,2,2,3,3,3,3,3,3,3,3,3,3,3,3,3,3,3,3,3,3,3,3,3,3,4,4,4,4,4,4,0,0,-1,-1,-1,-1,-1,-1,-1,-1,-1
-1,-1,0,2,2,0,2,2,2,2,2,2,2,2,3,3,3,3,0,0,3,3,3,3,3,3,3,3,3,3,3,3,3,3,3,3,3,3,3,4,4,4,4,4,0,0,-1,-1,-1,-1,-1,-1,-1
-1,0,2,2,2,0,2,2,2,2,2,2,2,2,3,3,3,0,0,0,0,3,3,3,3,3,3,3,3,3,3,3,3,3,3,3,3,3,3,3,3,3,4,4,4,4,0,-1,-1,-1,-1,-1,-1
-1,0,2,2,2,0,2,2,2,2,2,2,2,2,3,3,3,0,0,5,5,3,3,3,3,3,3,3,3,3,3,3,3,3,3,3,3,3,3,3,3,3,3,3,4,4,4,0,-1,-1,-1,-1,-1
0,2,2,0,0,0,0,0,0,0,2,2,2,2,3,3,3,0,0,5,0,3,3,3,3,3,3,3,3,3,3,3,3,3,3,3,3,3,3,3,3,3,3,3,3,4,4,4,0,-1,-1,-1,-1
0,2,0,2,2,0,0,0,0,0,2,2,2,2,2,3,3,3,0,0,3,3,3,3,3,3,3,3,3,3,3,3,3,3,3,3,1,1,1,1,3,3,3,3,3,3,3,4,4,0,-1,-1,-1
0,2,0,2,2,0,0,0,0,2,2,2,2,2,2,3,3,3,3,3,3,3,3,3,3,3,3,3,3,3,3,3,3,3,3,0,1,1,1,1,2,2,3,3,3,3,3,3,4,4,0,-1,-1
0,2,0,2,2,0,0,0,2,2,2,2,2,2,2,2,3,3,3,3,3,3,3,3,3,3,3,3,3,3,3,3,3,3,0,3,0,1,1,2,2,2,2,2,2,3,3,3,3,4,4,0,-1
0,2,0,2,2,0,0,2,2,2,2,2,2,2,2,2,3,3,3,3,3,3,3,3,3,3,3,3,3,3,3,3,3,3,3,3,0,1,1,2,2,2,2,2,2,2,0,3,3,3,4,0,-1
0,2,2,2,2,2,2,2,2,2,2,2,2,2,2,2,2,3,3,3,3,3,3,3,3,3,3,3,3,3,3,3,3,3,3,3,3,0,1,1,2,2,2,2,2,2,2,0,3,3,4,4,0
0,2,2,2,2,2,2,2,2,2,2,2,2,2,2,2,2,2,3,3,3,3,3,3,3,3,3,3,3,3,3,3,3,3,3,3,3,3,0,1,2,2,2,2,2,2,2,2,0,3,3,4,0
0,2,2,2,2,2,2,2,2,2,2,2,2,2,2,2,2,2,2,2,3,3,3,3,3,3,3,3,3,3,3,3,3,3,3,3,3,3,0,1,1,2,2,2,2,2,2,2,0,3,3,4,0
0,2,2,2,2,2,2,3,0,0,3,3,3,2,2,2,2,2,2,2,2,3,3,3,3,3,3,3,3,3,3,3,3,3,3,3,3,3,3,0,0,0,0,0,0,0,0,0,3,3,3,3,0
0,2,2,2,2,2,3,3,0,0,3,3,3,3,2,2,2,2,2,2,2,2,2,2,3,3,3,3,3,3,3,3,3,3,3,3,3,3,3,3,3,3,3,3,3,3,3,3,3,3,3,3,0
0,2,2,2,2,3,3,0,3,0,3,3,3,3,3,3,2,2,2,2,2,2,2,2,2,2,2,3,3,3,3,3,3,3,3,3,3,3,3,3,3,3,3,3,3,3,3,3,3,3,0,0,-1
0,2,2,2,3,3,0,3,3,3,0,3,3,3,3,3,3,2,2,2,2,2,2,2,2,2,2,2,2,3,3,3,3,3,0,0,0,0,0,0,0,0,0,0,0,0,0,0,0,0,-1,-1,-1
0,2,2,3,3,3,3,3,3,3,0,3,3,3,3,3,3,3,2,2,2,2,2,2,2,2,2,2,2,2,2,2,2,0,-1,-1,-1,-1,-1,-1,-1,-1,-1,-1,-1,-1,-1,-1,-1,-1,-1,-1,-1
-1,0,2,3,3,3,3,3,3,3,3,3,3,3,3,3,3,3,3,2,2,2,2,2,2,2,2,2,2,2,2,2,0,-1,-1,-1,-1,-1,-1,-1,-1,-1,-1,-1,-1,-1,-1,-1,-1,-1,-1,-1,-1
-1,0,2,3,3,3,3,3,3,3,3,3,3,3,3,3,3,3,3,3,2,2,2,2,2,2,2,2,2,2,2,0,-1,-1,-1,-1,-1,-1,-1,-1,-1,-1,-1,-1,-1,-1,-1,-1,-1,-1,-1,-1,-1
-1,-1,0,3,3,3,3,3,3,3,3,3,3,3,3,3,3,3,3,3,3,2,2,2,2,2,2,2,2,2,0,-1,-1,-1,-1,-1,-1,-1,-1,-1,-1,-1,-1,-1,-1,-1,-1,-1,-1,-1,-1,-1,-1
-1,-1,-1,0,3,3,3,3,3,3,3,3,3,3,3,3,3,3,3,3,3,3,2,2,2,2,2,2,2,0,-1,-1,-1,-1,-1,-1,-1,-1,-1,-1,-1,-1,-1,-1,-1,-1,-1,-1,-1,-1,-1,-1,-1
-1,-1,-1,0,3,3,3,3,3,3,3,3,3,3,3,3,3,3,3,3,3,3,4,2,2,2,2,0,0,-1,-1,-1,-1,-1,-1,-1,-1,-1,-1,-1,-1,-1,-1,-1,-1,-1,-1,-1,-1,-1,-1,-1,-1
-1,-1,-1,-1,0,3,3,3,3,3,3,3,3,3,3,3,3,3,3,3,3,3,4,2,2,0,0,-1,-1,-1,-1,-1,-1,-1,-1,-1,-1,-1,-1,-1,-1,-1,-1,-1,-1,-1,-1,-1,-1,-1,-1,-1,-1
-1,-1,-1,-1,-1,0,0,3,3,3,3,3,3,3,3,3,3,3,3,3,3,3,4,4,0,-1,-1,-1,-1,-1,-1,-1,-1,-1,-1,-1,-1,-1,-1,-1,-1,-1,-1,-1,-1,-1,-1,-1,-1,-1,-1,-1,-1
-1,-1,-1,-1,-1,-1,-1,0,3,3,3,3,3,3,3,3,3,0,3,3,3,3,4,4,0,-1,-1,-1,-1,-1,-1,-1,-1,-1,-1,-1,-1,-1,-1,-1,-1,-1,-1,-1,-1,-1,-1,-1,-1,-1,-1,-1,-1
-1,-1,-1,-1,-1,-1,-1,-1,0,3,3,3,3,3,1,1,0,3,3,3,3,3,3,4,4,0,-1,-1,-1,-1,-1,-1,-1,-1,-1,-1,-1,-1,-1,-1,-1,-1,-1,-1,-1,-1,-1,-1,-1,-1,-1,-1,-1
-1,-1,-1,-1,-1,-1,-1,-1,0,3,3,3,3,1,1,1,0,3,3,3,3,3,3,4,4,0,-1,-1,-1,-1,-1,-1,-1,-1,-1,-1,-1,-1,-1,-1,-1,-1,-1,-1,-1,-1,-1,-1,-1,-1,-1,-1,-1
-1,-1,-1,-1,-1,-1,-1,-1,0,3,3,3,3,1,1,1,1,0,3,3,3,3,3,4,4,0,-1,-1,-1,-1,-1,-1,-1,-1,-1,-1,-1,-1,-1,-1,-1,-1,-1,-1,-1,-1,-1,-1,-1,-1,-1,-1,-1
-1,-1,-1,-1,-1,-1,-1,-1,0,3,3,3,3,1,1,1,1,1,0,3,3,3,3,3,4,0,-1,-1,-1,-1,-1,-1,-1,-1,-1,-1,-1,-1,-1,-1,-1,-1,-1,-1,-1,-1,-1,-1,-1,-1,-1,-1,-1
-1,-1,-1,-1,-1,-1,-1,-1,-1,0,3,3,3,1,2,2,2,1,1,0,0,0,3,3,4,0,-1,-1,-1,-1,-1,-1,-1,-1,-1,-1,-1,-1,-1,-1,-1,-1,-1,-1,-1,-1,-1,-1,-1,-1,-1,-1,-1
-1,-1,-1,-1,-1,-1,-1,-1,-1,0,3,3,3,3,2,2,2,2,1,1,1,1,0,3,4,0,-1,-1,-1,-1,-1,-1,-1,-1,-1,-1,-1,-1,-1,-1,-1,-1,-1,-1,-1,-1,-1,-1,-1,-1,-1,-1,-1
-1,-1,-1,-1,-1,-1,-1,-1,-1,0,3,3,3,3,2,2,2,2,2,2,1,1,0,3,4,0,-1,-1,-1,-1,-1,-1,-1,-1,-1,-1,-1,-1,-1,-1,-1,-1,-1,-1,-1,-1,-1,-1,-1,-1,-1,-1,-1
-1,-1,-1,-1,-1,-1,-1,-1,-1,-1,0,3,3,3,2,2,2,2,2,2,2,1,0,3,4,0,-1,-1,-1,-1,-1,-1,-1,-1,-1,-1,-1,-1,-1,-1,-1,-1,-1,-1,-1,-1,-1,-1,-1,-1,-1,-1,-1
-1,-1,-1,-1,-1,-1,-1,-1,-1,-1,-1,0,3,3,3,2,2,2,2,2,2,2,1,0,4,0,-1,-1,-1,-1,-1,-1,-1,-1,-1,-1,-1,-1,-1,-1,-1,-1,-1,-1,-1,-1,-1,-1,-1,-1,-1,-1,-1
-1,-1,-1,-1,-1,-1,-1,-1,-1,-1,-1,0,3,3,3,2,2,2,2,2,2,2,2,0,4,0,-1,-1,-1,-1,-1,-1,-1,-1,-1,-1,-1,-1,-1,-1,-1,-1,-1,-1,-1,-1,-1,-1,-1,-1,-1,-1,-1
-1,-1,-1,-1,-1,-1,-1,-1,-1,-1,-1,-1,0,3,3,3,2,2,2,2,2,2,2,0,4,0,-1,-1,-1,-1,-1,-1,-1,-1,-1,-1,-1,-1,-1,-1,-1,-1,-1,-1,-1,-1,-1,-1,-1,-1,-1,-1,-1
-1,-1,-1,-1,-1,-1,-1,-1,-1,-1,-1,-1,-1,0,3,3,3,2,2,2,2,2,2,0,4,0,-1,-1,-1,-1,-1,-1,-1,-1,-1,-1,-1,-1,-1,-1,-1,-1,-1,-1,-1,-1,-1,-1,-1,-1,-1,-1,-1
-1,-1,-1,-1,-1,-1,-1,-1,-1,-1,-1,-1,-1,0,3,3,3,3,2,2,2,2,2,0,4,0,-1,-1,-1,-1,-1,-1,-1,-1,-1,-1,-1,-1,-1,-1,-1,-1,-1,-1,-1,-1,-1,-1,-1,-1,-1,-1,-1
-1,-1,-1,-1,-1,-1,-1,-1,-1,-1,-1,-1,-1,-1,0,3,3,3,3,2,2,2,0,3,4,0,-1,-1,-1,-1,-1,-1,-1,-1,-1,-1,-1,-1,-1,-1,-1,-1,-1,-1,-1,-1,-1,-1,-1,-1,-1,-1,-1
-1,-1,-1,-1,-1,-1,-1,-1,-1,-1,-1,-1,-1,-1,-1,0,3,3,3,3,2,0,3,3,4,0,-1,-1,-1,-1,-1,-1,-1,-1,-1,-1,-1,-1,-1,-1,-1,-1,-1,-1,-1,-1,-1,-1,-1,-1,-1,-1,-1
-1,-1,-1,-1,-1,-1,-1,-1,-1,-1,-1,-1,-1,-1,-1,-1,0,3,3,3,3,3,3,3,4,0,-1,-1,-1,-1,-1,-1,-1,-1,-1,-1,-1,-1,-1,-1,-1,-1,-1,-1,-1,-1,-1,-1,-1,-1,-1,-1,-1
-1,-1,-1,-1,-1,-1,-1,-1,-1,-1,-1,-1,-1,-1,-1,-1,-1,0,3,3,3,3,3,3,0,-1,-1,-1,-1,-1,-1,-1,-1,-1,-1,-1,-1,-1,-1,-1,-1,-1,-1,-1,-1,-1,-1,-1,-1,-1,-1,-1,-1
-1,-1,-1,-1,-1,-1,-1,-1,-1,-1,-1,-1,-1,-1,-1,-1,-1,-1,0,0,0,0,0,0,-1,-1,-1,-1,-1,-1,-1,-1,-1,-1,-1,-1,-1,-1,-1,-1,-1,-1,-1,-1,-1,-1,-1,-1,-1,-1,-1,-1,-1
0.3647059,0.1568628,0.01176471
0.882353,0.6627451,0.4
0.9411765,0.7803922,0.5607843
0.5764706,0.3254902,0.1490196
0.482353,0.254902,0.09803922
1,1,1
