75,63,
-1,-1,-1,-1,-1,-1,-1,0,0,0,0,0,0,0,0,0,0,0,0,0,0,0,0,0,0,0,0,0,0,0,0,0,0,0,0,0,0,0,0,0,0,0,0,0,-1,-1,-1,-1,-1,-1,-1,-1,-1,-1,-1,-1,-1,-1,-1,-1,1,1,-1,-1,-1,-1,-1,-1,-1,-1,-1,-1,-1,-1,-1
-1,-1,-1,-1,-1,-1,-1,0,0,0,0,0,0,0,0,0,0,0,0,0,0,0,0,0,0,0,0,0,0,0,0,0,0,0,0,0,0,0,0,0,0,0,0,0,-1,-1,-1,-1,-1,-1,-1,-1,-1,-1,-1,-1,-1,-1,-1,-1,1,1,-1,-1,-1,-1,-1,-1,-1,-1,-1,-1,-1,-1,-1
-1,-1,-1,-1,-1,-1,-1,0,0,0,0,0,0,0,0,0,0,0,0,0,0,0,0,0,0,0,0,0,0,0,0,0,0,0,0,0,0,0,0,0,0,0,0,0,-1,-1,-1,-1,-1,-1,-1,-1,-1,-1,-1,-1,-1,-1,-1,-1,1,1,-1,-1,-1,-1,-1,-1,-1,-1,-1,-1,-1,-1,-1
-1,-1,-1,-1,0,0,0,2,2,2,2,2,2,2,2,2,2,2,2,2,2,2,2,2,2,2,2,2,2,2,2,2,2,2,2,2,2,2,2,2,2,2,2,2,0,0,0,-1,-1,-1,-1,-1,-1,-1,-1,-1,-1,-1,-1,-1,-1,-1,1,1,-1,-1,-1,-1,-1,-1,-1,-1,-1,-1,-1
-1,-1,-1,-1,0,0,0,2,2,2,2,2,2,2,2,2,2,2,2,2,2,2,2,2,2,2,2,2,2,2,2,2,2,2,2,2,2,2,2,2,2,2,2,2,0,0,0,-1,-1,-1,-1,-1,-1,-1,-1,-1,-1,-1,-1,-1,-1,-1,1,1,-1,-1,-1,-1,-1,-1,-1,-1,-1,-1,-1
-1,-1,-1,-1,0,0,0,2,2,2,2,2,2,2,2,2,2,2,2,2,2,2,2,2,2,2,2,2,2,2,2,2,2,2,2,2,2,2,2,2,2,2,2,2,0,0,0,-1,-1,-1,-1,-1,-1,-1,-1,-1,-1,-1,-1,-1,-1,-1,-1,1,1,-1,-1,-1,-1,-1,-1,-1,-1,-1,-1
-1,-1,-1,-1,0,0,0,2,2,2,2,2,2,2,2,2,2,2,2,2,2,2,2,2,2,2,2,2,2,2,2,2,2,2,2,2,2,2,2,2,2,2,2,2,0,0,0,-1,-1,-1,-1,-1,-1,-1,-1,-1,-1,-1,-1,-1,-1,-1,-1,1,1,-1,-1,-1,-1,-1,-1,-1,-1,-1,-1
0,0,0,0,0,0,0,0,0,0,3,3,3,3,3,2,2,2,2,2,2,0,0,0,2,2,2,0,0,0,2,2,2,2,2,2,2,2,2,2,2,0,0,0,0,0,0,0,0,0,0,-1,-1,-1,-1,-1,-1,-1,-1,-1,-1,-1,-1,1,1,-1,-1,-1,-1,-1,-1,-1,-1,-1,-1
0,0,0,0,0,0,0,0,0,0,3,3,3,3,3,3,3,3,2,2,2,0,0,0,2,2,2,0,0,0,2,2,2,2,2,2,2,2,2,2,2,0,0,0,0,0,0,0,0,0,0,-1,-1,-1,-1,-1,-1,-1,-1,-1,-1,-1,-1,1,1,-1,-1,-1,-1,-1,-1,-1,-1,-1,-1
0,0,0,0,0,0,0,0,0,0,3,3,3,3,3,3,3,3,3,3,2,0,0,0,2,2,2,0,0,0,2,2,2,2,2,2,2,2,2,2,2,0,0,0,0,0,0,0,0,0,0,-1,-1,-1,-1,-1,-1,-1,-1,-1,-1,-1,-1,-1,1,1,-1,-1,-1,-1,-1,-1,-1,-1,-1
-1,-1,-1,-1,0,0,0,4,4,4,3,3,3,3,3,3,3,3,3,3,2,2,2,2,0,0,0,2,2,2,2,2,2,2,2,2,2,2,2,2,2,4,4,4,0,0,0,-1,-1,-1,-1,-1,-1,-1,-1,-1,-1,-1,-1,-1,-1,-1,-1,-1,1,1,-1,-1,-1,-1,-1,-1,-1,-1,-1
-1,-1,-1,-1,0,0,0,4,4,4,3,3,3,3,3,3,3,3,3,3,3,3,3,3,0,0,0,2,2,2,2,2,2,2,2,2,2,2,2,2,2,4,4,4,0,0,0,-1,-1,-1,-1,-1,-1,-1,-1,-1,-1,-1,-1,-1,-1,-1,-1,-1,1,1,-1,-1,-1,-1,-1,-1,-1,-1,-1
-1,-1,-1,-1,0,0,0,4,4,4,3,3,3,3,0,0,0,3,3,3,3,3,3,3,0,0,0,2,2,2,2,2,2,2,0,0,0,2,2,2,2,4,4,4,0,0,0,-1,-1,-1,-1,-1,-1,-1,-1,-1,-1,-1,-1,-1,-1,-1,-1,-1,1,1,-1,-1,-1,-1,-1,-1,-1,-1,-1
-1,-1,-1,-1,0,0,0,3,3,3,3,3,3,3,0,0,0,3,3,3,3,3,3,3,3,3,2,2,2,2,2,2,2,2,0,0,0,2,2,2,2,2,2,2,0,0,0,-1,-1,-1,-1,-1,-1,-1,-1,-1,-1,-1,-1,-1,-1,5,5,5,5,5,5,5,-1,-1,-1,-1,-1,-1,-1
-1,-1,-1,-1,0,0,0,3,3,3,3,3,3,3,0,0,0,3,3,3,3,3,3,3,3,3,2,2,2,2,2,2,2,2,0,0,0,2,2,2,2,2,2,2,0,0,0,-1,-1,-1,-1,-1,-1,-1,-1,-1,-1,-1,-1,-1,-1,5,5,5,5,5,5,5,-1,-1,-1,-1,-1,-1,-1
-1,-1,-1,-1,0,0,0,3,3,3,3,3,3,3,0,0,0,3,3,3,3,3,3,3,3,3,3,3,2,2,2,2,2,2,0,0,0,2,2,2,2,2,2,2,0,0,0,-1,-1,-1,-1,-1,-1,-1,-1,-1,-1,-1,-1,5,5,6,6,6,6,6,6,6,5,5,-1,-1,-1,-1,-1
-1,-1,-1,-1,0,0,0,3,3,3,3,3,3,3,0,0,0,3,3,3,3,3,3,3,3,3,3,3,2,2,2,2,2,2,0,0,0,2,2,2,2,2,2,2,0,0,0,-1,-1,-1,-1,-1,-1,-1,-1,-1,-1,-1,-1,5,5,6,6,6,6,6,6,6,5,5,-1,-1,-1,-1,-1
-1,-1,-1,-1,0,0,0,3,3,3,3,3,3,3,0,0,0,4,4,4,3,3,3,3,4,4,4,3,2,2,2,4,4,4,0,0,0,2,2,2,2,2,2,2,0,0,0,-1,-1,-1,-1,-1,-1,-1,-1,-1,-1,5,5,6,6,6,6,6,6,6,6,6,6,6,5,5,-1,-1,-1
-1,-1,-1,-1,0,0,0,4,4,4,3,3,3,3,3,3,3,4,4,4,3,3,3,3,4,4,4,3,2,2,2,4,4,4,2,2,2,2,2,2,2,4,4,4,0,0,0,-1,-1,-1,-1,-1,-1,-1,-1,-1,-1,5,5,6,6,6,6,6,6,6,6,6,6,6,5,5,-1,-1,-1
-1,-1,-1,-1,0,0,0,4,4,4,3,3,3,3,3,3,3,4,4,4,3,3,3,3,4,4,4,3,2,2,2,4,4,4,2,2,2,2,2,2,2,4,4,4,0,0,0,-1,-1,-1,-1,-1,-1,-1,-1,-1,-1,5,5,6,6,6,6,6,6,6,6,6,5,5,5,5,-1,-1,-1
-1,-1,-1,-1,0,0,0,4,4,4,7,7,7,7,3,3,3,0,0,0,0,0,0,0,0,0,0,0,0,0,0,0,0,0,2,2,2,7,7,7,7,4,4,4,0,0,0,-1,-1,-1,-1,-1,-1,-1,-1,-1,-1,5,5,6,6,6,6,6,6,6,6,6,5,5,5,5,-1,-1,-1
-1,-1,-1,-1,0,0,0,4,4,4,7,7,7,7,3,3,3,0,0,0,0,0,0,0,0,0,0,0,0,0,0,0,0,0,2,2,2,7,7,7,7,4,4,4,0,0,0,-1,-1,-1,-1,-1,-1,-1,-1,-1,-1,5,5,6,6,6,6,7,7,7,5,5,6,6,5,5,-1,-1,-1
-1,-1,-1,-1,0,0,0,4,4,4,7,7,7,7,3,3,3,0,0,0,0,0,0,0,0,0,0,0,0,0,0,0,0,0,2,2,2,7,7,7,7,4,4,4,0,0,0,-1,-1,-1,-1,-1,-1,-1,-1,-1,-1,5,5,6,6,6,6,7,7,7,5,5,6,6,5,5,-1,-1,-1
-1,-1,-1,-1,-1,-1,-1,0,0,0,7,7,7,7,0,0,0,-1,-1,-1,-1,-1,-1,-1,-1,-1,-1,-1,-1,-1,-1,-1,-1,-1,0,0,0,7,7,7,7,0,0,0,-1,-1,-1,-1,-1,-1,-1,-1,-1,-1,-1,-1,-1,5,5,6,6,7,7,5,5,5,6,6,6,6,5,5,-1,-1,-1
-1,-1,-1,-1,-1,-1,-1,0,0,0,7,7,7,7,0,0,0,-1,-1,-1,-1,-1,-1,-1,-1,-1,-1,-1,-1,-1,-1,-1,-1,-1,0,0,0,7,7,7,7,0,0,0,-1,-1,-1,-1,-1,-1,-1,-1,-1,-1,-1,-1,-1,5,5,6,6,7,7,5,5,5,7,7,6,6,5,5,-1,-1,-1
-1,-1,-1,-1,-1,-1,-1,0,0,0,7,7,7,7,0,0,0,-1,-1,-1,-1,-1,-1,-1,-1,-1,-1,-1,-1,-1,-1,-1,-1,-1,0,0,0,7,7,7,7,0,0,0,-1,-1,-1,-1,-1,-1,-1,-1,-1,-1,-1,-1,-1,5,5,7,7,5,5,-1,-1,-1,5,5,7,7,5,5,-1,-1,-1
-1,-1,-1,-1,-1,-1,-1,-1,-1,-1,0,0,0,0,-1,-1,-1,-1,-1,-1,-1,-1,-1,-1,-1,-1,-1,-1,-1,-1,-1,-1,-1,-1,-1,-1,-1,0,0,0,0,-1,-1,-1,-1,-1,-1,-1,-1,-1,-1,-1,-1,-1,-1,-1,-1,5,5,7,7,5,5,-1,-1,-1,5,5,7,7,5,5,-1,-1,-1
-1,-1,-1,-1,-1,-1,-1,-1,-1,-1,0,0,0,0,-1,-1,-1,-1,-1,-1,-1,-1,-1,-1,-1,-1,-1,-1,-1,-1,-1,-1,-1,-1,-1,-1,-1,0,0,0,0,-1,-1,-1,-1,-1,-1,-1,-1,-1,-1,-1,-1,-1,-1,-1,-1,-1,-1,5,5,-1,-1,-1,-1,-1,-1,-1,5,5,-1,-1,-1,-1,-1
-1,-1,-1,-1,-1,-1,-1,-1,-1,-1,0,0,0,0,-1,-1,-1,-1,-1,-1,-1,-1,-1,-1,-1,-1,-1,-1,-1,-1,-1,-1,-1,-1,-1,-1,-1,0,0,0,0,-1,-1,-1,-1,-1,-1,-1,-1,-1,-1,-1,-1,-1,-1,-1,-1,-1,-1,5,5,-1,-1,-1,-1,-1,-1,-1,5,5,-1,-1,-1,-1,-1
-1,-1,-1,-1,-1,-1,-1,-1,-1,-1,-1,-1,-1,-1,-1,-1,-1,-1,-1,-1,-1,-1,-1,-1,-1,-1,-1,-1,-1,-1,-1,-1,-1,-1,-1,-1,-1,-1,-1,-1,-1,-1,-1,-1,-1,-1,-1,-1,-1,-1,-1,-1,-1,-1,-1,-1,-1,-1,-1,-1,-1,-1,-1,-1,-1,-1,-1,-1,-1,-1,-1,-1,-1,-1,-1
-1,-1,-1,-1,-1,-1,-1,-1,-1,-1,-1,-1,-1,-1,-1,-1,-1,-1,-1,-1,-1,-1,-1,-1,-1,-1,-1,-1,-1,-1,-1,-1,-1,-1,-1,-1,-1,-1,-1,-1,-1,-1,-1,-1,-1,-1,-1,-1,-1,-1,-1,-1,-1,-1,-1,-1,-1,-1,-1,-1,-1,-1,-1,-1,-1,-1,-1,-1,-1,-1,-1,-1,-1,-1,-1
-1,-1,-1,-1,-1,-1,-1,-1,-1,-1,-1,-1,-1,-1,-1,-1,-1,-1,-1,-1,-1,-1,-1,-1,-1,-1,-1,-1,-1,-1,-1,-1,-1,-1,-1,-1,-1,-1,-1,-1,-1,-1,-1,-1,-1,-1,-1,-1,-1,-1,-1,-1,-1,-1,-1,-1,-1,-1,-1,-1,-1,-1,-1,-1,-1,-1,-1,-1,-1,-1,-1,-1,-1,-1,-1
-1,-1,-1,-1,-1,-1,-1,-1,-1,-1,-1,-1,-1,-1,-1,-1,-1,-1,-1,-1,-1,-1,-1,-1,-1,-1,-1,-1,-1,-1,-1,-1,-1,-1,-1,-1,-1,-1,-1,-1,-1,-1,-1,-1,-1,-1,-1,-1,-1,-1,-1,-1,-1,-1,-1,-1,-1,-1,-1,-1,-1,-1,-1,-1,-1,-1,-1,-1,-1,-1,-1,-1,-1,-1,-1
-1,-1,-1,-1,-1,-1,-1,-1,-1,-1,-1,-1,-1,-1,-1,-1,-1,-1,-1,-1,-1,-1,-1,-1,-1,-1,-1,-1,-1,-1,-1,-1,-1,-1,-1,-1,-1,-1,-1,-1,-1,-1,-1,-1,-1,-1,-1,-1,-1,-1,-1,-1,-1,-1,-1,-1,-1,-1,-1,-1,-1,-1,-1,-1,-1,-1,-1,-1,-1,-1,-1,-1,-1,-1,-1
-1,-1,-1,-1,-1,-1,-1,-1,-1,-1,-1,-1,-1,1,1,-1,-1,-1,-1,-1,-1,-1,-1,-1,-1,-1,-1,-1,-1,-1,-1,0,0,0,0,0,0,0,0,0,0,0,0,0,0,0,0,0,0,0,0,0,0,0,0,0,0,0,0,0,0,0,0,0,0,0,0,0,-1,-1,-1,-1,-1,-1,-1
-1,-1,-1,-1,-1,-1,-1,-1,-1,-1,-1,-1,-1,1,1,-1,-1,-1,-1,-1,-1,-1,-1,-1,-1,-1,-1,-1,-1,-1,-1,0,0,0,0,0,0,0,0,0,0,0,0,0,0,0,0,0,0,0,0,0,0,0,0,0,0,0,0,0,0,0,0,0,0,0,0,0,-1,-1,-1,-1,-1,-1,-1
-1,-1,-1,-1,-1,-1,-1,-1,-1,-1,-1,-1,-1,1,1,-1,-1,-1,-1,-1,-1,-1,-1,-1,-1,-1,-1,-1,-1,-1,-1,0,0,0,0,0,0,0,0,0,0,0,0,0,0,0,0,0,0,0,0,0,0,0,0,0,0,0,0,0,0,0,0,0,0,0,0,0,-1,-1,-1,-1,-1,-1,-1
-1,-1,-1,-1,-1,-1,-1,-1,-1,-1,-1,1,1,-1,-1,-1,-1,-1,-1,-1,-1,-1,-1,-1,-1,-1,-1,-1,0,0,0,2,2,2,2,2,2,2,2,2,2,2,2,2,2,2,2,2,2,2,2,2,2,2,2,2,2,2,2,2,2,2,2,2,2,2,2,2,0,0,0,-1,-1,-1,-1
-1,-1,-1,-1,-1,-1,-1,-1,-1,-1,-1,1,1,-1,-1,-1,-1,-1,-1,-1,-1,-1,-1,-1,-1,-1,-1,-1,0,0,0,2,2,2,2,2,2,2,2,2,2,2,2,2,2,2,2,2,2,2,2,2,2,2,2,2,2,2,2,2,2,2,2,2,2,2,2,2,0,0,0,-1,-1,-1,-1
-1,-1,-1,-1,-1,-1,-1,-1,-1,-1,1,1,-1,-1,-1,-1,-1,-1,-1,-1,-1,-1,-1,-1,-1,-1,-1,-1,0,0,0,2,2,2,2,2,2,2,2,2,2,2,2,2,2,2,2,2,2,2,2,2,2,2,2,2,2,2,2,2,2,2,2,2,2,2,2,2,0,0,0,-1,-1,-1,-1
-1,-1,-1,-1,-1,-1,-1,-1,-1,-1,1,1,-1,-1,-1,-1,-1,-1,-1,-1,-1,-1,-1,-1,-1,-1,-1,-1,0,0,0,2,2,2,2,2,2,2,2,2,2,2,2,2,2,2,2,2,2,2,2,2,2,2,2,2,2,2,2,2,2,2,2,2,2,2,2,2,0,0,0,-1,-1,-1,-1
-1,-1,-1,-1,-1,-1,-1,-1,-1,-1,1,1,-1,-1,-1,-1,-1,-1,-1,-1,-1,-1,-1,-1,0,0,0,0,0,0,0,0,0,0,2,2,2,2,2,2,2,2,2,2,2,0,0,0,2,2,2,0,0,0,2,2,2,2,2,2,2,2,2,2,2,0,0,0,0,0,0,0,0,0,0
-1,-1,-1,-1,-1,-1,-1,-1,-1,-1,1,1,-1,-1,-1,-1,-1,-1,-1,-1,-1,-1,-1,-1,0,0,0,0,0,0,0,0,0,0,2,2,2,2,2,2,2,2,2,2,2,0,0,0,2,2,2,0,0,0,2,2,2,2,2,2,2,2,2,2,2,0,0,0,0,0,0,0,0,0,0
-1,-1,-1,-1,-1,-1,-1,-1,-1,1,1,-1,-1,-1,-1,-1,-1,-1,-1,-1,-1,-1,-1,-1,0,0,0,0,0,0,0,0,0,0,2,2,2,2,2,2,2,2,2,2,2,0,0,0,2,2,2,0,0,0,2,2,2,2,2,2,2,2,2,2,2,0,0,0,0,0,0,0,0,0,0
-1,-1,-1,-1,-1,-1,-1,-1,-1,1,1,-1,-1,-1,-1,-1,-1,-1,-1,-1,-1,-1,-1,-1,-1,-1,-1,-1,0,0,0,2,2,2,2,2,2,2,2,2,2,2,2,2,2,2,2,2,0,0,0,2,2,2,2,2,2,2,2,2,2,2,2,2,2,2,2,2,0,0,0,-1,-1,-1,-1
-1,-1,-1,-1,-1,-1,-1,-1,-1,1,1,-1,-1,-1,-1,-1,-1,-1,-1,-1,-1,-1,-1,-1,-1,-1,-1,-1,0,0,0,2,2,2,2,2,2,2,8,8,8,2,2,2,2,2,2,2,0,0,0,2,2,2,2,2,2,2,9,9,9,2,2,2,2,2,2,2,0,0,0,-1,-1,-1,-1
-1,-1,-1,-1,-1,-1,-1,-1,-1,1,1,-1,-1,-1,-1,-1,-1,-1,-1,-1,-1,-1,-1,-1,-1,-1,-1,-1,0,0,0,2,2,2,2,2,2,2,8,8,8,2,2,2,2,2,2,2,0,0,0,2,2,2,2,2,2,2,9,9,9,2,2,2,2,2,2,2,0,0,0,-1,-1,-1,-1
-1,-1,-1,-1,-1,-1,-1,5,5,5,5,5,5,5,-1,-1,-1,-1,-1,-1,-1,-1,-1,-1,-1,-1,-1,-1,0,0,0,2,2,2,2,2,2,2,8,8,8,2,2,2,2,2,2,2,2,2,2,2,2,2,2,2,2,2,9,9,9,2,2,2,2,2,2,2,0,0,0,-1,-1,-1,-1
-1,-1,-1,-1,-1,-1,-1,5,5,5,5,5,5,5,-1,-1,-1,-1,-1,-1,-1,-1,-1,-1,-1,-1,-1,-1,0,0,0,2,2,2,2,2,2,2,8,8,8,2,2,2,2,2,2,2,2,2,2,2,2,2,2,2,2,2,9,9,9,2,2,2,2,2,2,2,0,0,0,-1,-1,-1,-1
-1,-1,-1,-1,-1,5,5,6,6,6,6,6,6,6,5,5,-1,-1,-1,-1,-1,-1,-1,-1,-1,-1,-1,-1,0,0,0,2,2,2,2,2,2,2,8,8,8,2,2,2,2,2,2,2,2,2,2,2,2,2,2,2,2,2,9,9,9,2,2,2,2,2,2,2,0,0,0,-1,-1,-1,-1
-1,-1,-1,-1,-1,5,5,6,6,6,6,6,6,6,5,5,-1,-1,-1,-1,-1,-1,-1,-1,-1,-1,-1,-1,0,0,0,2,2,2,2,2,2,2,8,8,8,2,2,2,2,2,2,2,2,2,2,2,2,2,2,2,2,2,9,9,9,2,2,2,2,2,2,2,0,0,0,-1,-1,-1,-1
-1,-1,-1,5,5,6,6,6,6,6,6,6,6,6,6,6,5,5,-1,-1,-1,-1,-1,-1,-1,-1,-1,-1,0,0,0,2,2,2,2,2,2,2,2,2,2,2,2,2,2,2,2,2,2,2,2,2,2,2,2,2,2,2,2,2,2,2,2,2,2,2,2,2,0,0,0,-1,-1,-1,-1
-1,-1,-1,5,5,6,6,6,6,6,6,6,6,6,6,6,5,5,-1,-1,-1,-1,-1,-1,-1,-1,-1,-1,0,0,0,2,2,2,2,2,2,2,2,2,2,2,2,2,2,2,2,2,2,2,2,2,2,2,2,2,2,2,2,2,2,2,2,2,2,2,2,2,0,0,0,-1,-1,-1,-1
-1,-1,-1,5,5,5,5,6,6,6,6,6,6,6,6,6,5,5,-1,-1,-1,-1,-1,-1,-1,-1,-1,-1,0,0,0,2,2,2,2,2,2,2,2,2,2,2,2,2,2,2,2,2,2,2,2,2,2,2,2,2,2,2,2,2,2,2,2,2,2,2,2,2,0,0,0,-1,-1,-1,-1
-1,-1,-1,5,5,5,5,6,6,6,6,6,6,6,6,6,5,5,-1,-1,-1,-1,-1,-1,-1,-1,-1,-1,0,0,0,2,2,2,7,7,7,7,2,2,2,0,0,0,0,0,0,0,0,0,0,0,0,0,0,0,0,0,2,2,2,7,7,7,7,2,2,2,0,0,0,-1,-1,-1,-1
-1,-1,-1,5,5,6,6,5,5,7,7,7,6,6,6,6,5,5,-1,-1,-1,-1,-1,-1,-1,-1,-1,-1,0,0,0,2,2,2,7,7,7,7,2,2,2,0,0,0,0,0,0,0,0,0,0,0,0,0,0,0,0,0,2,2,2,7,7,7,7,2,2,2,0,0,0,-1,-1,-1,-1
-1,-1,-1,5,5,6,6,5,5,7,7,7,6,6,6,6,5,5,-1,-1,-1,-1,-1,-1,-1,-1,-1,-1,0,0,0,2,2,2,7,7,7,7,2,2,2,0,0,0,0,0,0,0,0,0,0,0,0,0,0,0,0,0,2,2,2,7,7,7,7,2,2,2,0,0,0,-1,-1,-1,-1
-1,-1,-1,5,5,6,6,6,6,5,5,5,7,7,6,6,5,5,-1,-1,-1,-1,-1,-1,-1,-1,-1,-1,-1,-1,-1,0,0,0,7,7,7,7,0,0,0,-1,-1,-1,-1,-1,-1,-1,-1,-1,-1,-1,-1,-1,-1,-1,-1,-1,0,0,0,7,7,7,7,0,0,0,-1,-1,-1,-1,-1,-1,-1
-1,-1,-1,5,5,6,6,7,7,5,5,5,7,7,6,6,5,5,-1,-1,-1,-1,-1,-1,-1,-1,-1,-1,-1,-1,-1,0,0,0,7,7,7,7,0,0,0,-1,-1,-1,-1,-1,-1,-1,-1,-1,-1,-1,-1,-1,-1,-1,-1,-1,0,0,0,7,7,7,7,0,0,0,-1,-1,-1,-1,-1,-1,-1
-1,-1,-1,5,5,7,7,5,5,-1,-1,-1,5,5,7,7,5,5,-1,-1,-1,-1,-1,-1,-1,-1,-1,-1,-1,-1,-1,0,0,0,7,7,7,7,0,0,0,-1,-1,-1,-1,-1,-1,-1,-1,-1,-1,-1,-1,-1,-1,-1,-1,-1,0,0,0,7,7,7,7,0,0,0,-1,-1,-1,-1,-1,-1,-1
-1,-1,-1,5,5,7,7,5,5,-1,-1,-1,5,5,7,7,5,5,-1,-1,-1,-1,-1,-1,-1,-1,-1,-1,-1,-1,-1,-1,-1,-1,0,0,0,0,-1,-1,-1,-1,-1,-1,-1,-1,-1,-1,-1,-1,-1,-1,-1,-1,-1,-1,-1,-1,-1,-1,-1,0,0,0,0,-1,-1,-1,-1,-1,-1,-1,-1,-1,-1
-1,-1,-1,-1,-1,5,5,-1,-1,-1,-1,-1,-1,-1,5,5,-1,-1,-1,-1,-1,-1,-1,-1,-1,-1,-1,-1,-1,-1,-1,-1,-1,-1,0,0,0,0,-1,-1,-1,-1,-1,-1,-1,-1,-1,-1,-1,-1,-1,-1,-1,-1,-1,-1,-1,-1,-1,-1,-1,0,0,0,0,-1,-1,-1,-1,-1,-1,-1,-1,-1,-1
-1,-1,-1,-1,-1,5,5,-1,-1,-1,-1,-1,-1,-1,5,5,-1,-1,-1,-1,-1,-1,-1,-1,-1,-1,-1,-1,-1,-1,-1,-1,-1,-1,0,0,0,0,-1,-1,-1,-1,-1,-1,-1,-1,-1,-1,-1,-1,-1,-1,-1,-1,-1,-1,-1,-1,-1,-1,-1,0,0,0,0,-1,-1,-1,-1,-1,-1,-1,-1,-1,-1
0,0,0
0.4784314,0.4784314,0.4784314
0.9803922,0.9803922,0.9803922
0.6431373,0.6431373,0.6431373
0.4470589,0.4470589,0.4470589
0.1843137,0.1843137,0.1843137
0.5960785,0.5960785,0.5960785
0.8313726,0.8313726,0.8313726
0.7803922,0.7803922,0.7803922
0.454902,0.454902,0.454902
