68,79,
-1,-1,-1,-1,-1,-1,-1,-1,-1,-1,-1,-1,-1,-1,-1,-1,-1,-1,-1,-1,-1,-1,-1,-1,-1,-1,-1,-1,-1,-1,-1,0,0,0,0,0,0,-1,-1,-1,-1,-1,-1,-1,-1,-1,-1,-1,-1,-1,-1,-1,-1,-1,-1,-1,-1,-1,-1,-1,-1,-1,-1,-1,-1,-1,-1,-1
-1,-1,-1,-1,-1,-1,-1,-1,-1,-1,-1,-1,-1,-1,-1,-1,-1,-1,-1,-1,-1,-1,-1,-1,-1,-1,-1,-1,-1,-1,0,1,1,0,0,1,1,0,-1,-1,-1,-1,-1,-1,-1,-1,-1,-1,-1,-1,-1,-1,-1,-1,-1,-1,-1,-1,-1,-1,-1,-1,-1,-1,-1,-1,-1,-1
-1,-1,-1,-1,-1,-1,-1,-1,-1,-1,-1,-1,-1,-1,-1,-1,-1,-1,-1,-1,-1,-1,-1,-1,-1,-1,-1,-1,-1,0,1,1,1,0,0,1,1,1,0,-1,-1,-1,-1,-1,-1,-1,-1,-1,-1,-1,-1,-1,-1,-1,-1,-1,-1,-1,-1,-1,-1,-1,-1,-1,-1,-1,-1,-1
-1,-1,-1,-1,-1,-1,-1,-1,-1,-1,-1,-1,-1,-1,-1,-1,-1,-1,-1,-1,-1,-1,-1,-1,-1,-1,-1,-1,0,1,1,1,1,0,0,1,1,1,1,0,-1,-1,-1,-1,-1,-1,-1,-1,-1,-1,-1,-1,-1,-1,-1,-1,-1,-1,-1,-1,-1,-1,-1,-1,-1,-1,-1,-1
-1,-1,-1,-1,-1,-1,-1,-1,-1,-1,-1,-1,-1,-1,-1,-1,-1,-1,-1,-1,-1,-1,-1,-1,-1,-1,-1,-1,0,1,1,1,0,0,0,0,1,1,1,0,-1,-1,-1,-1,-1,-1,-1,-1,-1,-1,-1,-1,-1,-1,-1,-1,-1,-1,-1,-1,-1,-1,-1,-1,-1,-1,-1,-1
-1,-1,-1,-1,-1,-1,-1,-1,-1,-1,-1,-1,-1,-1,-1,-1,-1,-1,-1,-1,-1,-1,-1,-1,-1,-1,-1,-1,0,1,1,1,0,0,0,0,1,1,1,0,-1,-1,-1,-1,-1,-1,-1,-1,-1,-1,-1,-1,-1,-1,-1,-1,-1,-1,-1,-1,-1,-1,-1,-1,-1,-1,-1,-1
-1,-1,-1,-1,-1,-1,-1,-1,-1,-1,-1,-1,-1,-1,-1,-1,-1,-1,-1,-1,-1,-1,-1,-1,-1,-1,-1,-1,0,1,1,1,1,1,1,1,1,1,1,0,-1,-1,-1,-1,-1,-1,-1,-1,-1,-1,-1,-1,-1,-1,-1,-1,-1,-1,-1,-1,-1,-1,-1,-1,-1,-1,-1,-1
-1,-1,-1,-1,-1,-1,-1,-1,-1,-1,-1,-1,-1,-1,-1,-1,-1,-1,-1,-1,-1,-1,2,2,2,2,2,2,0,0,0,1,1,1,1,1,1,0,0,0,2,2,2,2,2,2,-1,-1,-1,-1,-1,-1,-1,-1,-1,-1,-1,-1,-1,-1,-1,-1,-1,-1,-1,-1,-1,-1
-1,-1,-1,-1,-1,-1,-1,-1,-1,-1,-1,-1,-1,-1,-1,-1,-1,-1,-1,-1,2,2,3,3,3,3,3,3,0,1,1,1,4,4,1,1,1,1,1,0,3,3,3,3,3,3,2,2,-1,-1,-1,-1,-1,-1,-1,-1,-1,-1,-1,-1,-1,-1,-1,-1,-1,-1,-1,-1
-1,-1,-1,-1,-1,-1,-1,-1,-1,-1,-1,-1,-1,-1,-1,-1,-1,-1,-1,2,3,3,5,5,5,5,5,5,0,1,1,1,4,4,1,1,1,1,1,0,5,5,5,5,5,5,3,3,2,-1,-1,-1,-1,-1,-1,-1,-1,-1,-1,-1,-1,-1,-1,-1,-1,-1,-1,-1
-1,-1,-1,-1,-1,-1,-1,-1,-1,-1,-1,-1,-1,-1,-1,-1,2,2,2,3,5,5,5,5,5,5,5,5,2,0,1,1,1,1,1,1,1,1,0,2,5,5,5,5,5,5,5,5,3,2,2,2,-1,-1,-1,-1,-1,-1,-1,-1,-1,-1,-1,-1,-1,-1,-1,-1
-1,-1,-1,-1,-1,-1,-1,-1,-1,-1,-1,-1,-1,-1,-1,2,3,3,3,5,5,5,5,5,5,2,2,2,6,6,0,0,1,1,1,1,0,0,6,6,2,2,2,5,5,5,5,5,5,3,3,3,2,-1,-1,-1,-1,-1,-1,-1,-1,-1,-1,-1,-1,-1,-1,-1
-1,-1,-1,-1,-1,-1,-1,-1,-1,-1,-1,2,2,2,2,3,3,5,5,5,5,2,2,2,2,6,6,6,6,6,6,6,0,0,0,0,6,6,6,6,6,6,6,2,2,2,2,5,5,5,5,3,3,2,2,2,2,-1,-1,-1,-1,-1,-1,-1,-1,-1,-1,-1
-1,-1,-1,-1,-1,-1,-1,-1,-1,-1,2,3,3,3,3,3,3,5,5,5,2,6,6,6,6,6,6,6,6,6,6,6,6,6,6,6,6,6,6,6,6,6,6,6,6,6,6,2,5,5,5,3,3,3,3,3,3,2,-1,-1,-1,-1,-1,-1,-1,-1,-1,-1
-1,-1,-1,-1,-1,-1,-1,-1,-1,-1,2,3,3,3,3,3,2,2,2,2,6,6,6,6,6,7,7,7,7,7,7,7,7,7,7,7,7,7,7,7,7,7,7,6,6,6,6,6,2,2,2,2,3,3,3,3,3,2,-1,-1,-1,-1,-1,-1,-1,-1,-1,-1
-1,-1,-1,-1,-1,-1,-1,-1,-1,-1,2,3,3,3,3,2,6,6,6,6,7,7,7,7,7,7,7,7,7,7,7,7,7,7,7,7,7,7,7,7,7,7,7,7,7,7,7,7,6,6,6,6,2,3,3,3,3,2,-1,-1,-1,-1,-1,-1,-1,-1,-1,-1
-1,-1,-1,-1,-1,-1,-1,-1,-1,-1,2,2,2,2,2,6,6,7,7,7,7,7,7,7,7,7,7,7,7,7,7,7,7,7,7,7,7,7,7,7,7,7,7,7,7,7,7,7,7,7,7,6,6,2,2,2,2,2,-1,-1,-1,-1,-1,-1,-1,-1,-1,-1
-1,-1,-1,-1,-1,-1,-1,-1,2,2,2,6,6,6,6,7,7,7,7,7,7,7,7,7,7,7,7,7,7,7,7,7,7,7,7,7,7,7,7,7,7,7,7,7,7,7,7,7,7,7,7,7,7,6,6,6,6,2,2,2,-1,-1,-1,-1,-1,-1,-1,-1
-1,-1,-1,-1,-1,-1,-1,2,6,6,6,7,7,7,7,7,7,7,7,7,7,7,7,7,7,7,7,7,7,7,7,7,7,7,7,7,7,7,7,7,7,7,7,7,7,7,7,7,7,7,7,7,7,7,7,7,7,6,6,6,2,-1,-1,-1,-1,-1,-1,-1
-1,-1,-1,-1,-1,-1,2,6,7,7,7,7,7,5,5,5,5,5,7,7,7,7,7,7,7,7,7,7,7,7,7,7,7,7,7,7,7,7,7,7,7,7,7,7,7,7,7,7,7,7,5,5,5,5,5,7,7,7,7,7,6,2,-1,-1,-1,-1,-1,-1
-1,-1,-1,-1,-1,2,6,7,7,7,7,7,5,5,5,5,5,5,5,7,7,7,7,7,7,7,7,7,7,7,7,7,7,7,7,7,7,7,7,7,7,7,7,7,7,7,7,7,7,5,5,5,5,5,5,5,7,7,7,7,7,6,2,-1,-1,-1,-1,-1
-1,-1,-1,-1,2,7,7,7,7,7,5,5,5,5,7,7,7,5,5,5,5,7,7,7,7,7,7,7,7,7,7,7,7,7,7,7,7,7,7,7,7,7,7,7,7,7,7,5,5,5,5,7,7,7,5,5,5,5,7,7,7,7,7,2,-1,-1,-1,-1
-1,-1,-1,-1,2,7,7,7,5,5,5,7,7,7,7,7,7,7,7,7,7,7,7,7,7,7,7,7,7,7,2,2,7,7,7,7,2,2,7,7,7,7,7,7,7,7,7,7,7,7,7,7,7,7,7,7,7,5,5,5,7,7,7,2,-1,-1,-1,-1
-1,-1,-1,2,7,7,7,5,5,5,7,7,7,7,7,7,7,7,7,7,7,7,7,7,7,7,7,7,7,2,2,2,2,7,7,2,2,2,2,7,7,7,7,7,7,7,7,7,7,7,7,7,7,7,7,7,7,7,5,5,5,7,7,7,2,-1,-1,-1
-1,-1,2,7,7,7,5,5,5,7,7,7,7,7,7,7,7,7,7,7,7,7,7,7,7,7,7,7,2,7,7,7,2,2,2,2,7,7,7,2,7,7,7,7,7,7,7,7,7,7,7,7,7,7,7,7,7,7,7,5,5,5,7,7,7,2,-1,-1
-1,2,7,7,7,5,5,5,7,7,7,7,7,5,5,5,5,7,7,7,7,7,7,7,7,7,7,7,7,7,7,7,7,2,2,7,7,7,7,7,7,7,7,7,7,7,7,7,7,7,7,5,5,5,5,7,7,7,7,7,5,5,5,7,7,7,2,-1
2,7,7,7,7,7,7,7,7,7,5,5,5,5,5,5,5,5,5,5,5,7,7,7,7,7,7,7,7,7,7,2,2,2,2,2,2,7,7,7,7,7,7,7,7,7,7,5,5,5,5,5,5,5,5,5,5,5,7,7,7,7,7,7,7,7,7,2
2,7,7,7,7,7,7,7,7,7,5,5,5,5,5,5,5,5,5,5,5,5,7,7,7,7,7,7,7,7,7,2,2,2,2,2,2,7,7,7,7,7,7,7,7,7,5,5,5,5,5,5,5,5,5,5,5,5,7,7,7,7,7,7,7,7,7,2
2,7,7,7,7,7,7,7,5,5,5,5,5,5,5,5,7,7,7,7,7,7,7,2,2,2,7,7,7,7,7,7,7,7,7,7,7,7,7,7,7,7,2,2,2,7,7,7,7,7,7,7,5,5,5,5,5,5,5,5,7,7,7,7,7,7,7,2
2,7,7,7,7,7,7,7,5,5,5,5,5,5,5,7,7,7,7,7,7,7,2,2,2,2,7,7,7,7,7,7,7,7,7,7,7,7,7,7,7,7,2,2,2,2,7,7,7,7,7,7,7,5,5,5,5,5,5,5,7,7,7,7,7,7,7,2
-1,2,7,7,7,7,7,7,5,5,5,5,5,7,7,7,2,2,2,2,2,2,2,2,7,7,7,7,7,7,7,7,7,7,7,7,7,7,7,7,7,7,7,7,2,2,2,2,2,2,2,2,7,7,7,5,5,5,5,5,7,7,7,7,7,7,2,-1
-1,2,7,7,7,7,7,7,5,5,5,5,7,7,7,7,2,2,2,2,2,2,2,2,7,7,7,7,7,7,7,7,7,7,7,7,7,7,7,7,7,7,7,7,2,2,2,2,2,2,2,2,7,7,7,7,5,5,5,5,7,7,7,7,7,7,2,-1
-1,2,7,7,7,7,7,7,5,5,5,5,7,7,7,7,7,2,2,2,2,2,2,7,7,7,7,7,7,7,7,7,7,7,7,7,7,7,7,7,7,7,7,7,7,2,2,2,2,2,2,7,7,7,7,7,5,5,5,5,7,7,7,7,7,7,2,-1
-1,2,7,7,7,7,7,7,7,7,5,5,7,7,7,7,7,7,7,7,7,7,7,7,7,7,7,7,7,7,7,7,7,7,7,7,7,7,7,7,7,7,7,7,7,7,7,7,7,7,7,7,7,7,7,7,5,5,7,7,7,7,7,7,7,7,2,-1
-1,-1,2,7,7,7,7,7,7,7,7,7,7,7,7,7,7,7,7,7,7,7,7,7,7,7,7,7,7,7,7,7,7,7,7,7,7,7,7,7,7,7,7,7,7,7,7,7,7,7,7,7,7,7,7,7,7,7,7,7,7,7,7,7,7,2,-1,-1
-1,-1,-1,2,7,7,7,7,7,7,7,7,7,7,7,7,7,7,7,7,7,7,7,7,7,5,5,5,7,7,7,7,7,5,5,7,7,7,7,7,5,5,5,7,7,7,7,7,7,7,7,7,7,7,7,7,7,7,7,7,7,7,7,7,2,-1,-1,-1
-1,-1,-1,-1,2,7,7,7,7,7,7,7,7,7,7,7,7,7,7,7,7,7,7,7,5,5,5,5,7,7,7,7,7,5,5,7,7,7,7,7,5,5,5,5,7,7,7,7,7,7,7,7,7,7,7,7,7,7,7,7,7,7,7,2,-1,-1,-1,-1
-1,-1,-1,-1,-1,2,7,7,7,7,7,7,7,7,7,7,7,7,7,7,7,7,7,7,5,5,5,5,5,5,7,7,7,5,5,7,7,7,5,5,5,5,5,5,7,7,7,7,7,7,7,7,7,7,7,7,7,7,7,7,7,7,2,-1,-1,-1,-1,-1
-1,-1,-1,-1,-1,2,7,7,7,7,7,7,7,7,7,7,7,7,7,7,7,7,7,7,7,5,5,5,5,5,7,7,7,5,5,7,7,7,5,5,5,5,5,7,7,7,7,7,7,7,7,7,7,7,7,7,7,7,7,7,7,7,2,-1,-1,-1,-1,-1
-1,-1,-1,-1,-1,2,7,7,7,7,7,7,7,7,7,7,7,7,7,7,7,7,7,7,7,5,5,5,5,5,7,7,7,5,5,7,7,7,5,5,5,5,5,7,7,7,7,7,7,7,7,7,7,7,7,7,7,7,7,7,7,7,2,-1,-1,-1,-1,-1
-1,-1,-1,-1,-1,2,7,7,7,7,7,7,7,7,7,7,7,7,7,7,7,7,7,7,7,7,5,5,5,5,7,7,5,5,5,5,7,7,5,5,5,5,7,7,7,7,7,7,7,7,7,7,7,7,7,7,7,7,7,7,7,7,2,-1,-1,-1,-1,-1
-1,-1,-1,-1,-1,2,7,7,7,7,7,7,7,7,7,7,7,7,7,7,7,7,7,7,7,7,5,5,5,7,7,5,5,5,5,5,5,7,7,5,5,5,7,7,7,7,7,7,7,7,7,7,7,7,7,7,7,7,7,7,7,7,2,-1,-1,-1,-1,-1
-1,-1,-1,-1,-1,-1,2,7,7,7,7,7,7,7,7,7,7,7,7,7,7,7,7,7,7,7,7,7,7,7,7,5,5,5,5,5,5,7,7,7,7,7,7,7,7,7,7,7,7,7,7,7,7,7,7,7,7,7,7,7,7,2,-1,-1,-1,-1,-1,-1
-1,-1,-1,-1,-1,-1,-1,2,7,7,7,7,7,7,7,7,7,7,7,7,7,7,7,7,7,7,7,7,7,7,7,5,5,5,5,5,5,7,7,7,7,7,7,7,7,7,7,7,7,7,7,7,7,7,7,7,7,7,7,7,2,-1,-1,-1,-1,-1,-1,-1
-1,-1,-1,-1,-1,-1,-1,2,7,7,7,7,7,7,7,7,7,7,7,7,7,7,7,7,7,7,7,7,7,7,7,5,5,5,5,5,5,7,7,7,7,7,7,7,7,7,7,7,7,7,7,7,7,7,7,7,7,7,7,7,2,-1,-1,-1,-1,-1,-1,-1
-1,-1,-1,-1,-1,-1,-1,2,7,7,7,7,7,7,7,7,7,7,7,7,7,7,7,7,7,7,7,7,7,7,7,7,5,5,5,5,7,7,7,7,7,7,7,7,7,7,7,7,7,7,7,7,7,7,7,7,7,7,7,7,2,-1,-1,-1,-1,-1,-1,-1
-1,-1,-1,-1,-1,-1,-1,2,7,7,7,7,7,7,7,7,7,7,7,7,7,7,7,7,7,7,7,7,7,7,7,7,7,5,5,7,7,7,7,7,7,7,7,7,7,7,7,7,7,7,7,7,7,7,7,7,7,7,7,7,2,-1,-1,-1,-1,-1,-1,-1
-1,-1,-1,-1,-1,-1,-1,2,7,7,7,7,7,7,7,7,7,7,7,7,7,7,7,7,7,7,7,7,7,7,7,7,7,7,7,7,7,7,7,7,7,7,7,7,7,7,7,7,7,7,7,7,7,7,7,7,7,7,7,7,2,-1,-1,-1,-1,-1,-1,-1
-1,-1,-1,-1,-1,-1,-1,2,7,7,7,7,7,7,7,7,7,7,7,7,7,7,7,7,7,7,7,7,7,7,7,7,7,7,7,7,7,7,7,7,7,7,7,7,7,7,7,7,7,7,7,7,7,7,7,7,7,7,7,7,2,-1,-1,-1,-1,-1,-1,-1
-1,-1,-1,-1,-1,-1,-1,2,7,7,7,7,7,7,7,7,7,7,7,7,7,7,7,7,7,7,7,7,7,7,7,7,7,7,7,7,7,7,7,7,7,7,7,7,7,7,7,7,7,7,7,7,7,7,7,7,7,7,7,7,2,-1,-1,-1,-1,-1,-1,-1
-1,-1,-1,-1,-1,-1,-1,2,7,7,7,7,7,7,7,7,7,7,7,7,7,7,7,7,7,7,7,7,7,7,7,7,7,7,7,7,7,7,7,7,7,7,7,7,7,7,7,7,7,7,7,7,7,7,7,7,7,7,7,7,2,-1,-1,-1,-1,-1,-1,-1
-1,-1,-1,-1,-1,-1,-1,2,7,7,7,7,7,7,7,7,7,7,7,7,7,7,7,7,7,7,7,7,7,7,7,7,7,7,7,7,7,7,7,7,7,7,7,7,7,7,7,7,7,7,7,7,7,7,7,7,7,7,7,7,2,-1,-1,-1,-1,-1,-1,-1
-1,-1,-1,-1,-1,-1,-1,2,7,7,7,7,7,7,7,7,7,7,7,7,7,7,7,7,7,7,7,7,7,7,7,7,7,7,7,7,7,7,7,7,7,7,7,7,7,7,7,7,7,7,7,7,7,7,7,7,7,7,7,7,2,-1,-1,-1,-1,-1,-1,-1
-1,-1,-1,-1,-1,-1,-1,2,7,7,7,7,7,7,2,6,7,7,7,7,7,7,7,7,7,7,7,7,7,7,7,7,7,7,7,7,7,7,7,7,7,7,7,7,7,7,7,7,7,7,7,6,6,2,7,7,7,7,7,7,2,-1,-1,-1,-1,-1,-1,-1
-1,-1,-1,-1,-1,-1,-1,2,7,7,7,7,7,7,2,6,7,7,7,7,7,7,7,7,7,7,7,7,7,7,7,7,7,7,7,7,7,7,7,7,7,7,7,7,7,7,7,7,7,7,7,6,6,2,7,7,7,7,7,7,2,-1,-1,-1,-1,-1,-1,-1
-1,-1,-1,-1,-1,-1,-1,2,7,7,7,7,7,7,2,6,7,7,7,7,7,7,7,2,7,7,7,7,7,7,7,2,2,2,2,2,2,7,7,7,7,7,7,7,2,7,7,7,7,7,7,6,6,2,7,7,7,7,7,7,2,-1,-1,-1,-1,-1,-1,-1
-1,-1,-1,-1,-1,-1,-1,2,7,7,7,7,7,7,2,6,6,7,7,7,7,7,2,7,7,7,7,7,7,7,2,-1,-1,-1,-1,-1,-1,2,7,7,7,7,7,7,7,2,7,7,7,7,6,6,6,2,7,7,7,7,7,7,2,-1,-1,-1,-1,-1,-1,-1
-1,-1,-1,-1,-1,-1,-1,2,7,7,7,7,7,7,2,6,6,6,7,7,7,7,2,7,7,7,7,7,7,7,2,-1,-1,-1,-1,-1,-1,2,7,7,7,7,7,7,7,2,7,7,7,6,6,6,6,2,7,7,7,7,7,7,2,-1,-1,-1,-1,-1,-1,-1
-1,-1,-1,-1,-1,-1,-1,2,7,7,7,7,5,5,5,2,6,6,7,7,6,2,7,7,7,7,7,7,7,2,-1,-1,-1,-1,-1,-1,-1,-1,2,7,7,7,7,7,7,7,2,6,7,6,6,6,2,5,5,7,7,7,7,7,2,-1,-1,-1,-1,-1,-1,-1
-1,-1,-1,-1,-1,-1,-1,2,7,7,7,7,5,5,5,5,2,6,7,6,6,2,7,7,7,7,7,7,7,2,-1,-1,-1,-1,-1,-1,-1,-1,2,7,7,7,7,7,7,7,2,6,6,6,6,2,5,5,5,5,7,7,7,7,2,-1,-1,-1,-1,-1,-1,-1
-1,-1,-1,-1,-1,-1,-1,-1,2,7,7,7,5,5,5,5,2,6,6,6,2,7,7,7,7,7,7,7,7,2,-1,-1,-1,-1,-1,-1,-1,-1,2,7,7,7,7,7,7,7,7,2,6,6,6,2,5,5,5,5,7,7,7,2,-1,-1,-1,-1,-1,-1,-1,-1
-1,-1,-1,-1,-1,-1,-1,-1,2,7,7,7,5,5,5,5,2,6,6,2,7,7,7,7,7,7,7,7,2,-1,-1,-1,-1,-1,-1,-1,-1,-1,-1,2,7,7,7,7,7,7,7,7,2,6,6,2,5,5,5,5,7,7,7,2,-1,-1,-1,-1,-1,-1,-1,-1
-1,-1,-1,-1,-1,-1,-1,-1,2,7,7,7,2,5,5,5,5,2,2,7,7,7,7,7,7,7,7,2,-1,-1,-1,-1,-1,-1,-1,-1,-1,-1,-1,-1,2,7,7,7,7,7,7,7,7,2,2,5,5,5,5,2,7,7,7,2,-1,-1,-1,-1,-1,-1,-1,-1
-1,-1,-1,-1,-1,-1,-1,-1,2,7,7,7,2,2,5,5,5,5,5,7,7,7,7,7,7,7,7,2,-1,-1,-1,-1,-1,-1,-1,-1,-1,-1,-1,-1,2,7,7,7,7,7,7,7,7,5,5,5,5,5,2,2,7,7,7,2,-1,-1,-1,-1,-1,-1,-1,-1
-1,-1,-1,-1,-1,-1,-1,-1,-1,2,7,7,2,2,5,5,5,5,5,7,7,7,7,7,7,7,2,-1,-1,-1,-1,-1,-1,-1,-1,-1,-1,-1,-1,-1,-1,2,7,7,7,7,7,7,7,5,5,5,5,5,2,2,7,7,2,-1,-1,-1,-1,-1,-1,-1,-1,-1
-1,-1,-1,-1,-1,-1,-1,-1,-1,2,2,2,2,2,5,5,5,5,5,7,7,7,7,7,7,2,-1,-1,-1,-1,-1,-1,-1,-1,-1,-1,-1,-1,-1,-1,-1,-1,2,7,7,7,7,7,7,5,5,5,5,5,2,2,2,2,2,-1,-1,-1,-1,-1,-1,-1,-1,-1
-1,-1,-1,-1,-1,-1,-1,-1,-1,-1,2,2,2,2,5,5,5,5,5,7,7,7,7,7,7,2,-1,-1,-1,-1,-1,-1,-1,-1,-1,-1,-1,-1,-1,-1,-1,-1,2,7,7,7,7,7,7,5,5,5,5,5,2,2,2,2,-1,-1,-1,-1,-1,-1,-1,-1,-1,-1
-1,-1,-1,-1,-1,-1,-1,-1,-1,-1,2,2,2,2,5,5,5,5,5,2,2,7,7,7,7,2,-1,-1,-1,-1,-1,-1,-1,-1,-1,-1,-1,-1,-1,-1,-1,-1,2,7,7,7,7,2,2,5,5,5,5,5,2,2,2,2,-1,-1,-1,-1,-1,-1,-1,-1,-1,-1
-1,-1,-1,-1,-1,-1,-1,-1,-1,-1,2,2,2,2,5,5,5,5,5,2,2,7,7,7,7,2,-1,-1,-1,-1,-1,-1,-1,-1,-1,-1,-1,-1,-1,-1,-1,-1,2,7,7,7,7,2,2,5,5,5,5,5,2,2,2,2,-1,-1,-1,-1,-1,-1,-1,-1,-1,-1
-1,-1,-1,-1,-1,-1,-1,-1,-1,-1,2,2,2,2,2,5,5,2,2,2,2,2,2,2,2,-1,-1,-1,-1,-1,-1,-1,-1,-1,-1,-1,-1,-1,-1,-1,-1,-1,-1,2,2,2,2,2,2,2,2,5,5,2,2,2,2,2,-1,-1,-1,-1,-1,-1,-1,-1,-1,-1
-1,-1,-1,-1,-1,-1,-1,-1,-1,-1,2,2,2,2,2,2,2,2,2,2,2,2,2,2,-1,-1,-1,-1,-1,-1,-1,-1,-1,-1,-1,-1,-1,-1,-1,-1,-1,-1,-1,-1,2,2,2,2,2,2,2,2,2,2,2,2,2,2,-1,-1,-1,-1,-1,-1,-1,-1,-1,-1
-1,-1,-1,-1,-1,-1,-1,-1,-1,-1,2,2,2,2,2,2,2,2,2,2,2,2,2,-1,-1,-1,-1,-1,-1,-1,-1,-1,-1,-1,-1,-1,-1,-1,-1,-1,-1,-1,-1,-1,-1,2,2,2,2,2,2,2,2,2,2,2,2,2,-1,-1,-1,-1,-1,-1,-1,-1,-1,-1
-1,-1,-1,-1,-1,-1,-1,-1,-1,-1,-1,2,2,2,2,2,2,2,2,2,2,2,2,-1,-1,-1,-1,-1,-1,-1,-1,-1,-1,-1,-1,-1,-1,-1,-1,-1,-1,-1,-1,-1,-1,2,2,2,2,2,2,2,2,2,2,2,2,-1,-1,-1,-1,-1,-1,-1,-1,-1,-1,-1
-1,-1,-1,-1,-1,-1,-1,-1,-1,-1,-1,-1,2,2,2,2,2,2,2,2,2,2,-1,-1,-1,-1,-1,-1,-1,-1,-1,-1,-1,-1,-1,-1,-1,-1,-1,-1,-1,-1,-1,-1,-1,-1,2,2,2,2,2,2,2,2,2,2,-1,-1,-1,-1,-1,-1,-1,-1,-1,-1,-1,-1
-1,-1,-1,-1,-1,-1,-1,-1,-1,-1,-1,-1,2,2,2,2,2,2,2,2,2,-1,-1,-1,-1,-1,-1,-1,-1,-1,-1,-1,-1,-1,-1,-1,-1,-1,-1,-1,-1,-1,-1,-1,-1,-1,-1,2,2,2,2,2,2,2,2,2,-1,-1,-1,-1,-1,-1,-1,-1,-1,-1,-1,-1
-1,-1,-1,-1,-1,-1,-1,-1,-1,-1,-1,-1,2,2,2,2,2,2,2,2,2,-1,-1,-1,-1,-1,-1,-1,-1,-1,-1,-1,-1,-1,-1,-1,-1,-1,-1,-1,-1,-1,-1,-1,-1,-1,-1,2,2,2,2,2,2,2,2,2,-1,-1,-1,-1,-1,-1,-1,-1,-1,-1,-1,-1
-1,-1,-1,-1,-1,-1,-1,-1,-1,-1,-1,-1,-1,2,2,2,2,2,2,2,2,-1,-1,-1,-1,-1,-1,-1,-1,-1,-1,-1,-1,-1,-1,-1,-1,-1,-1,-1,-1,-1,-1,-1,-1,-1,-1,2,2,2,2,2,2,2,2,-1,-1,-1,-1,-1,-1,-1,-1,-1,-1,-1,-1,-1
-1,-1,-1,-1,-1,-1,-1,-1,-1,-1,-1,-1,-1,-1,2,2,2,2,2,2,-1,-1,-1,-1,-1,-1,-1,-1,-1,-1,-1,-1,-1,-1,-1,-1,-1,-1,-1,-1,-1,-1,-1,-1,-1,-1,-1,-1,2,2,2,2,2,2,-1,-1,-1,-1,-1,-1,-1,-1,-1,-1,-1,-1,-1,-1
-1,-1,-1,-1,-1,-1,-1,-1,-1,-1,-1,-1,-1,-1,-1,2,2,2,2,-1,-1,-1,-1,-1,-1,-1,-1,-1,-1,-1,-1,-1,-1,-1,-1,-1,-1,-1,-1,-1,-1,-1,-1,-1,-1,-1,-1,-1,-1,2,2,2,2,-1,-1,-1,-1,-1,-1,-1,-1,-1,-1,-1,-1,-1,-1,-1
0.4117647,0.2392157,0
0.9764706,0.6862745,0.1411765
0.2705882,0,0
0.7921569,0.2196079,0.2431373
1,0.9568628,0.8745099
0.9019608,0.4352942,0.454902
0.9647059,0.8352942,0.6431373
1,0.9450981,0.8627452
