67,52,
-1,-1,-1,-1,-1,-1,-1,-1,-1,-1,-1,-1,-1,-1,-1,-1,-1,-1,-1,-1,-1,-1,-1,-1,-1,-1,-1,-1,-1,-1,-1,-1,-1,0,-1,-1,-1,-1,-1,-1,-1,-1,-1,-1,-1,-1,-1,-1,-1,-1,-1,-1,-1,-1,-1,-1,-1,-1,-1,-1,-1,-1,-1,-1,-1,-1,-1
-1,-1,-1,-1,-1,-1,-1,-1,-1,-1,-1,-1,-1,-1,-1,-1,-1,-1,-1,-1,-1,-1,-1,-1,-1,-1,-1,-1,-1,-1,-1,-1,0,0,0,-1,-1,-1,-1,-1,-1,-1,-1,-1,-1,-1,-1,-1,-1,-1,-1,-1,-1,-1,-1,-1,-1,-1,-1,-1,-1,-1,-1,-1,-1,-1,-1
-1,-1,-1,-1,-1,-1,-1,-1,-1,-1,-1,-1,-1,-1,-1,-1,-1,-1,-1,-1,-1,-1,-1,-1,-1,-1,-1,-1,-1,-1,-1,0,0,0,0,0,-1,-1,-1,-1,-1,-1,-1,-1,-1,-1,-1,-1,-1,-1,-1,-1,-1,-1,-1,-1,-1,-1,-1,-1,-1,-1,-1,-1,-1,-1,-1
-1,-1,-1,-1,-1,-1,-1,-1,-1,-1,-1,-1,-1,-1,-1,-1,-1,-1,-1,-1,-1,-1,-1,-1,-1,-1,-1,-1,-1,-1,0,0,0,1,0,0,0,-1,-1,-1,-1,-1,-1,-1,-1,-1,-1,-1,-1,-1,-1,-1,-1,-1,-1,-1,-1,-1,-1,-1,-1,-1,-1,-1,-1,-1,-1
-1,-1,-1,-1,-1,-1,-1,-1,-1,-1,-1,-1,-1,-1,-1,-1,-1,-1,-1,-1,-1,-1,-1,-1,-1,-1,-1,-1,-1,0,0,0,1,2,3,0,0,0,-1,-1,-1,-1,-1,-1,-1,-1,-1,-1,-1,-1,-1,-1,-1,-1,-1,-1,-1,-1,-1,-1,-1,-1,-1,-1,-1,-1,-1
-1,-1,-1,-1,-1,-1,-1,-1,-1,-1,-1,-1,-1,-1,-1,-1,-1,-1,-1,-1,-1,-1,-1,-1,-1,-1,-1,-1,0,0,0,4,1,2,2,3,0,0,0,-1,-1,-1,-1,-1,-1,-1,-1,-1,-1,-1,-1,-1,-1,-1,-1,-1,-1,-1,-1,-1,-1,-1,-1,-1,-1,-1,-1
-1,-1,-1,-1,-1,-1,-1,-1,-1,-1,-1,-1,-1,-1,-1,-1,-1,-1,-1,-1,-1,-1,-1,-1,-1,-1,-1,0,0,0,4,1,2,2,2,3,5,0,0,0,-1,-1,-1,-1,-1,-1,-1,-1,-1,-1,-1,-1,-1,-1,-1,-1,-1,-1,-1,-1,-1,-1,-1,-1,-1,-1,-1
-1,-1,-1,-1,-1,-1,-1,-1,-1,-1,-1,-1,-1,-1,-1,-1,-1,-1,-1,-1,-1,-1,-1,-1,-1,-1,0,0,0,4,4,1,2,2,2,2,3,5,0,0,0,-1,-1,-1,-1,-1,-1,-1,-1,-1,-1,-1,-1,-1,-1,-1,-1,-1,-1,-1,-1,-1,-1,-1,-1,-1,-1
-1,-1,-1,-1,-1,-1,-1,-1,-1,-1,-1,-1,-1,-1,-1,-1,-1,-1,-1,-1,-1,-1,-1,-1,-1,0,0,0,4,4,1,2,2,2,2,2,3,5,5,0,0,0,-1,-1,-1,-1,-1,-1,-1,-1,-1,-1,-1,-1,-1,-1,-1,-1,-1,-1,-1,-1,-1,-1,-1,-1,-1
-1,-1,-1,-1,-1,-1,-1,-1,-1,-1,-1,-1,-1,-1,-1,-1,-1,-1,-1,-1,-1,-1,-1,-1,0,0,0,4,4,4,1,2,2,2,2,2,2,3,5,5,0,0,0,-1,-1,-1,-1,-1,-1,-1,-1,-1,-1,-1,-1,-1,-1,-1,-1,-1,-1,-1,-1,-1,-1,-1,-1
-1,-1,-1,-1,-1,-1,-1,-1,-1,-1,-1,-1,-1,-1,-1,-1,-1,-1,-1,-1,-1,-1,-1,0,0,0,4,4,4,4,1,2,2,2,2,2,2,3,5,5,5,0,0,0,-1,-1,-1,-1,-1,-1,-1,-1,-1,-1,-1,-1,-1,-1,-1,-1,-1,-1,-1,-1,-1,-1,-1
-1,-1,-1,-1,-1,-1,-1,-1,-1,-1,-1,-1,-1,-1,-1,-1,-1,-1,-1,-1,-1,-1,0,0,0,4,4,4,4,1,2,2,2,2,2,2,2,2,3,5,5,5,0,0,0,-1,-1,-1,-1,-1,-1,-1,-1,-1,-1,-1,-1,-1,-1,-1,-1,-1,-1,-1,-1,-1,-1
-1,-1,-1,-1,-1,-1,-1,-1,-1,-1,-1,-1,-1,-1,-1,-1,-1,-1,-1,-1,-1,0,0,0,4,4,4,4,4,1,2,2,2,2,2,2,2,2,3,5,5,5,5,0,0,0,-1,-1,-1,-1,-1,-1,-1,-1,-1,-1,-1,-1,-1,-1,-1,-1,-1,-1,-1,-1,-1
-1,-1,-1,-1,-1,-1,-1,-1,-1,-1,-1,-1,-1,-1,-1,-1,-1,-1,-1,-1,0,0,0,4,4,4,4,4,1,2,2,2,2,2,2,2,2,2,3,5,5,5,5,5,0,0,0,-1,-1,-1,-1,-1,-1,-1,-1,-1,-1,-1,-1,-1,-1,-1,-1,-1,-1,-1,-1
-1,-1,-1,-1,-1,-1,-1,-1,-1,-1,-1,-1,-1,-1,-1,-1,-1,-1,-1,0,0,0,4,4,4,4,4,4,1,2,2,2,2,2,2,2,2,2,2,3,5,5,5,5,5,0,0,0,-1,-1,-1,-1,-1,-1,-1,-1,-1,-1,-1,-1,-1,-1,-1,-1,-1,-1,-1
-1,-1,-1,-1,-1,-1,-1,-1,-1,-1,-1,-1,-1,-1,-1,-1,-1,0,0,0,0,4,4,4,4,4,4,1,2,2,2,2,2,2,2,2,2,2,2,3,5,5,5,5,5,5,0,0,0,0,-1,-1,-1,-1,-1,-1,-1,-1,-1,-1,-1,-1,-1,-1,-1,-1,-1
-1,-1,-1,-1,-1,-1,-1,-1,-1,-1,-1,-1,-1,-1,-1,-1,0,0,0,0,4,4,4,4,4,4,4,1,2,2,2,2,2,2,2,2,2,2,2,2,3,5,5,5,5,5,5,0,0,0,0,-1,-1,-1,-1,-1,-1,-1,-1,-1,-1,-1,-1,-1,-1,-1,-1
-1,-1,-1,-1,-1,-1,-1,-1,-1,-1,-1,-1,-1,-1,-1,0,0,0,4,4,4,4,4,4,4,4,4,1,2,2,2,2,2,2,2,2,2,2,2,2,3,5,5,5,5,5,5,5,5,0,0,0,-1,-1,-1,-1,-1,-1,-1,-1,-1,-1,-1,-1,-1,-1,-1
-1,-1,-1,-1,-1,-1,-1,-1,-1,-1,-1,-1,-1,-1,0,0,0,4,4,4,4,4,4,4,4,4,1,2,2,2,2,2,2,2,2,2,2,2,2,2,2,3,5,5,5,5,5,5,5,5,0,0,0,-1,-1,-1,-1,-1,-1,-1,-1,-1,-1,-1,-1,-1,-1
-1,-1,-1,-1,-1,-1,-1,-1,-1,-1,-1,-1,-1,0,0,0,4,4,4,4,4,4,4,4,4,4,1,2,2,2,2,2,2,2,2,2,2,2,2,2,2,3,5,5,5,5,5,5,5,5,5,0,0,0,-1,-1,-1,-1,-1,-1,-1,-1,-1,-1,-1,-1,-1
-1,-1,-1,-1,-1,-1,-1,-1,-1,-1,-1,-1,0,0,0,4,4,4,4,4,4,4,4,4,4,1,2,2,2,2,2,2,2,2,2,2,2,2,2,2,2,2,3,5,5,5,5,5,5,5,5,5,0,0,0,-1,-1,-1,-1,-1,-1,-1,-1,-1,-1,-1,-1
-1,-1,-1,-1,-1,-1,-1,-1,-1,-1,-1,0,0,0,4,4,4,4,4,4,4,4,4,4,4,1,2,2,2,2,2,2,2,2,2,2,2,2,2,2,2,2,3,5,5,5,5,5,5,5,5,5,5,0,0,0,-1,-1,-1,-1,-1,-1,-1,-1,-1,-1,-1
-1,-1,-1,-1,-1,-1,-1,-1,-1,-1,0,0,0,4,4,4,4,4,4,4,4,4,4,4,1,2,2,2,2,2,2,2,2,2,2,2,2,2,2,2,2,2,2,3,5,5,5,5,5,5,5,5,5,5,0,0,0,-1,-1,-1,-1,-1,-1,-1,-1,-1,-1
-1,-1,-1,-1,-1,-1,-1,-1,-1,0,0,0,4,4,4,4,4,4,4,4,4,4,4,4,1,2,2,2,2,2,2,2,2,2,2,2,2,2,2,2,2,2,2,3,5,5,5,5,5,5,5,5,5,5,5,0,0,0,-1,-1,-1,-1,-1,-1,-1,-1,-1
-1,-1,-1,-1,-1,-1,-1,-1,0,0,0,4,4,4,4,4,4,4,4,4,4,4,4,1,2,2,2,2,2,2,2,2,2,2,2,2,2,2,2,2,2,2,2,3,5,5,5,5,5,5,5,5,5,5,5,5,0,0,0,-1,-1,-1,-1,-1,-1,-1,-1
-1,-1,-1,-1,-1,-1,-1,0,0,0,4,4,4,4,4,4,4,4,4,4,4,4,4,1,2,2,2,2,2,2,2,2,2,2,2,2,2,2,2,2,2,2,2,2,3,5,5,5,5,5,5,5,5,5,5,5,5,0,0,0,-1,-1,-1,-1,-1,-1,-1
-1,-1,-1,-1,-1,-1,0,0,0,4,4,4,4,4,4,4,4,4,4,4,4,4,4,1,2,2,2,2,2,2,2,2,2,2,2,2,2,2,2,2,2,2,2,2,3,5,5,5,5,5,5,5,5,5,5,5,5,5,0,0,0,-1,-1,-1,-1,-1,-1
-1,-1,-1,-1,-1,0,0,0,4,4,4,4,4,4,4,4,4,4,4,4,4,4,1,2,2,2,2,2,2,2,2,2,2,2,2,2,2,2,2,2,2,2,2,2,2,3,5,5,5,5,5,5,5,5,5,5,5,5,5,0,0,0,-1,-1,-1,-1,-1
-1,-1,-1,-1,0,0,0,4,4,4,4,4,4,4,4,4,4,4,4,4,4,4,1,2,2,2,2,2,2,2,2,2,2,2,2,2,2,2,2,2,2,2,2,2,2,3,5,5,5,5,5,5,5,5,5,5,5,5,5,5,0,0,0,-1,-1,-1,-1
-1,-1,-1,0,0,0,4,4,4,4,4,4,4,4,4,4,4,4,4,4,4,1,2,2,2,2,2,2,2,2,2,2,2,2,2,2,2,2,2,2,2,2,2,2,2,2,3,5,5,5,5,5,5,5,5,5,5,5,5,5,5,0,0,0,-1,-1,-1
-1,-1,0,0,0,4,4,4,4,4,4,4,4,4,4,4,4,4,4,4,4,1,2,2,2,2,2,2,2,2,2,2,2,2,2,2,2,2,2,2,2,2,2,2,2,2,3,5,5,5,5,5,5,5,5,5,5,5,5,5,5,5,0,0,0,-1,-1
-1,0,0,0,4,4,4,4,4,4,4,4,4,4,4,4,4,4,4,4,1,2,2,2,2,2,2,2,2,2,2,2,2,2,2,2,2,2,2,2,2,2,2,2,2,2,2,3,5,5,5,5,5,5,5,5,5,5,5,5,5,5,5,0,0,0,-1
0,0,0,4,4,4,4,4,4,4,4,4,4,4,4,4,4,4,4,4,1,2,2,2,2,2,2,2,2,2,2,2,2,2,2,2,2,2,2,2,2,2,2,2,2,2,2,3,5,5,5,5,5,5,5,5,5,5,5,5,5,5,5,5,0,0,0
0,0,0,6,6,6,6,6,6,6,6,6,6,6,6,6,6,6,6,6,6,6,6,6,6,6,6,6,6,6,6,6,6,6,6,6,6,6,6,6,6,6,6,6,6,6,6,6,6,6,6,6,6,6,6,6,6,6,6,6,6,6,6,6,0,0,0
-1,0,0,0,6,7,7,7,7,7,7,7,7,7,7,7,7,7,7,7,7,1,4,4,4,4,4,4,4,4,4,4,4,4,4,4,4,4,4,4,4,4,4,4,4,1,3,8,8,8,8,8,8,8,8,8,8,8,8,8,8,8,8,0,0,0,-1
-1,-1,0,0,0,6,7,7,7,7,7,7,7,7,7,7,7,7,7,7,7,6,1,4,4,4,4,4,4,4,4,4,4,4,4,4,4,4,4,4,4,4,4,4,4,1,3,8,8,8,8,8,8,8,8,8,8,8,8,8,8,8,0,0,0,-1,-1
-1,-1,-1,0,0,0,6,7,7,7,7,7,7,7,7,7,7,7,7,7,7,6,1,4,4,4,4,4,4,4,4,4,4,4,4,4,4,4,4,4,4,4,4,4,1,2,3,8,8,8,8,8,8,8,8,8,8,8,8,8,8,0,0,0,-1,-1,-1
-1,-1,-1,-1,0,0,0,6,7,7,7,7,7,7,7,7,7,7,7,7,7,6,9,1,4,4,4,4,4,4,4,4,4,4,4,4,4,4,4,4,4,4,4,1,2,2,2,3,8,8,8,8,8,8,8,8,8,8,8,8,0,0,0,-1,-1,-1,-1
-1,-1,-1,-1,-1,0,0,0,6,7,7,7,7,7,7,7,7,7,7,7,6,9,9,9,1,4,4,4,4,4,4,4,4,4,4,4,4,4,4,4,4,4,1,2,2,2,2,3,8,8,8,8,8,8,8,8,8,8,8,0,0,0,-1,-1,-1,-1,-1
-1,-1,-1,-1,-1,-1,0,0,0,6,7,7,7,7,7,7,7,7,7,7,6,9,9,9,9,1,4,4,4,4,4,4,4,4,4,4,4,4,4,4,4,4,1,2,2,2,2,3,8,8,8,8,8,8,8,8,8,8,0,0,0,-1,-1,-1,-1,-1,-1
-1,-1,-1,-1,-1,-1,-1,0,0,0,6,7,7,7,7,7,7,7,7,7,6,9,9,9,9,1,4,4,4,4,4,4,4,4,4,4,4,4,4,4,4,1,2,2,2,2,2,3,8,8,8,8,8,8,8,8,8,0,0,0,-1,-1,-1,-1,-1,-1,-1
-1,-1,-1,-1,-1,-1,-1,-1,0,0,0,6,7,7,7,7,7,7,7,7,6,9,9,9,9,9,1,4,4,4,4,4,4,4,4,4,4,4,4,4,1,2,2,2,2,2,2,3,8,8,8,8,8,8,8,8,8,0,0,-1,-1,-1,-1,-1,-1,-1,-1
-1,-1,-1,-1,-1,-1,-1,-1,-1,0,0,6,7,7,7,7,7,7,7,7,6,9,9,9,9,9,9,1,4,4,4,4,4,4,4,4,4,4,4,1,2,2,2,2,2,2,2,2,3,8,8,8,8,8,8,8,0,0,0,-1,-1,-1,-1,-1,-1,-1,-1
-1,-1,-1,-1,-1,-1,-1,-1,-1,0,0,0,6,7,7,7,7,7,7,7,6,9,9,9,9,9,9,9,1,4,4,4,4,4,4,4,4,4,4,1,2,2,2,2,2,2,2,2,3,8,8,8,8,8,8,0,0,0,-1,-1,-1,-1,-1,-1,-1,-1,-1
-1,-1,-1,-1,-1,-1,-1,-1,-1,-1,0,0,0,6,7,7,7,7,7,7,6,9,9,9,9,9,9,9,1,4,4,4,4,4,4,4,4,4,1,2,2,2,2,2,2,2,2,2,3,8,8,8,8,8,0,0,0,-1,-1,-1,-1,-1,-1,-1,-1,-1,-1
-1,-1,-1,-1,-1,-1,-1,-1,-1,-1,-1,0,0,0,6,7,7,7,7,7,6,9,9,9,9,9,9,9,9,1,4,4,4,4,4,4,4,1,2,2,2,2,2,2,2,2,2,2,3,8,8,8,8,0,0,0,-1,-1,-1,-1,-1,-1,-1,-1,-1,-1,-1
-1,-1,-1,-1,-1,-1,-1,-1,-1,-1,-1,-1,0,0,0,6,7,7,7,6,9,9,9,9,9,9,9,9,9,9,1,4,4,4,4,4,1,2,2,2,2,2,2,2,2,2,2,2,3,8,8,8,0,0,0,-1,-1,-1,-1,-1,-1,-1,-1,-1,-1,-1,-1
-1,-1,-1,-1,-1,-1,-1,-1,-1,-1,-1,-1,-1,0,0,0,6,7,7,6,9,9,9,9,9,9,9,9,9,9,9,1,4,4,4,4,1,2,2,2,2,2,2,2,2,2,2,2,2,3,8,0,0,0,-1,-1,-1,-1,-1,-1,-1,-1,-1,-1,-1,-1,-1
-1,-1,-1,-1,-1,-1,-1,-1,-1,-1,-1,-1,-1,-1,0,0,0,6,7,6,9,9,9,9,9,9,9,9,9,9,9,1,4,4,4,1,2,2,2,2,2,2,2,2,2,2,2,2,2,3,0,0,0,-1,-1,-1,-1,-1,-1,-1,-1,-1,-1,-1,-1,-1,-1
-1,-1,-1,-1,-1,-1,-1,-1,-1,-1,-1,-1,-1,-1,-1,0,0,0,6,6,9,9,9,9,9,9,9,9,9,9,9,9,1,4,1,2,2,2,2,2,2,2,2,2,2,2,2,2,2,0,0,0,-1,-1,-1,-1,-1,-1,-1,-1,-1,-1,-1,-1,-1,-1,-1
-1,-1,-1,-1,-1,-1,-1,-1,-1,-1,-1,-1,-1,-1,-1,-1,0,0,0,0,0,0,0,0,0,0,0,0,0,0,0,0,0,0,0,0,0,0,0,0,0,0,0,0,0,0,0,0,0,0,0,-1,-1,-1,-1,-1,-1,-1,-1,-1,-1,-1,-1,-1,-1,-1,-1
-1,-1,-1,-1,-1,-1,-1,-1,-1,-1,-1,-1,-1,-1,-1,-1,-1,0,0,0,0,0,0,0,0,0,0,0,0,0,0,0,0,0,0,0,0,0,0,0,0,0,0,0,0,0,0,0,0,0,-1,-1,-1,-1,-1,-1,-1,-1,-1,-1,-1,-1,-1,-1,-1,-1,-1
0,0,0
0.9058824,0.7098039,1
0.6196079,0.1843137,0.9333334
0.8470589,0.5450981,1
0.8588236,0.2352941,1
0.3764706,0.1568628,0.7882354
0.9960785,0.9921569,1
0.9647059,0.627451,1
0.5254902,0.08627451,0.8392158
0.8941177,0.4235294,1
