53,80,
-1,-1,-1,-1,-1,-1,-1,-1,-1,-1,-1,-1,-1,-1,-1,-1,-1,-1,0,0,1,-1,-1,-1,-1,-1,-1,-1,-1,-1,-1,-1,-1,-1,-1,-1,-1,-1,-1,-1,-1,-1,-1,-1,-1,-1,-1,-1,-1,-1,-1,-1,-1
-1,-1,-1,-1,-1,-1,-1,-1,-1,-1,-1,-1,-1,-1,-1,-1,-1,-1,0,2,1,-1,-1,-1,-1,-1,-1,-1,-1,-1,-1,-1,-1,-1,-1,-1,-1,-1,-1,-1,-1,-1,-1,-1,-1,-1,-1,-1,-1,-1,-1,-1,-1
-1,-1,-1,-1,-1,-1,-1,-1,-1,-1,-1,-1,-1,-1,-1,-1,-1,-1,0,2,2,1,-1,-1,-1,-1,-1,-1,-1,-1,-1,-1,-1,-1,-1,-1,-1,-1,-1,-1,-1,-1,-1,-1,-1,-1,-1,-1,-1,-1,-1,-1,-1
-1,-1,-1,-1,-1,-1,-1,-1,-1,-1,-1,-1,-1,-1,-1,-1,-1,-1,0,2,2,1,-1,-1,-1,-1,-1,-1,-1,-1,-1,-1,-1,-1,-1,-1,-1,-1,-1,-1,-1,-1,-1,-1,-1,-1,-1,-1,-1,-1,-1,-1,-1
-1,-1,-1,-1,-1,-1,-1,-1,-1,-1,-1,-1,-1,-1,-1,-1,-1,-1,-1,0,2,2,1,-1,-1,-1,-1,-1,-1,-1,-1,-1,-1,-1,-1,-1,-1,-1,-1,-1,-1,-1,-1,-1,-1,-1,-1,-1,-1,-1,-1,-1,-1
-1,-1,-1,-1,-1,-1,-1,-1,-1,-1,-1,-1,-1,-1,-1,-1,-1,-1,-1,0,2,2,1,-1,-1,-1,-1,-1,-1,-1,-1,-1,-1,-1,-1,-1,-1,-1,-1,-1,-1,-1,-1,-1,-1,-1,-1,-1,-1,-1,-1,-1,-1
-1,-1,-1,-1,-1,-1,-1,-1,-1,-1,-1,-1,-1,-1,-1,-1,-1,-1,-1,0,2,2,1,-1,-1,-1,-1,-1,-1,-1,-1,-1,-1,-1,-1,-1,-1,-1,-1,-1,-1,-1,-1,-1,-1,-1,-1,-1,-1,-1,-1,-1,-1
-1,-1,-1,-1,-1,-1,-1,-1,-1,-1,-1,-1,-1,-1,-1,-1,-1,-1,-1,0,2,2,1,-1,-1,-1,-1,-1,-1,-1,-1,-1,-1,-1,-1,-1,-1,-1,-1,-1,-1,-1,-1,-1,-1,-1,-1,-1,-1,-1,-1,-1,-1
-1,-1,-1,-1,-1,-1,-1,-1,-1,-1,-1,-1,-1,-1,-1,-1,-1,-1,-1,0,2,2,1,-1,-1,-1,-1,-1,-1,-1,-1,-1,-1,-1,-1,-1,-1,-1,-1,-1,-1,-1,-1,-1,-1,-1,-1,-1,-1,-1,-1,-1,-1
-1,-1,-1,-1,-1,-1,-1,-1,-1,-1,-1,-1,-1,-1,-1,-1,-1,-1,-1,-1,0,2,2,1,-1,-1,-1,-1,-1,-1,-1,-1,-1,-1,-1,-1,-1,-1,-1,-1,-1,-1,-1,-1,-1,-1,-1,-1,-1,-1,-1,-1,-1
-1,-1,-1,-1,-1,-1,-1,-1,-1,-1,-1,-1,-1,-1,-1,-1,-1,-1,-1,-1,0,2,2,1,-1,-1,-1,-1,-1,-1,-1,-1,-1,-1,-1,-1,-1,-1,-1,-1,-1,-1,-1,-1,-1,-1,-1,-1,-1,-1,-1,-1,-1
-1,-1,-1,-1,-1,-1,-1,-1,-1,-1,-1,-1,-1,-1,-1,-1,-1,-1,-1,-1,0,2,2,1,-1,-1,-1,-1,-1,-1,-1,-1,-1,-1,-1,-1,-1,-1,-1,-1,-1,-1,-1,-1,-1,-1,-1,-1,-1,-1,-1,-1,-1
-1,-1,-1,-1,-1,-1,-1,-1,-1,-1,-1,-1,-1,-1,-1,-1,-1,-1,-1,-1,0,2,2,1,-1,-1,-1,-1,-1,-1,-1,-1,-1,-1,-1,-1,-1,-1,-1,-1,-1,-1,-1,-1,-1,-1,-1,-1,-1,-1,-1,-1,-1
-1,-1,-1,-1,-1,-1,-1,-1,-1,-1,-1,-1,-1,-1,-1,-1,-1,-1,-1,-1,0,2,2,1,-1,-1,-1,-1,-1,-1,-1,-1,-1,-1,-1,-1,-1,-1,-1,-1,-1,-1,-1,-1,-1,-1,-1,-1,-1,-1,-1,-1,-1
-1,-1,-1,-1,-1,-1,-1,-1,-1,-1,-1,-1,-1,-1,-1,-1,-1,-1,-1,-1,0,2,2,1,-1,-1,-1,-1,-1,-1,-1,-1,-1,-1,-1,-1,-1,-1,-1,-1,-1,-1,-1,-1,-1,-1,-1,-1,-1,-1,-1,-1,-1
-1,-1,-1,-1,-1,-1,-1,-1,-1,-1,-1,-1,-1,-1,-1,-1,-1,-1,-1,-1,-1,0,2,2,1,-1,-1,-1,-1,-1,-1,-1,-1,-1,-1,-1,-1,-1,-1,-1,-1,-1,-1,-1,-1,-1,-1,-1,-1,-1,-1,-1,-1
-1,-1,-1,-1,-1,-1,-1,-1,-1,-1,-1,-1,-1,-1,-1,-1,-1,-1,-1,-1,-1,0,2,2,1,-1,-1,-1,-1,-1,-1,-1,-1,-1,-1,-1,-1,-1,-1,-1,-1,-1,-1,-1,-1,-1,-1,-1,-1,-1,-1,-1,-1
-1,-1,-1,-1,-1,-1,-1,-1,-1,-1,-1,-1,-1,-1,-1,-1,-1,-1,-1,-1,-1,0,2,2,1,-1,-1,-1,-1,-1,-1,-1,-1,-1,-1,-1,-1,-1,-1,-1,-1,-1,-1,-1,-1,-1,-1,-1,-1,-1,-1,-1,-1
-1,-1,-1,-1,-1,-1,-1,-1,-1,-1,-1,-1,-1,-1,-1,-1,-1,-1,-1,-1,-1,0,2,2,1,-1,-1,-1,-1,-1,-1,-1,-1,-1,-1,-1,-1,-1,-1,-1,-1,-1,-1,-1,-1,-1,-1,-1,-1,-1,-1,-1,-1
-1,-1,-1,-1,-1,-1,-1,-1,-1,-1,-1,-1,-1,-1,-1,-1,-1,-1,-1,-1,-1,0,2,2,1,-1,-1,-1,-1,-1,-1,-1,-1,-1,-1,-1,-1,-1,-1,-1,-1,-1,-1,-1,-1,-1,-1,-1,-1,-1,-1,-1,-1
-1,-1,-1,-1,-1,-1,-1,-1,-1,-1,-1,-1,-1,-1,-1,-1,-1,-1,-1,-1,-1,0,2,2,1,-1,-1,-1,-1,-1,-1,-1,-1,-1,-1,-1,-1,-1,-1,-1,-1,-1,-1,-1,-1,-1,-1,-1,-1,-1,-1,-1,-1
-1,-1,-1,-1,-1,-1,-1,-1,-1,-1,-1,-1,-1,-1,-1,-1,-1,-1,-1,-1,-1,0,2,2,1,-1,-1,-1,-1,-1,-1,-1,-1,-1,-1,-1,-1,-1,-1,-1,-1,-1,-1,-1,-1,-1,-1,-1,-1,-1,-1,-1,-1
-1,-1,-1,-1,-1,-1,-1,-1,-1,-1,-1,-1,-1,-1,-1,-1,-1,-1,-1,-1,-1,0,2,2,1,-1,-1,-1,-1,-1,-1,-1,-1,-1,-1,-1,-1,-1,-1,-1,-1,-1,-1,-1,-1,-1,-1,-1,-1,-1,-1,-1,-1
-1,-1,-1,-1,-1,-1,-1,-1,-1,-1,-1,-1,-1,-1,-1,-1,-1,-1,-1,-1,-1,0,2,2,1,-1,-1,-1,-1,-1,-1,-1,-1,-1,-1,-1,-1,-1,-1,-1,-1,-1,-1,-1,-1,-1,-1,-1,-1,-1,-1,-1,-1
-1,-1,-1,-1,-1,-1,-1,-1,-1,-1,-1,-1,-1,-1,-1,-1,-1,-1,-1,-1,-1,0,2,2,1,-1,-1,-1,-1,-1,-1,-1,-1,-1,-1,-1,-1,-1,-1,-1,-1,-1,-1,-1,-1,-1,-1,-1,-1,-1,-1,-1,-1
-1,-1,-1,-1,-1,-1,-1,-1,-1,-1,-1,-1,-1,-1,-1,-1,-1,-1,-1,-1,-1,-1,0,2,2,1,-1,-1,-1,-1,-1,-1,-1,-1,-1,-1,-1,-1,-1,-1,-1,-1,-1,-1,-1,-1,-1,-1,-1,-1,-1,-1,-1
-1,-1,-1,-1,-1,-1,-1,-1,-1,-1,-1,-1,-1,-1,-1,-1,-1,-1,-1,-1,-1,-1,0,2,2,1,-1,-1,-1,-1,-1,-1,-1,-1,-1,-1,-1,-1,-1,-1,-1,1,1,1,-1,-1,-1,-1,-1,-1,-1,-1,-1
-1,-1,-1,-1,-1,-1,-1,-1,-1,-1,-1,-1,-1,-1,-1,-1,-1,-1,-1,-1,-1,-1,0,2,2,1,-1,-1,-1,-1,-1,-1,-1,-1,-1,-1,-1,-1,-1,-1,1,2,3,1,-1,-1,-1,-1,-1,-1,-1,-1,-1
-1,-1,-1,-1,-1,-1,-1,-1,-1,-1,-1,-1,-1,-1,-1,-1,-1,-1,-1,-1,-1,-1,0,2,2,1,-1,-1,-1,-1,-1,-1,-1,-1,-1,-1,1,1,1,1,2,2,3,1,-1,-1,-1,-1,-1,-1,-1,-1,-1
-1,-1,-1,-1,-1,-1,-1,-1,-1,-1,-1,-1,-1,-1,-1,-1,-1,-1,-1,-1,-1,-1,0,2,2,1,-1,-1,-1,-1,-1,-1,-1,-1,-1,1,2,2,2,2,2,3,3,1,-1,-1,-1,-1,-1,-1,-1,-1,-1
-1,-1,-1,-1,-1,-1,-1,-1,-1,-1,-1,-1,-1,-1,-1,-1,-1,-1,-1,1,1,1,0,2,2,1,-1,-1,-1,-1,-1,-1,1,1,1,2,2,2,2,2,2,3,3,1,-1,-1,-1,-1,-1,-1,-1,-1,-1
-1,-1,-1,-1,-1,-1,-1,-1,-1,-1,-1,-1,-1,-1,-1,-1,1,1,1,2,2,2,0,2,2,1,-1,-1,-1,-1,-1,1,2,2,2,2,2,2,2,2,3,3,3,1,-1,-1,-1,-1,-1,-1,-1,-1,-1
-1,-1,-1,-1,-1,-1,-1,-1,-1,-1,-1,-1,-1,-1,-1,1,2,2,2,2,2,2,0,2,2,1,-1,-1,1,1,1,2,2,2,2,2,2,2,2,2,3,3,3,1,-1,-1,-1,-1,-1,-1,-1,-1,-1
0,1,1,-1,-1,-1,-1,-1,-1,-1,-1,-1,-1,-1,-1,1,2,2,2,0,0,0,0,2,2,1,1,1,2,2,2,2,2,2,2,2,2,2,2,1,3,3,3,1,-1,-1,-1,-1,-1,-1,-1,-1,-1
0,2,2,1,1,-1,-1,-1,-1,-1,-1,-1,-1,-1,1,2,2,2,0,-1,-1,-1,0,2,2,1,1,2,2,2,2,2,2,2,2,2,2,2,2,1,3,3,3,1,-1,-1,-1,-1,-1,-1,-1,-1,-1
0,2,2,2,2,1,-1,-1,-1,-1,-1,-1,-1,1,2,2,2,0,-1,-1,-1,-1,0,2,2,1,1,2,2,2,2,2,2,2,2,2,2,2,1,3,3,3,3,1,-1,-1,-1,-1,-1,-1,1,1,1
0,2,2,2,2,2,1,1,1,1,-1,-1,-1,1,2,2,0,-1,-1,-1,-1,-1,0,2,2,1,1,2,2,2,2,2,2,2,2,2,2,2,1,3,3,3,3,1,-1,-1,-1,1,1,1,4,4,1
0,2,2,2,2,2,2,2,2,2,1,1,1,1,1,1,0,-1,-1,-1,-1,-1,0,2,2,1,1,2,2,2,2,2,2,2,2,2,2,1,3,3,3,3,3,1,1,1,1,4,4,4,4,4,1
0,2,2,2,2,2,2,2,2,2,2,2,2,2,2,2,1,-1,-1,-1,-1,-1,0,2,2,1,1,2,2,2,2,2,2,2,2,1,1,3,3,3,3,3,1,4,4,4,4,4,4,4,4,4,1
0,2,2,2,2,2,2,2,2,2,2,2,2,2,2,2,1,-1,-1,-1,-1,-1,5,5,5,5,5,1,2,2,2,2,1,1,1,3,3,3,3,3,3,3,1,4,4,4,4,4,4,4,4,4,1
0,2,2,2,1,2,2,2,2,2,2,2,2,2,2,2,2,1,1,5,5,5,6,6,6,6,6,6,1,1,1,1,3,3,3,3,3,3,3,3,3,3,1,4,4,4,4,4,4,4,4,4,1
0,2,2,2,2,1,2,2,2,2,2,2,2,2,2,2,2,2,5,5,5,5,6,6,6,6,6,6,6,6,6,1,3,3,3,3,3,3,3,3,3,1,4,4,4,4,4,4,4,4,4,1,-1
0,2,2,2,2,2,1,2,2,2,2,5,5,5,5,5,2,2,7,7,7,7,6,6,6,6,6,6,6,6,6,1,3,3,3,3,3,3,3,3,1,4,4,4,4,4,4,4,4,4,4,1,-1
-1,0,2,2,2,2,2,1,2,2,5,6,6,6,6,6,5,7,8,8,8,8,7,6,6,6,6,5,5,5,5,7,1,1,3,3,3,3,3,1,6,5,4,4,4,4,4,4,4,4,4,1,-1
-1,0,2,2,2,2,2,2,1,1,5,6,6,6,6,6,5,7,8,8,8,8,7,6,6,6,5,6,6,6,6,5,7,7,1,3,3,3,1,6,6,6,5,4,4,4,4,4,4,4,1,-1,-1
-1,0,2,2,2,2,2,5,5,5,5,6,6,7,7,7,7,8,8,8,8,8,8,7,7,5,5,6,6,6,6,5,5,7,1,1,1,1,6,6,6,6,6,5,4,4,4,4,4,1,-1,-1,-1
-1,-1,0,2,2,2,5,6,6,6,6,6,7,8,8,8,8,8,8,8,8,8,8,8,5,6,6,5,6,6,5,5,6,5,7,7,7,7,7,7,6,6,6,5,4,4,4,4,1,-1,-1,-1,-1
-1,-1,-1,0,2,2,5,6,6,6,6,6,7,8,8,8,8,8,8,8,9,8,8,5,6,6,6,6,9,9,6,6,6,6,5,8,8,8,8,8,7,6,6,5,5,5,1,1,-1,-1,-1,-1,-1
-1,-1,-1,-1,0,2,5,6,6,6,6,6,7,8,8,8,8,8,8,9,9,9,8,5,6,6,6,9,9,9,9,6,6,6,5,8,8,8,8,8,7,6,6,6,6,6,5,-1,-1,-1,-1,-1,-1
-1,-1,-1,-1,-1,0,5,6,6,6,6,6,7,8,8,5,5,5,5,9,9,9,8,5,6,6,6,6,9,9,6,6,6,6,5,8,8,8,8,8,7,6,6,6,6,6,5,-1,-1,-1,-1,-1,-1
-1,-1,-1,-1,7,7,7,7,7,6,7,7,7,7,5,6,6,6,6,5,9,8,8,8,5,6,6,5,6,6,5,6,6,5,8,8,8,8,8,8,7,7,7,7,6,6,5,-1,-1,-1,-1,-1,-1
-1,-1,-1,7,6,8,8,8,8,7,8,8,8,5,6,6,6,6,6,6,5,8,8,8,8,5,5,6,6,6,6,5,5,8,8,8,8,8,8,6,8,8,8,8,7,6,5,-1,-1,-1,-1,-1,-1
-1,-1,-1,7,8,8,8,8,8,7,8,8,5,6,6,6,6,6,6,6,6,5,8,8,8,8,5,6,6,6,6,5,8,8,8,8,9,9,8,8,8,8,8,8,7,6,5,-1,-1,-1,-1,-1,-1
-1,-1,-1,7,8,8,8,8,8,8,8,8,5,6,6,6,6,6,6,6,6,5,8,8,8,8,8,5,5,5,5,8,8,8,8,9,9,9,9,8,8,8,8,8,7,6,5,-1,-1,-1,-1,-1,-1
-1,-1,-1,7,8,8,8,8,8,9,5,5,5,6,6,6,6,6,6,6,6,5,5,5,7,7,7,7,7,7,7,8,8,8,8,9,9,9,9,8,8,8,8,8,7,7,7,-1,-1,-1,-1,-1,-1
-1,-1,-1,8,7,7,8,8,9,5,6,6,6,5,6,6,9,9,6,6,5,6,6,6,5,8,8,8,8,6,7,8,8,8,8,8,9,9,8,8,6,8,8,8,7,8,8,7,-1,-1,-1,-1,-1
-1,-1,-1,7,8,8,8,8,9,5,6,6,6,6,6,9,9,9,9,6,6,6,6,6,5,8,8,8,8,8,5,5,5,5,6,8,8,8,8,8,8,7,7,7,8,8,8,8,7,7,-1,-1,-1
-1,-1,-1,7,8,8,8,8,8,5,6,6,6,6,6,9,9,9,9,6,6,6,6,6,5,8,8,8,8,5,6,6,6,6,5,8,8,8,8,8,8,7,7,8,8,8,8,8,8,7,-1,-1,-1
-1,-1,-1,7,8,8,8,8,8,5,6,6,6,5,6,6,9,9,6,6,5,6,6,6,5,8,8,8,5,6,6,6,6,6,6,5,8,8,8,8,8,7,7,8,8,8,8,8,8,7,-1,-1,-1
-1,-1,-1,7,8,8,8,8,8,8,5,5,5,6,6,6,6,6,6,6,6,5,5,5,9,9,8,5,6,6,6,6,6,6,6,6,5,8,8,8,8,7,7,8,8,8,8,8,8,7,-1,-1,-1
-1,-1,-1,7,8,8,8,7,7,7,7,7,5,6,6,6,6,6,6,6,6,5,8,9,9,9,9,5,6,6,6,6,6,6,6,6,5,8,8,8,8,7,8,7,8,8,8,8,7,7,-1,-1,-1
-1,-1,-1,-1,7,7,7,8,8,8,8,8,5,6,6,6,6,6,6,6,6,5,8,9,9,5,5,5,6,6,6,6,6,6,6,6,5,5,5,7,7,8,8,7,8,8,8,7,-1,-1,-1,-1,-1
-1,-1,-1,-1,8,8,7,8,8,8,8,8,8,5,6,6,6,6,6,6,5,8,8,8,5,6,6,6,5,6,6,9,9,6,6,5,6,6,6,5,8,8,8,7,8,8,8,7,-1,-1,-1,-1,-1
-1,-1,-1,-1,8,8,7,8,8,8,8,8,8,8,5,6,6,6,6,5,8,8,8,8,5,6,6,6,6,6,9,9,9,9,6,6,6,6,6,5,8,8,8,6,7,7,7,8,-1,-1,-1,-1,-1
-1,-1,-1,-1,8,7,7,6,8,8,9,9,8,8,8,5,5,5,5,8,8,8,8,8,5,6,6,6,6,6,9,9,9,9,6,6,6,6,6,5,8,8,8,8,8,8,8,7,-1,-1,-1,-1,-1
-1,-1,-1,-1,7,8,8,8,8,9,9,9,9,8,8,8,8,8,7,8,8,8,8,8,5,6,6,6,5,6,6,9,9,6,6,5,6,6,6,5,9,9,8,8,8,8,8,7,-1,-1,-1,-1,-1
-1,-1,-1,-1,7,8,8,8,8,9,9,9,9,8,8,8,8,8,7,6,8,8,8,7,7,5,5,5,6,6,6,6,6,6,6,6,5,5,5,9,9,9,9,8,8,8,8,7,-1,-1,-1,-1,-1
-1,-1,-1,-1,7,8,8,8,8,8,9,9,8,8,8,8,8,8,5,5,5,5,7,8,8,8,8,5,6,6,6,6,6,6,6,6,5,8,8,8,9,9,8,8,8,8,8,7,-1,-1,-1,-1,-1
-1,-1,-1,-1,7,8,8,8,8,8,8,8,8,8,6,6,6,5,6,6,6,6,5,8,8,8,8,5,6,6,6,6,6,6,6,6,5,8,8,8,8,8,8,8,8,8,8,7,-1,-1,-1,-1,-1
-1,-1,-1,-1,7,8,8,8,8,6,8,8,8,8,8,8,5,5,6,6,6,6,5,5,8,8,8,8,5,6,6,6,6,6,6,5,7,6,8,8,8,8,8,6,7,7,7,-1,-1,-1,-1,-1,-1
-1,-1,-1,-1,-1,7,7,7,7,7,8,8,8,8,8,5,6,6,5,6,6,5,5,6,5,8,8,8,8,5,6,6,6,6,5,8,8,7,8,8,8,8,8,7,-1,-1,-1,-1,-1,-1,-1,-1,-1
-1,-1,-1,-1,-1,-1,-1,-1,-1,7,8,8,8,8,5,6,6,6,6,9,9,6,6,6,6,5,9,9,8,8,5,5,5,5,8,8,8,7,8,8,8,8,8,7,-1,-1,-1,-1,-1,-1,-1,-1,-1
-1,-1,-1,-1,-1,-1,-1,-1,-1,7,8,8,8,8,5,6,6,6,9,9,9,9,6,6,6,5,9,9,9,8,8,8,8,8,7,8,8,7,8,8,8,8,8,7,-1,-1,-1,-1,-1,-1,-1,-1,-1
-1,-1,-1,-1,-1,-1,-1,-1,-1,-1,7,7,7,7,5,6,6,6,6,9,9,6,6,6,6,5,9,9,9,8,8,8,8,8,7,8,8,8,7,7,7,7,7,-1,-1,-1,-1,-1,-1,-1,-1,-1,-1
-1,-1,-1,-1,-1,-1,-1,-1,-1,-1,-1,8,8,8,8,5,6,6,5,6,6,5,6,6,5,8,9,9,8,8,8,8,8,8,7,8,8,8,8,7,-1,-1,-1,-1,-1,-1,-1,-1,-1,-1,-1,-1,-1
-1,-1,-1,-1,-1,-1,-1,-1,-1,-1,-1,-1,-1,-1,8,8,5,5,6,6,6,6,5,5,6,8,8,8,8,8,8,8,8,7,8,8,8,8,7,7,-1,-1,-1,-1,-1,-1,-1,-1,-1,-1,-1,-1,-1
-1,-1,-1,-1,-1,-1,-1,-1,-1,-1,-1,-1,-1,-1,8,8,8,5,6,6,6,6,5,7,8,8,8,8,8,8,6,7,7,8,8,8,8,7,-1,-1,-1,-1,-1,-1,-1,-1,-1,-1,-1,-1,-1,-1,-1
-1,-1,-1,-1,-1,-1,-1,-1,-1,-1,-1,-1,-1,-1,-1,8,8,8,5,5,5,5,7,7,8,8,8,8,8,8,7,7,7,7,7,7,7,-1,-1,-1,-1,-1,-1,-1,-1,-1,-1,-1,-1,-1,-1,-1,-1
-1,-1,-1,-1,-1,-1,-1,-1,-1,-1,-1,-1,-1,-1,-1,-1,-1,-1,-1,-1,-1,-1,-1,7,8,8,8,8,8,8,7,-1,-1,-1,-1,-1,-1,-1,-1,-1,-1,-1,-1,-1,-1,-1,-1,-1,-1,-1,-1,-1,-1
-1,-1,-1,-1,-1,-1,-1,-1,-1,-1,-1,-1,-1,-1,-1,-1,-1,-1,-1,-1,-1,-1,-1,-1,7,7,7,7,7,7,-1,-1,-1,-1,-1,-1,-1,-1,-1,-1,-1,-1,-1,-1,-1,-1,-1,-1,-1,-1,-1,-1,-1
0.4745098,0.4745098,0.4745098
0.3411765,0.3411765,0.3411765
0.6078432,0.6078432,0.6078432
0.6901961,0.6901961,0.6901961
0.4509804,0.4509804,0.4509804
0.2509804,0.2509804,0.2509804
0.5686275,0.5686275,0.5686275
0.4666667,0.4666667,0.4666667
0.7215686,0.7215686,0.7215686
0.9686275,0.9686275,0.9686275
