78,79,
-1,-1,-1,-1,-1,-1,-1,-1,-1,-1,-1,-1,-1,-1,-1,-1,-1,-1,-1,-1,-1,-1,-1,-1,-1,-1,-1,-1,-1,-1,-1,-1,-1,-1,-1,-1,-1,-1,-1,-1,0,1,1,0,-1,-1,-1,-1,-1,-1,-1,-1,-1,-1,-1,-1,-1,-1,-1,-1,-1,-1,-1,-1,-1,-1,-1,-1,-1,-1,-1,-1,-1,-1,-1,-1,-1,-1
-1,-1,-1,-1,-1,-1,-1,-1,-1,-1,-1,-1,-1,-1,-1,-1,-1,-1,-1,-1,-1,-1,-1,-1,-1,-1,-1,-1,-1,-1,-1,-1,-1,-1,-1,-1,-1,-1,-1,-1,0,1,1,0,-1,-1,-1,-1,-1,-1,-1,-1,-1,-1,-1,-1,-1,-1,-1,-1,-1,-1,-1,-1,-1,-1,-1,-1,-1,-1,-1,-1,-1,-1,-1,-1,-1,-1
-1,-1,-1,-1,-1,-1,-1,-1,-1,-1,-1,-1,-1,-1,-1,-1,-1,-1,-1,-1,-1,-1,-1,-1,-1,-1,-1,-1,-1,-1,-1,-1,-1,-1,-1,-1,-1,-1,-1,-1,0,1,1,0,-1,-1,-1,-1,-1,-1,-1,-1,-1,-1,-1,-1,-1,-1,-1,-1,-1,-1,-1,-1,-1,-1,-1,-1,-1,-1,-1,-1,-1,-1,-1,-1,-1,-1
-1,-1,-1,-1,-1,-1,-1,-1,-1,-1,-1,-1,-1,-1,-1,-1,-1,-1,-1,-1,-1,-1,-1,-1,-1,-1,-1,-1,-1,-1,-1,-1,-1,-1,-1,-1,-1,-1,-1,-1,0,1,1,0,-1,-1,-1,-1,-1,-1,-1,-1,-1,-1,-1,-1,-1,-1,-1,-1,-1,-1,-1,-1,-1,-1,-1,-1,-1,-1,-1,-1,-1,-1,-1,-1,-1,-1
-1,-1,-1,-1,-1,-1,-1,-1,-1,-1,-1,-1,-1,-1,-1,-1,-1,-1,-1,-1,-1,-1,-1,-1,-1,-1,-1,-1,-1,-1,-1,-1,-1,-1,-1,-1,-1,-1,-1,-1,0,1,1,0,-1,-1,-1,-1,-1,-1,-1,-1,-1,-1,-1,-1,-1,-1,-1,-1,-1,-1,-1,-1,-1,-1,-1,-1,-1,-1,-1,-1,-1,-1,-1,-1,-1,-1
-1,-1,-1,-1,-1,-1,-1,-1,-1,-1,-1,-1,-1,-1,-1,-1,-1,-1,-1,-1,-1,-1,-1,-1,-1,-1,-1,-1,-1,-1,-1,-1,-1,-1,-1,-1,-1,-1,-1,-1,0,1,1,0,-1,-1,-1,-1,-1,-1,-1,-1,-1,-1,-1,-1,-1,-1,-1,-1,-1,-1,-1,-1,-1,-1,-1,-1,-1,-1,-1,-1,-1,-1,-1,-1,-1,-1
-1,-1,-1,-1,-1,-1,-1,-1,-1,-1,-1,-1,-1,-1,-1,-1,-1,-1,-1,-1,-1,-1,-1,-1,-1,-1,-1,-1,-1,-1,-1,-1,-1,-1,-1,-1,-1,-1,-1,-1,0,1,1,0,-1,-1,-1,-1,-1,-1,-1,-1,-1,-1,-1,-1,-1,-1,-1,-1,-1,-1,-1,-1,-1,-1,-1,-1,-1,-1,-1,-1,-1,-1,-1,-1,-1,-1
-1,-1,-1,-1,-1,-1,-1,-1,-1,-1,-1,-1,-1,-1,-1,-1,-1,-1,-1,-1,-1,-1,-1,-1,-1,-1,-1,-1,-1,-1,-1,-1,-1,-1,-1,-1,-1,-1,-1,-1,0,1,1,0,-1,-1,-1,-1,-1,-1,-1,-1,-1,-1,-1,-1,-1,-1,-1,-1,-1,-1,-1,-1,-1,-1,-1,-1,-1,-1,-1,-1,-1,-1,-1,-1,-1,-1
-1,-1,-1,-1,-1,-1,-1,-1,-1,-1,-1,-1,-1,-1,-1,-1,-1,-1,-1,2,-1,-1,-1,-1,-1,-1,-1,-1,-1,-1,-1,-1,-1,-1,-1,-1,-1,-1,-1,-1,0,1,1,0,-1,-1,-1,-1,-1,-1,-1,-1,-1,-1,2,2,2,2,2,-1,-1,-1,-1,-1,-1,-1,-1,-1,-1,-1,-1,-1,-1,-1,-1,-1,-1,-1
-1,-1,-1,-1,-1,-1,-1,-1,-1,-1,-1,-1,-1,-1,-1,-1,-1,-1,2,3,2,-1,-1,-1,-1,-1,-1,-1,-1,-1,-1,-1,-1,-1,-1,-1,-1,-1,-1,-1,0,1,1,0,-1,-1,-1,-1,-1,-1,-1,-1,-1,2,3,3,3,3,2,-1,-1,-1,-1,-1,-1,-1,-1,-1,-1,-1,-1,-1,-1,-1,-1,-1,-1,-1
-1,-1,-1,-1,-1,-1,-1,-1,-1,-1,-1,-1,-1,-1,-1,-1,-1,-1,2,3,3,2,-1,-1,-1,-1,-1,-1,-1,-1,-1,-1,-1,-1,-1,-1,-1,-1,-1,-1,0,1,1,0,-1,-1,-1,-1,-1,-1,-1,-1,2,3,3,3,3,3,2,-1,-1,-1,-1,-1,-1,-1,-1,-1,-1,-1,-1,-1,-1,-1,-1,-1,-1,-1
-1,-1,-1,-1,-1,-1,-1,-1,-1,-1,-1,-1,-1,-1,-1,-1,-1,-1,2,3,3,3,2,2,-1,-1,-1,-1,-1,-1,-1,-1,-1,-1,-1,-1,-1,-1,-1,0,1,1,1,0,-1,-1,-1,-1,-1,2,2,2,3,3,3,3,3,3,2,-1,-1,-1,-1,-1,-1,-1,-1,-1,-1,-1,-1,-1,-1,-1,-1,-1,-1,-1
-1,-1,-1,-1,-1,-1,-1,-1,-1,-1,-1,-1,-1,-1,-1,-1,-1,2,3,3,3,3,3,3,2,-1,-1,-1,-1,-1,-1,-1,-1,-1,-1,-1,-1,-1,-1,0,1,1,1,0,-1,-1,-1,-1,2,3,3,3,3,3,3,3,3,3,2,-1,-1,-1,-1,-1,-1,-1,-1,-1,-1,-1,-1,-1,-1,-1,-1,-1,-1,-1
-1,-1,-1,-1,-1,-1,-1,-1,-1,-1,-1,-1,-1,-1,-1,-1,-1,2,3,3,3,3,3,3,3,2,2,-1,-1,-1,-1,-1,-1,-1,-1,-1,-1,-1,-1,0,1,1,0,-1,-1,-1,-1,2,3,3,3,3,3,3,3,3,3,3,2,-1,-1,-1,-1,-1,-1,-1,-1,-1,-1,-1,-1,-1,-1,-1,-1,-1,-1,-1
-1,-1,-1,-1,-1,-1,-1,-1,-1,-1,-1,-1,-1,-1,-1,-1,-1,2,3,3,3,3,3,3,3,3,3,2,-1,-1,-1,-1,-1,-1,-1,-1,-1,-1,-1,0,1,1,0,-1,-1,-1,2,3,3,3,3,3,3,3,3,3,3,3,2,-1,-1,-1,-1,-1,-1,-1,-1,-1,-1,-1,-1,-1,-1,-1,-1,-1,-1,-1
-1,-1,-1,-1,-1,-1,-1,-1,-1,-1,-1,-1,-1,-1,-1,-1,-1,2,3,3,3,3,3,3,3,3,3,3,2,-1,-1,-1,-1,-1,-1,-1,-1,-1,-1,0,1,1,0,-1,-1,-1,2,3,3,3,3,3,3,3,3,3,3,3,2,-1,-1,-1,-1,-1,-1,-1,-1,-1,-1,-1,-1,-1,-1,-1,-1,-1,-1,-1
-1,-1,-1,-1,-1,-1,-1,-1,-1,-1,-1,-1,-1,-1,-1,-1,2,3,3,3,3,3,3,3,3,3,3,3,3,2,-1,-1,-1,-1,-1,-1,-1,-1,-1,0,1,1,0,-1,-1,2,3,3,3,3,3,3,3,3,3,3,3,3,2,-1,-1,-1,-1,-1,-1,-1,-1,-1,-1,-1,-1,-1,-1,-1,-1,-1,-1,-1
-1,-1,-1,-1,-1,-1,-1,-1,-1,-1,-1,-1,-1,-1,-1,-1,2,3,3,3,3,3,3,3,3,3,3,3,3,3,2,-1,-1,-1,-1,-1,-1,-1,-1,0,1,1,0,-1,2,3,3,3,3,3,3,4,4,3,3,3,3,3,2,-1,-1,-1,-1,-1,-1,-1,-1,-1,-1,-1,-1,-1,-1,-1,-1,-1,-1,-1
-1,-1,-1,-1,-1,-1,-1,-1,-1,-1,-1,-1,-1,-1,-1,-1,2,3,3,3,3,3,3,3,3,3,3,3,3,3,3,2,-1,-1,-1,-1,-1,-1,-1,0,1,1,0,2,3,3,3,3,3,4,4,4,4,3,3,3,3,3,2,-1,-1,-1,-1,-1,-1,-1,-1,-1,-1,-1,-1,-1,-1,-1,-1,-1,-1,-1
-1,-1,-1,-1,-1,-1,-1,-1,-1,-1,-1,-1,-1,-1,-1,-1,2,3,3,3,3,3,4,4,4,3,3,3,3,3,3,3,2,-1,-1,-1,-1,-1,-1,0,1,1,0,2,3,3,3,3,4,4,4,4,4,3,3,3,3,3,2,-1,-1,-1,-1,-1,-1,-1,-1,-1,-1,-1,-1,-1,-1,-1,-1,-1,-1,-1
-1,-1,-1,-1,-1,-1,-1,-1,-1,-1,-1,-1,-1,-1,-1,-1,2,3,3,3,3,3,4,4,4,4,4,3,3,3,3,3,3,2,-1,-1,-1,-1,0,1,1,1,2,3,3,3,3,4,4,4,4,4,4,3,3,3,3,3,2,-1,-1,-1,-1,-1,-1,-1,-1,-1,-1,-1,-1,-1,-1,-1,-1,-1,-1,-1
-1,-1,-1,-1,-1,-1,-1,-1,-1,-1,-1,-1,-1,-1,-1,-1,2,3,3,3,3,3,4,4,4,4,4,4,3,3,3,3,3,3,2,-1,-1,-1,0,1,1,2,3,3,3,3,4,4,4,4,4,4,4,3,3,3,3,3,2,-1,-1,-1,-1,-1,-1,-1,-1,-1,-1,-1,-1,-1,-1,-1,-1,-1,-1,-1
-1,-1,-1,-1,-1,-1,-1,-1,-1,-1,-1,-1,-1,-1,-1,-1,2,3,3,3,3,3,4,4,4,4,4,4,4,3,3,3,3,3,3,2,-1,-1,0,1,1,2,3,3,3,4,4,4,4,4,4,4,4,3,3,3,3,2,-1,-1,-1,-1,-1,-1,-1,-1,-1,-1,-1,-1,-1,-1,-1,-1,-1,-1,-1,-1
-1,-1,-1,-1,-1,-1,-1,-1,-1,-1,-1,-1,-1,-1,-1,-1,-1,2,3,3,3,3,4,4,4,4,4,4,4,4,4,3,3,3,3,3,2,-1,0,1,1,2,3,3,4,4,4,4,4,4,4,4,4,3,3,3,3,2,-1,-1,-1,-1,-1,-1,-1,-1,-1,-1,-1,-1,-1,-1,-1,-1,-1,-1,-1,-1
-1,-1,-1,-1,-1,-1,-1,-1,-1,-1,-1,-1,-1,-1,-1,-1,-1,-1,2,3,3,3,4,4,4,4,4,4,4,4,4,4,3,3,3,3,2,-1,0,1,1,2,3,3,4,4,4,4,4,4,4,4,4,3,3,3,2,-1,-1,-1,-1,-1,-1,-1,-1,-1,-1,-1,-1,-1,-1,-1,-1,-1,-1,-1,-1,-1
-1,-1,-1,-1,-1,-1,-1,-1,-1,-1,-1,-1,-1,-1,-1,-1,-1,-1,2,3,3,3,3,4,4,4,4,4,4,4,4,4,3,3,3,3,3,2,2,2,2,2,2,2,2,2,4,4,4,4,4,4,3,3,3,3,2,-1,-1,-1,-1,-1,-1,-1,-1,-1,-1,-1,-1,-1,-1,-1,-1,-1,-1,-1,-1,-1
-1,-1,-1,-1,-1,-1,-1,-1,-1,-1,-1,-1,-1,-1,-1,-1,-1,-1,2,3,3,3,3,4,4,4,4,4,4,4,4,4,4,3,3,3,2,5,5,5,5,5,5,5,5,5,2,4,4,4,4,4,3,3,3,2,-1,-1,-1,-1,-1,-1,-1,-1,-1,-1,-1,-1,-1,-1,-1,-1,-1,-1,-1,-1,-1,-1
-1,-1,-1,-1,-1,-1,-1,-1,-1,-1,-1,-1,-1,-1,-1,-1,-1,-1,2,3,3,3,3,4,4,4,4,4,4,4,4,4,4,4,3,3,2,5,5,5,5,5,5,5,5,5,5,2,4,4,4,4,3,3,3,2,-1,-1,-1,-1,-1,-1,-1,-1,-1,-1,-1,-1,-1,-1,-1,-1,-1,-1,-1,-1,-1,-1
-1,-1,-1,-1,-1,-1,-1,-1,-1,-1,-1,-1,-1,-1,-1,-1,-1,-1,-1,2,3,3,3,3,4,4,4,4,4,4,4,4,4,4,4,2,5,5,5,5,5,5,5,5,5,5,5,2,4,4,4,4,3,3,2,-1,-1,-1,-1,-1,-1,-1,-1,-1,-1,-1,-1,-1,-1,-1,-1,-1,-1,-1,-1,-1,-1,-1
-1,-1,-1,-1,-1,-1,-1,-1,-1,-1,-1,-1,-1,-1,-1,-1,-1,-1,-1,2,3,3,3,3,4,4,4,4,4,4,4,4,4,4,2,5,5,5,5,6,6,6,6,5,5,5,5,2,4,4,4,4,3,3,2,-1,-1,-1,-1,-1,-1,-1,-1,-1,-1,-1,-1,-1,-1,-1,-1,-1,-1,-1,-1,-1,-1,-1
-1,-1,-1,-1,-1,-1,-1,-1,-1,-1,-1,-1,-1,-1,-1,-1,-1,-1,-1,-1,2,3,3,3,3,4,4,4,4,4,4,4,4,4,2,5,5,5,6,6,6,6,6,6,5,5,5,2,2,2,2,2,2,2,-1,-1,-1,-1,-1,-1,-1,-1,-1,-1,-1,-1,-1,-1,-1,-1,-1,-1,-1,-1,-1,-1,-1,-1
-1,-1,-1,-1,-1,-1,-1,-1,-1,-1,-1,-1,-1,-1,-1,-1,-1,-1,-1,-1,2,3,3,3,3,4,4,4,4,4,4,4,4,2,5,5,5,6,6,6,6,6,6,6,5,5,5,2,5,5,5,5,5,5,2,-1,-1,-1,-1,-1,-1,-1,-1,-1,-1,-1,-1,-1,-1,-1,-1,-1,-1,-1,-1,-1,-1,-1
-1,-1,-1,-1,-1,-1,-1,-1,-1,-1,-1,-1,-1,-1,-1,-1,-1,-1,-1,-1,-1,2,3,3,3,2,2,2,2,4,4,4,2,5,5,5,5,6,6,6,6,6,6,6,5,5,2,5,5,5,5,5,5,5,5,2,2,-1,-1,-1,-1,-1,-1,-1,-1,-1,-1,-1,-1,-1,-1,-1,-1,-1,-1,-1,-1,-1
-1,-1,-1,-1,-1,-1,-1,-1,-1,-1,-1,-1,-1,-1,-1,-1,-1,-1,-1,-1,-1,2,3,3,2,5,5,5,5,2,2,4,2,5,5,5,6,6,6,6,6,6,6,6,5,5,2,5,5,5,5,5,5,5,5,5,5,2,-1,-1,-1,-1,-1,-1,-1,-1,-1,-1,-1,-1,-1,-1,-1,-1,-1,-1,-1,-1
-1,-1,-1,-1,-1,-1,-1,-1,-1,-1,-1,-1,-1,-1,-1,-1,-1,-1,-1,-1,-1,-1,2,2,5,5,5,5,5,5,5,2,2,5,5,5,6,2,2,6,6,6,6,6,5,5,2,5,5,5,5,5,5,5,5,5,5,5,2,-1,-1,-1,-1,-1,-1,-1,-1,-1,-1,-1,-1,-1,-1,-1,-1,-1,-1,-1
-1,-1,-1,-1,-1,-1,-1,-1,-1,-1,-1,-1,-1,-1,-1,-1,-1,-1,-1,-1,-1,-1,-1,2,5,5,5,5,5,5,5,5,5,2,5,5,2,7,7,2,2,2,6,5,5,2,5,5,5,6,6,6,6,5,5,5,5,5,5,2,-1,-1,-1,-1,-1,-1,-1,-1,-1,-1,-1,-1,-1,-1,-1,-1,-1,-1
-1,-1,-1,-1,-1,-1,-1,-1,-1,-1,-1,-1,-1,-1,-1,-1,-1,-1,-1,-1,-1,-1,2,5,5,5,5,5,5,5,5,5,5,5,2,2,7,7,7,7,7,7,2,5,2,5,5,6,6,6,6,6,6,6,5,5,5,5,5,2,2,2,2,2,-1,-1,-1,-1,-1,-1,-1,-1,-1,-1,-1,-1,-1,-1
-1,-1,-1,-1,-1,-1,-1,-1,-1,-1,-1,-1,-1,-1,-1,-1,-1,-1,-1,-1,2,2,5,5,5,5,5,5,5,5,5,5,5,5,5,2,7,8,8,8,8,8,7,2,2,2,2,6,6,6,6,6,6,6,5,5,5,5,5,2,3,3,3,3,2,2,-1,-1,-1,-1,-1,-1,-1,-1,-1,-1,-1,-1
-1,-1,-1,-1,-1,-1,-1,-1,-1,-1,-1,-1,-1,-1,-1,-1,-1,-1,-1,2,5,5,5,5,5,5,6,6,6,6,6,6,5,5,5,2,7,8,8,8,8,8,9,7,7,7,7,2,6,6,6,6,6,6,5,5,5,5,5,2,3,3,3,3,3,3,2,2,2,-1,-1,-1,-1,-1,-1,-1,-1,-1
-1,-1,-1,-1,-1,-1,-1,-1,-1,-1,-1,-1,-1,-1,-1,-1,-1,-1,-1,2,5,5,5,5,5,6,6,6,6,6,6,6,6,5,5,2,8,8,9,9,8,8,8,9,9,8,8,8,2,6,6,6,6,6,5,5,5,5,5,2,3,3,3,3,3,3,3,3,3,2,-1,-1,-1,-1,-1,-1,-1,-1
-1,-1,-1,-1,-1,-1,-1,-1,-1,-1,-1,-1,-1,-1,-1,-1,-1,-1,-1,2,5,5,5,5,5,6,6,6,6,6,6,6,2,2,2,7,8,9,9,9,9,8,8,9,9,8,8,8,2,6,6,6,6,6,5,5,5,5,2,3,3,3,3,3,3,3,3,3,3,3,2,2,-1,-1,-1,-1,-1,-1
-1,-1,-1,-1,-1,-1,-1,-1,-1,-1,-1,-1,-1,-1,-1,-1,-1,2,2,2,5,5,5,5,5,6,6,6,6,6,6,2,7,7,7,8,8,8,9,9,9,8,8,8,9,8,8,2,6,6,6,6,5,5,5,5,5,5,2,3,3,3,3,3,3,3,3,3,3,3,3,3,2,2,-1,-1,-1,-1
-1,-1,-1,-1,-1,-1,-1,-1,-1,-1,-1,-1,-1,-1,2,2,2,3,3,2,5,5,5,5,5,6,6,6,6,6,6,2,8,8,8,8,8,8,9,8,8,8,8,8,8,8,2,5,5,5,5,5,5,5,5,5,5,2,4,4,4,4,4,3,3,3,3,3,3,3,3,3,3,3,2,-1,-1,-1
-1,-1,-1,-1,-1,-1,-1,-1,-1,-1,-1,-1,2,2,3,3,3,3,3,2,5,5,5,5,5,5,6,6,6,6,6,5,2,8,8,8,8,8,8,8,8,8,8,8,8,8,8,2,5,5,5,5,5,5,5,5,2,4,4,4,4,4,4,4,4,3,3,3,3,3,3,3,3,3,3,2,2,-1
-1,-1,-1,-1,-1,-1,-1,-1,2,2,2,2,3,3,3,3,3,3,3,3,2,5,5,5,5,5,5,5,5,5,5,5,2,2,8,8,8,8,8,8,8,8,8,8,9,8,8,8,2,5,5,5,5,5,5,2,4,4,4,4,4,4,4,4,4,4,4,3,3,3,3,3,3,3,3,3,3,2
-1,-1,-1,-1,2,2,2,2,3,3,3,3,3,3,3,3,3,3,3,3,4,2,5,5,5,5,5,5,5,5,5,2,5,2,8,8,8,9,8,8,8,8,9,9,9,8,8,8,8,2,2,2,2,2,2,4,4,4,4,4,4,4,4,4,4,4,4,4,3,3,3,3,3,3,3,3,3,2
-1,-1,2,2,3,3,3,3,3,3,3,3,3,3,3,3,3,4,4,4,4,4,2,5,5,5,5,5,5,2,2,5,2,8,8,8,9,9,9,8,8,8,8,9,9,9,8,8,8,2,5,5,2,4,4,4,4,4,4,4,4,4,4,4,4,4,3,3,3,3,3,3,3,3,3,3,2,-1
2,2,3,3,3,3,3,3,3,3,3,3,3,3,3,4,4,4,4,4,4,4,4,2,2,2,2,2,2,4,2,5,5,2,8,9,9,9,9,9,8,8,8,9,8,8,8,8,8,2,5,5,5,2,4,4,4,4,4,4,4,4,4,4,3,3,3,3,3,3,3,3,3,3,3,3,2,-1
2,3,3,3,3,3,3,3,3,3,3,3,3,3,4,4,4,4,4,4,4,4,4,4,4,4,4,4,4,2,5,5,5,5,2,8,9,9,9,8,8,8,8,8,8,8,8,8,2,5,5,5,5,5,2,4,4,4,4,4,3,3,3,3,3,3,3,3,3,3,3,3,3,3,2,2,-1,-1
-1,2,3,3,3,3,3,3,3,3,3,3,3,3,3,4,4,4,4,4,4,4,4,4,4,4,4,4,4,2,5,5,5,6,2,8,8,9,8,8,8,8,8,8,8,8,2,2,6,6,5,5,5,5,5,2,3,3,3,3,3,3,3,3,3,3,3,3,3,3,3,3,2,2,-1,-1,-1,-1
-1,-1,2,2,2,2,2,3,3,3,3,3,3,3,3,3,3,4,4,4,4,4,4,4,4,4,4,4,2,5,5,5,6,6,2,8,8,8,8,8,8,8,2,2,2,2,6,6,6,6,5,5,5,5,5,5,2,3,3,3,3,3,3,3,3,3,3,3,3,3,2,2,-1,-1,-1,-1,-1,-1
-1,-1,-1,-1,-1,-1,-1,2,2,3,3,3,3,3,3,3,3,3,3,3,4,4,4,4,4,4,4,4,2,5,5,6,6,6,6,2,8,8,8,8,8,2,5,5,6,6,6,6,6,6,5,5,5,5,5,5,2,3,3,3,3,3,3,3,3,3,3,3,2,2,-1,-1,-1,-1,-1,-1,-1,-1
-1,-1,-1,-1,-1,-1,-1,-1,-1,2,2,3,3,3,3,3,3,3,3,3,3,3,3,3,3,3,3,2,5,5,5,6,6,6,6,6,2,2,2,2,2,5,5,5,6,6,6,6,6,6,5,5,5,5,5,5,5,2,2,3,3,3,3,3,3,3,2,2,-1,-1,-1,-1,-1,-1,-1,-1,-1,-1
-1,-1,-1,-1,-1,-1,-1,-1,-1,-1,-1,2,2,2,3,3,3,3,3,3,3,3,3,3,3,3,3,2,5,5,5,6,6,6,6,6,6,6,6,5,5,2,5,5,6,6,6,6,6,6,5,5,5,5,5,5,2,-1,-1,2,2,3,3,3,2,2,-1,-1,-1,-1,-1,-1,-1,-1,-1,-1,-1,-1
-1,-1,-1,-1,-1,-1,-1,-1,-1,-1,-1,-1,-1,-1,2,2,3,3,3,3,3,3,3,3,3,3,3,2,5,5,5,6,6,6,6,6,6,6,6,5,5,2,5,5,5,6,6,6,6,5,5,5,5,5,5,5,2,-1,-1,-1,-1,2,2,2,-1,-1,-1,-1,-1,-1,-1,-1,-1,-1,-1,-1,-1,-1
-1,-1,-1,-1,-1,-1,-1,-1,-1,-1,-1,-1,-1,-1,-1,-1,2,2,3,3,3,3,3,3,2,2,2,5,5,5,5,6,6,6,6,6,6,6,5,5,5,2,5,5,5,5,5,5,5,5,5,5,5,5,5,2,-1,-1,-1,-1,-1,-1,-1,-1,-1,-1,-1,-1,-1,-1,-1,-1,-1,-1,-1,-1,-1,-1
-1,-1,-1,-1,-1,-1,-1,-1,-1,-1,-1,-1,-1,-1,-1,-1,-1,-1,2,2,2,2,2,2,-1,-1,2,5,5,5,5,6,6,6,6,6,6,5,5,5,5,2,2,5,5,5,5,5,5,5,5,5,5,5,5,2,-1,-1,-1,-1,-1,-1,-1,-1,-1,-1,-1,-1,-1,-1,-1,-1,-1,-1,-1,-1,-1,-1
-1,-1,-1,-1,-1,-1,-1,-1,-1,-1,-1,-1,-1,-1,-1,-1,-1,-1,-1,-1,-1,-1,-1,-1,-1,-1,2,5,5,5,5,5,6,6,6,6,5,5,5,5,5,2,4,2,5,5,5,5,5,5,5,5,5,5,2,-1,-1,-1,-1,-1,-1,-1,-1,-1,-1,-1,-1,-1,-1,-1,-1,-1,-1,-1,-1,-1,-1,-1
-1,-1,-1,-1,-1,-1,-1,-1,-1,-1,-1,-1,-1,-1,-1,-1,-1,-1,-1,-1,-1,-1,-1,-1,-1,-1,-1,2,5,5,5,5,5,5,5,5,5,5,5,5,5,2,4,4,2,5,5,5,5,5,5,5,5,2,-1,-1,-1,-1,-1,-1,-1,-1,-1,-1,-1,-1,-1,-1,-1,-1,-1,-1,-1,-1,-1,-1,-1,-1
-1,-1,-1,-1,-1,-1,-1,-1,-1,-1,-1,-1,-1,-1,-1,-1,-1,-1,-1,-1,-1,-1,-1,-1,-1,-1,-1,2,5,5,5,5,5,5,5,5,5,5,5,5,2,4,4,4,4,2,2,5,5,5,5,5,2,-1,-1,-1,-1,-1,-1,-1,-1,-1,-1,-1,-1,-1,-1,-1,-1,-1,-1,-1,-1,-1,-1,-1,-1,-1
-1,-1,-1,-1,-1,-1,-1,-1,-1,-1,-1,-1,-1,-1,-1,-1,-1,-1,-1,-1,-1,-1,-1,-1,-1,-1,-1,-1,2,5,5,5,5,5,5,5,5,5,5,2,4,4,4,4,4,4,3,2,2,2,2,2,-1,-1,-1,-1,-1,-1,-1,-1,-1,-1,-1,-1,-1,-1,-1,-1,-1,-1,-1,-1,-1,-1,-1,-1,-1,-1
-1,-1,-1,-1,-1,-1,-1,-1,-1,-1,-1,-1,-1,-1,-1,-1,-1,-1,-1,-1,-1,-1,-1,-1,-1,-1,-1,-1,-1,2,2,5,5,5,5,5,5,5,2,3,4,4,4,4,4,4,3,3,3,2,-1,-1,-1,-1,-1,-1,-1,-1,-1,-1,-1,-1,-1,-1,-1,-1,-1,-1,-1,-1,-1,-1,-1,-1,-1,-1,-1,-1
-1,-1,-1,-1,-1,-1,-1,-1,-1,-1,-1,-1,-1,-1,-1,-1,-1,-1,-1,-1,-1,-1,-1,-1,-1,-1,-1,-1,-1,-1,-1,2,5,5,5,5,5,2,3,3,4,4,4,4,4,4,3,3,3,2,-1,-1,-1,-1,-1,-1,-1,-1,-1,-1,-1,-1,-1,-1,-1,-1,-1,-1,-1,-1,-1,-1,-1,-1,-1,-1,-1,-1
-1,-1,-1,-1,-1,-1,-1,-1,-1,-1,-1,-1,-1,-1,-1,-1,-1,-1,-1,-1,-1,-1,-1,-1,-1,-1,-1,-1,-1,-1,-1,-1,2,2,2,2,2,3,3,3,3,4,4,4,4,4,3,3,3,3,2,-1,-1,-1,-1,-1,-1,-1,-1,-1,-1,-1,-1,-1,-1,-1,-1,-1,-1,-1,-1,-1,-1,-1,-1,-1,-1,-1
-1,-1,-1,-1,-1,-1,-1,-1,-1,-1,-1,-1,-1,-1,-1,-1,-1,-1,-1,-1,-1,-1,-1,-1,-1,-1,-1,-1,-1,-1,-1,-1,-1,-1,-1,-1,2,3,3,3,3,3,4,4,4,4,3,3,3,3,2,-1,-1,-1,-1,-1,-1,-1,-1,-1,-1,-1,-1,-1,-1,-1,-1,-1,-1,-1,-1,-1,-1,-1,-1,-1,-1,-1
-1,-1,-1,-1,-1,-1,-1,-1,-1,-1,-1,-1,-1,-1,-1,-1,-1,-1,-1,-1,-1,-1,-1,-1,-1,-1,-1,-1,-1,-1,-1,-1,-1,-1,-1,-1,2,3,3,3,3,3,3,4,4,4,3,3,3,3,2,-1,-1,-1,-1,-1,-1,-1,-1,-1,-1,-1,-1,-1,-1,-1,-1,-1,-1,-1,-1,-1,-1,-1,-1,-1,-1,-1
-1,-1,-1,-1,-1,-1,-1,-1,-1,-1,-1,-1,-1,-1,-1,-1,-1,-1,-1,-1,-1,-1,-1,-1,-1,-1,-1,-1,-1,-1,-1,-1,-1,-1,-1,-1,-1,2,3,3,3,3,3,3,4,4,3,3,3,3,2,-1,-1,-1,-1,-1,-1,-1,-1,-1,-1,-1,-1,-1,-1,-1,-1,-1,-1,-1,-1,-1,-1,-1,-1,-1,-1,-1
-1,-1,-1,-1,-1,-1,-1,-1,-1,-1,-1,-1,-1,-1,-1,-1,-1,-1,-1,-1,-1,-1,-1,-1,-1,-1,-1,-1,-1,-1,-1,-1,-1,-1,-1,-1,-1,-1,2,3,3,3,3,3,3,4,3,3,3,3,2,-1,-1,-1,-1,-1,-1,-1,-1,-1,-1,-1,-1,-1,-1,-1,-1,-1,-1,-1,-1,-1,-1,-1,-1,-1,-1,-1
-1,-1,-1,-1,-1,-1,-1,-1,-1,-1,-1,-1,-1,-1,-1,-1,-1,-1,-1,-1,-1,-1,-1,-1,-1,-1,-1,-1,-1,-1,-1,-1,-1,-1,-1,-1,-1,-1,-1,2,3,3,3,3,3,3,3,3,3,3,2,-1,-1,-1,-1,-1,-1,-1,-1,-1,-1,-1,-1,-1,-1,-1,-1,-1,-1,-1,-1,-1,-1,-1,-1,-1,-1,-1
-1,-1,-1,-1,-1,-1,-1,-1,-1,-1,-1,-1,-1,-1,-1,-1,-1,-1,-1,-1,-1,-1,-1,-1,-1,-1,-1,-1,-1,-1,-1,-1,-1,-1,-1,-1,-1,-1,-1,-1,2,3,3,3,3,3,3,3,3,2,-1,-1,-1,-1,-1,-1,-1,-1,-1,-1,-1,-1,-1,-1,-1,-1,-1,-1,-1,-1,-1,-1,-1,-1,-1,-1,-1,-1
-1,-1,-1,-1,-1,-1,-1,-1,-1,-1,-1,-1,-1,-1,-1,-1,-1,-1,-1,-1,-1,-1,-1,-1,-1,-1,-1,-1,-1,-1,-1,-1,-1,-1,-1,-1,-1,-1,-1,-1,-1,2,3,3,3,3,3,3,3,2,-1,-1,-1,-1,-1,-1,-1,-1,-1,-1,-1,-1,-1,-1,-1,-1,-1,-1,-1,-1,-1,-1,-1,-1,-1,-1,-1,-1
-1,-1,-1,-1,-1,-1,-1,-1,-1,-1,-1,-1,-1,-1,-1,-1,-1,-1,-1,-1,-1,-1,-1,-1,-1,-1,-1,-1,-1,-1,-1,-1,-1,-1,-1,-1,-1,-1,-1,-1,-1,2,3,3,3,3,3,3,3,2,-1,-1,-1,-1,-1,-1,-1,-1,-1,-1,-1,-1,-1,-1,-1,-1,-1,-1,-1,-1,-1,-1,-1,-1,-1,-1,-1,-1
-1,-1,-1,-1,-1,-1,-1,-1,-1,-1,-1,-1,-1,-1,-1,-1,-1,-1,-1,-1,-1,-1,-1,-1,-1,-1,-1,-1,-1,-1,-1,-1,-1,-1,-1,-1,-1,-1,-1,-1,-1,-1,2,3,3,3,3,3,3,2,-1,-1,-1,-1,-1,-1,-1,-1,-1,-1,-1,-1,-1,-1,-1,-1,-1,-1,-1,-1,-1,-1,-1,-1,-1,-1,-1,-1
-1,-1,-1,-1,-1,-1,-1,-1,-1,-1,-1,-1,-1,-1,-1,-1,-1,-1,-1,-1,-1,-1,-1,-1,-1,-1,-1,-1,-1,-1,-1,-1,-1,-1,-1,-1,-1,-1,-1,-1,-1,-1,2,3,3,3,3,3,3,2,-1,-1,-1,-1,-1,-1,-1,-1,-1,-1,-1,-1,-1,-1,-1,-1,-1,-1,-1,-1,-1,-1,-1,-1,-1,-1,-1,-1
-1,-1,-1,-1,-1,-1,-1,-1,-1,-1,-1,-1,-1,-1,-1,-1,-1,-1,-1,-1,-1,-1,-1,-1,-1,-1,-1,-1,-1,-1,-1,-1,-1,-1,-1,-1,-1,-1,-1,-1,-1,-1,-1,2,3,3,3,3,2,-1,-1,-1,-1,-1,-1,-1,-1,-1,-1,-1,-1,-1,-1,-1,-1,-1,-1,-1,-1,-1,-1,-1,-1,-1,-1,-1,-1,-1
-1,-1,-1,-1,-1,-1,-1,-1,-1,-1,-1,-1,-1,-1,-1,-1,-1,-1,-1,-1,-1,-1,-1,-1,-1,-1,-1,-1,-1,-1,-1,-1,-1,-1,-1,-1,-1,-1,-1,-1,-1,-1,-1,-1,2,3,3,3,2,-1,-1,-1,-1,-1,-1,-1,-1,-1,-1,-1,-1,-1,-1,-1,-1,-1,-1,-1,-1,-1,-1,-1,-1,-1,-1,-1,-1,-1
-1,-1,-1,-1,-1,-1,-1,-1,-1,-1,-1,-1,-1,-1,-1,-1,-1,-1,-1,-1,-1,-1,-1,-1,-1,-1,-1,-1,-1,-1,-1,-1,-1,-1,-1,-1,-1,-1,-1,-1,-1,-1,-1,-1,2,3,3,3,2,-1,-1,-1,-1,-1,-1,-1,-1,-1,-1,-1,-1,-1,-1,-1,-1,-1,-1,-1,-1,-1,-1,-1,-1,-1,-1,-1,-1,-1
-1,-1,-1,-1,-1,-1,-1,-1,-1,-1,-1,-1,-1,-1,-1,-1,-1,-1,-1,-1,-1,-1,-1,-1,-1,-1,-1,-1,-1,-1,-1,-1,-1,-1,-1,-1,-1,-1,-1,-1,-1,-1,-1,-1,-1,2,3,2,-1,-1,-1,-1,-1,-1,-1,-1,-1,-1,-1,-1,-1,-1,-1,-1,-1,-1,-1,-1,-1,-1,-1,-1,-1,-1,-1,-1,-1,-1
-1,-1,-1,-1,-1,-1,-1,-1,-1,-1,-1,-1,-1,-1,-1,-1,-1,-1,-1,-1,-1,-1,-1,-1,-1,-1,-1,-1,-1,-1,-1,-1,-1,-1,-1,-1,-1,-1,-1,-1,-1,-1,-1,-1,-1,-1,2,-1,-1,-1,-1,-1,-1,-1,-1,-1,-1,-1,-1,-1,-1,-1,-1,-1,-1,-1,-1,-1,-1,-1,-1,-1,-1,-1,-1,-1,-1,-1
0.0627451,0.4117647,0.2235294
0.02745098,0.5490196,0.2
0.09411766,0.07058824,0.4078432
0.3333333,0.5254902,1
0.2627451,0.08235294,0.6588235
0.7764707,0.4627451,1
0.6745098,0,0.5568628
0.8392158,0.454902,0
1,0.7529413,0.1098039
1,0.9411765,0.6980392
