53,80,
-1,-1,-1,-1,-1,-1,-1,-1,-1,-1,-1,-1,-1,-1,-1,-1,-1,-1,0,0,1,-1,-1,-1,-1,-1,-1,-1,-1,-1,-1,-1,-1,-1,-1,-1,-1,-1,-1,-1,-1,-1,-1,-1,-1,-1,-1,-1,-1,-1,-1,-1,-1
-1,-1,-1,-1,-1,-1,-1,-1,-1,-1,-1,-1,-1,-1,-1,-1,-1,-1,0,2,1,-1,-1,-1,-1,-1,-1,-1,-1,-1,-1,-1,-1,-1,-1,-1,-1,-1,-1,-1,-1,-1,-1,-1,-1,-1,-1,-1,-1,-1,-1,-1,-1
-1,-1,-1,-1,-1,-1,-1,-1,-1,-1,-1,-1,-1,-1,-1,-1,-1,-1,0,2,2,1,-1,-1,-1,-1,-1,-1,-1,-1,-1,-1,-1,-1,-1,-1,-1,-1,-1,-1,-1,-1,-1,-1,-1,-1,-1,-1,-1,-1,-1,-1,-1
-1,-1,-1,-1,-1,-1,-1,-1,-1,-1,-1,-1,-1,-1,-1,-1,-1,-1,0,2,2,1,-1,-1,-1,-1,-1,-1,-1,-1,-1,-1,-1,-1,-1,-1,-1,-1,-1,-1,-1,-1,-1,-1,-1,-1,-1,-1,-1,-1,-1,-1,-1
-1,-1,-1,-1,-1,-1,-1,-1,-1,-1,-1,-1,-1,-1,-1,-1,-1,-1,-1,0,2,2,1,-1,-1,-1,-1,-1,-1,-1,-1,-1,-1,-1,-1,-1,-1,-1,-1,-1,-1,-1,-1,-1,-1,-1,-1,-1,-1,-1,-1,-1,-1
-1,-1,-1,-1,-1,-1,-1,-1,-1,-1,-1,-1,-1,-1,-1,-1,-1,-1,-1,0,2,2,1,-1,-1,-1,-1,-1,-1,-1,-1,-1,-1,-1,-1,-1,-1,-1,-1,-1,-1,-1,-1,-1,-1,-1,-1,-1,-1,-1,-1,-1,-1
-1,-1,-1,-1,-1,-1,-1,-1,-1,-1,-1,-1,-1,-1,-1,-1,-1,-1,-1,0,2,2,1,-1,-1,-1,-1,-1,-1,-1,-1,-1,-1,-1,-1,-1,-1,-1,-1,-1,-1,-1,-1,-1,-1,-1,-1,-1,-1,-1,-1,-1,-1
-1,-1,-1,-1,-1,-1,-1,-1,-1,-1,-1,-1,-1,-1,-1,-1,-1,-1,-1,0,2,2,1,-1,-1,-1,-1,-1,-1,-1,-1,-1,-1,-1,-1,-1,-1,-1,-1,-1,-1,-1,-1,-1,-1,-1,-1,-1,-1,-1,-1,-1,-1
-1,-1,-1,-1,-1,-1,-1,-1,-1,-1,-1,-1,-1,-1,-1,-1,-1,-1,-1,0,2,2,1,-1,-1,-1,-1,-1,-1,-1,-1,-1,-1,-1,-1,-1,-1,-1,-1,-1,-1,-1,-1,-1,-1,-1,-1,-1,-1,-1,-1,-1,-1
-1,-1,-1,-1,-1,-1,-1,-1,-1,-1,-1,-1,-1,-1,-1,-1,-1,-1,-1,-1,0,2,2,1,-1,-1,-1,-1,-1,-1,-1,-1,-1,-1,-1,-1,-1,-1,-1,-1,-1,-1,-1,-1,-1,-1,-1,-1,-1,-1,-1,-1,-1
-1,-1,-1,-1,-1,-1,-1,-1,-1,-1,-1,-1,-1,-1,-1,-1,-1,-1,-1,-1,0,2,2,1,-1,-1,-1,-1,-1,-1,-1,-1,-1,-1,-1,-1,-1,-1,-1,-1,-1,-1,-1,-1,-1,-1,-1,-1,-1,-1,-1,-1,-1
-1,-1,-1,-1,-1,-1,-1,-1,-1,-1,-1,-1,-1,-1,-1,-1,-1,-1,-1,-1,0,2,2,1,-1,-1,-1,-1,-1,-1,-1,-1,-1,-1,-1,-1,-1,-1,-1,-1,-1,-1,-1,-1,-1,-1,-1,-1,-1,-1,-1,-1,-1
-1,-1,-1,-1,-1,-1,-1,-1,-1,-1,-1,-1,-1,-1,-1,-1,-1,-1,-1,-1,0,2,2,1,-1,-1,-1,-1,-1,-1,-1,-1,-1,-1,-1,-1,-1,-1,-1,-1,-1,-1,-1,-1,-1,-1,-1,-1,-1,-1,-1,-1,-1
-1,-1,-1,-1,-1,-1,-1,-1,-1,-1,-1,-1,-1,-1,-1,-1,-1,-1,-1,-1,0,2,2,1,-1,-1,-1,-1,-1,-1,-1,-1,-1,-1,-1,-1,-1,-1,-1,-1,-1,-1,-1,-1,-1,-1,-1,-1,-1,-1,-1,-1,-1
-1,-1,-1,-1,-1,-1,-1,-1,-1,-1,-1,-1,-1,-1,-1,-1,-1,-1,-1,-1,0,2,2,1,-1,-1,-1,-1,-1,-1,-1,-1,-1,-1,-1,-1,-1,-1,-1,-1,-1,-1,-1,-1,-1,-1,-1,-1,-1,-1,-1,-1,-1
-1,-1,-1,-1,-1,-1,-1,-1,-1,-1,-1,-1,-1,-1,-1,-1,-1,-1,-1,-1,-1,0,2,2,1,-1,-1,-1,-1,-1,-1,-1,-1,-1,-1,-1,-1,-1,-1,-1,-1,-1,-1,-1,-1,-1,-1,-1,-1,-1,-1,-1,-1
-1,-1,-1,-1,-1,-1,-1,-1,-1,-1,-1,-1,-1,-1,-1,-1,-1,-1,-1,-1,-1,0,2,2,1,-1,-1,-1,-1,-1,-1,-1,-1,-1,-1,-1,-1,-1,-1,-1,-1,-1,-1,-1,-1,-1,-1,-1,-1,-1,-1,-1,-1
-1,-1,-1,-1,-1,-1,-1,-1,-1,-1,-1,-1,-1,-1,-1,-1,-1,-1,-1,-1,-1,0,2,2,1,-1,-1,-1,-1,-1,-1,-1,-1,-1,-1,-1,-1,-1,-1,-1,-1,-1,-1,-1,-1,-1,-1,-1,-1,-1,-1,-1,-1
-1,-1,-1,-1,-1,-1,-1,-1,-1,-1,-1,-1,-1,-1,-1,-1,-1,-1,-1,-1,-1,0,2,2,1,-1,-1,-1,-1,-1,-1,-1,-1,-1,-1,-1,-1,-1,-1,-1,-1,-1,-1,-1,-1,-1,-1,-1,-1,-1,-1,-1,-1
-1,-1,-1,-1,-1,-1,-1,-1,-1,-1,-1,-1,-1,-1,-1,-1,-1,-1,-1,-1,-1,0,2,2,1,-1,-1,-1,-1,-1,-1,-1,-1,-1,-1,-1,-1,-1,-1,-1,-1,-1,-1,-1,-1,-1,-1,-1,-1,-1,-1,-1,-1
-1,-1,-1,-1,-1,-1,-1,-1,-1,-1,-1,-1,-1,-1,-1,-1,-1,-1,-1,-1,-1,0,2,2,1,-1,-1,-1,-1,-1,-1,-1,-1,-1,-1,-1,-1,-1,-1,-1,-1,-1,-1,-1,-1,-1,-1,-1,-1,-1,-1,-1,-1
-1,-1,-1,-1,-1,-1,-1,-1,-1,-1,-1,-1,-1,-1,-1,-1,-1,-1,-1,-1,-1,0,2,2,1,-1,-1,-1,-1,-1,-1,-1,-1,-1,-1,-1,-1,-1,-1,-1,-1,-1,-1,-1,-1,-1,-1,-1,-1,-1,-1,-1,-1
-1,-1,-1,-1,-1,-1,-1,-1,-1,-1,-1,-1,-1,-1,-1,-1,-1,-1,-1,-1,-1,0,2,2,1,-1,-1,-1,-1,-1,-1,-1,-1,-1,-1,-1,-1,-1,-1,-1,-1,-1,-1,-1,-1,-1,-1,-1,-1,-1,-1,-1,-1
-1,-1,-1,-1,-1,-1,-1,-1,-1,-1,-1,-1,-1,-1,-1,-1,-1,-1,-1,-1,-1,0,2,2,1,-1,-1,-1,-1,-1,-1,-1,-1,-1,-1,-1,-1,-1,-1,-1,-1,-1,-1,-1,-1,-1,-1,-1,-1,-1,-1,-1,-1
-1,-1,-1,-1,-1,-1,-1,-1,-1,-1,-1,-1,-1,-1,-1,-1,-1,-1,-1,-1,-1,0,2,2,1,-1,-1,-1,-1,-1,-1,-1,-1,-1,-1,-1,-1,-1,-1,-1,-1,-1,-1,-1,-1,-1,-1,-1,-1,-1,-1,-1,-1
-1,-1,-1,-1,-1,-1,-1,-1,-1,-1,-1,-1,-1,-1,-1,-1,-1,-1,-1,-1,-1,-1,0,2,2,1,-1,-1,-1,-1,-1,-1,-1,-1,-1,-1,-1,-1,-1,-1,-1,-1,-1,-1,-1,-1,-1,-1,-1,-1,-1,-1,-1
-1,-1,-1,-1,-1,-1,-1,-1,-1,-1,-1,-1,-1,-1,-1,-1,-1,-1,-1,-1,-1,-1,0,2,2,1,-1,-1,-1,-1,-1,-1,-1,-1,-1,-1,-1,-1,-1,-1,-1,1,1,1,-1,-1,-1,-1,-1,-1,-1,-1,-1
-1,-1,-1,-1,-1,-1,-1,-1,-1,-1,-1,-1,-1,-1,-1,-1,-1,-1,-1,-1,-1,-1,0,2,2,1,-1,-1,-1,-1,-1,-1,-1,-1,-1,-1,-1,-1,-1,-1,1,2,3,1,-1,-1,-1,-1,-1,-1,-1,-1,-1
-1,-1,-1,-1,-1,-1,-1,-1,-1,-1,-1,-1,-1,-1,-1,-1,-1,-1,-1,-1,-1,-1,0,2,2,1,-1,-1,-1,-1,-1,-1,-1,-1,-1,-1,1,1,1,1,2,2,3,1,-1,-1,-1,-1,-1,-1,-1,-1,-1
-1,-1,-1,-1,-1,-1,-1,-1,-1,-1,-1,-1,-1,-1,-1,-1,-1,-1,-1,-1,-1,-1,0,2,2,1,-1,-1,-1,-1,-1,-1,-1,-1,-1,1,2,2,2,2,2,3,3,1,-1,-1,-1,-1,-1,-1,-1,-1,-1
-1,-1,-1,-1,-1,-1,-1,-1,-1,-1,-1,-1,-1,-1,-1,-1,-1,-1,-1,1,1,1,0,2,2,1,-1,-1,-1,-1,-1,-1,1,1,1,2,2,2,2,2,2,3,3,1,-1,-1,-1,-1,-1,-1,-1,-1,-1
-1,-1,-1,-1,-1,-1,-1,-1,-1,-1,-1,-1,-1,-1,-1,-1,1,1,1,2,2,2,0,2,2,1,-1,-1,-1,-1,-1,1,2,2,2,2,2,2,2,2,3,3,3,1,-1,-1,-1,-1,-1,-1,-1,-1,-1
-1,-1,-1,-1,-1,-1,-1,-1,-1,-1,-1,-1,-1,-1,-1,1,2,2,2,2,2,2,0,2,2,1,-1,-1,1,1,1,2,2,2,2,2,2,2,2,2,3,3,3,1,-1,-1,-1,-1,-1,-1,-1,-1,-1
0,1,1,-1,-1,-1,-1,-1,-1,-1,-1,-1,-1,-1,-1,1,2,2,2,0,0,0,0,2,2,1,1,1,2,2,2,2,2,2,2,2,2,2,2,1,3,3,3,1,-1,-1,-1,-1,-1,-1,-1,-1,-1
0,2,2,1,1,-1,-1,-1,-1,-1,-1,-1,-1,-1,1,2,2,2,0,-1,-1,-1,0,2,2,1,1,2,2,2,2,2,2,2,2,2,2,2,2,1,3,3,3,1,-1,-1,-1,-1,-1,-1,-1,-1,-1
0,2,2,2,2,1,-1,-1,-1,-1,-1,-1,-1,1,2,2,2,0,-1,-1,-1,-1,0,2,2,1,1,2,2,2,2,2,2,2,2,2,2,2,1,3,3,3,3,1,-1,-1,-1,-1,-1,-1,1,1,1
0,2,2,2,2,2,1,1,1,1,-1,-1,-1,1,2,2,0,-1,-1,-1,-1,-1,0,2,2,1,1,2,2,2,2,2,2,2,2,2,2,2,1,3,3,3,3,1,-1,-1,-1,1,1,1,4,4,1
0,2,2,2,2,2,2,2,2,2,1,1,1,1,1,1,0,-1,-1,-1,-1,-1,0,2,2,1,1,2,2,2,2,2,2,2,2,2,2,1,3,3,3,3,3,1,1,1,1,4,4,4,4,4,1
0,2,2,2,2,2,2,2,2,2,2,2,2,2,2,2,1,-1,-1,-1,-1,-1,0,2,2,1,1,2,2,2,2,2,2,2,2,1,1,3,3,3,3,3,1,4,4,4,4,4,4,4,4,4,1
0,2,2,2,2,2,2,2,2,2,2,2,2,2,2,2,1,-1,-1,-1,-1,-1,5,5,5,5,5,1,2,2,2,2,1,1,1,3,3,3,3,3,3,3,1,4,4,4,4,4,4,4,4,4,1
0,2,2,2,1,2,2,2,2,2,2,2,2,2,2,2,2,1,1,5,5,5,6,6,6,6,6,6,1,1,1,1,3,3,3,3,3,3,3,3,3,3,1,4,4,4,4,4,4,4,4,4,1
0,2,2,2,2,1,2,2,2,2,2,2,2,2,2,2,2,2,5,5,5,5,6,6,6,6,6,6,6,6,6,1,3,3,3,3,3,3,3,3,3,1,4,4,4,4,4,4,4,4,4,1,-1
0,2,2,2,2,2,1,2,2,2,2,5,5,5,5,5,2,2,7,7,7,7,6,6,6,6,6,6,6,6,6,1,3,3,3,3,3,3,3,3,1,4,4,4,4,4,4,4,4,4,4,1,-1
-1,0,2,2,2,2,2,1,2,2,5,6,6,6,6,6,5,7,8,8,8,8,7,6,6,6,6,5,5,5,5,7,1,1,3,3,3,3,3,1,6,5,4,4,4,4,4,4,4,4,4,1,-1
-1,0,2,2,2,2,2,2,1,1,5,6,6,6,6,6,5,7,8,8,8,8,7,6,6,6,5,6,6,6,6,5,7,7,1,3,3,3,1,6,6,6,5,4,4,4,4,4,4,4,1,-1,-1
-1,0,2,2,2,2,2,5,5,5,5,6,6,7,7,7,7,8,8,8,8,8,8,7,7,5,5,6,6,6,6,5,5,7,1,1,1,1,6,6,6,6,6,5,4,4,4,4,4,1,-1,-1,-1
-1,-1,0,2,2,2,5,6,6,6,6,6,7,8,8,8,8,8,8,8,8,8,8,8,5,6,6,5,6,6,5,5,6,5,7,7,7,7,7,7,6,6,6,5,4,4,4,4,1,-1,-1,-1,-1
-1,-1,-1,0,2,2,5,6,6,6,6,6,7,8,8,8,8,8,8,8,9,8,8,5,6,6,6,6,9,9,6,6,6,6,5,8,8,8,8,8,7,6,6,5,5,5,1,1,-1,-1,-1,-1,-1
-1,-1,-1,-1,0,2,5,6,6,6,6,6,7,8,8,8,8,8,8,9,9,9,8,5,6,6,6,9,9,9,9,6,6,6,5,8,8,8,8,8,7,6,6,6,6,6,5,-1,-1,-1,-1,-1,-1
-1,-1,-1,-1,-1,0,5,6,6,6,6,6,7,8,8,5,5,5,5,9,9,9,8,5,6,6,6,6,9,9,6,6,6,6,5,8,8,8,8,8,7,6,6,6,6,6,5,-1,-1,-1,-1,-1,-1
-1,-1,-1,-1,7,7,7,7,7,6,7,7,7,7,5,6,6,6,6,5,9,8,8,8,5,6,6,5,6,6,5,6,6,5,8,8,8,8,8,8,7,7,7,7,6,6,5,-1,-1,-1,-1,-1,-1
-1,-1,-1,7,6,8,8,8,8,7,8,8,8,5,6,6,6,6,6,6,5,8,8,8,8,5,5,6,6,6,6,5,5,8,8,8,8,8,8,6,8,8,8,8,7,6,5,-1,-1,-1,-1,-1,-1
-1,-1,-1,7,8,8,8,8,8,7,8,8,5,6,6,6,6,6,6,6,6,5,8,8,8,8,5,6,6,6,6,5,8,8,8,8,9,9,8,8,8,8,8,8,7,6,5,-1,-1,-1,-1,-1,-1
-1,-1,-1,7,8,8,8,8,8,8,8,8,5,6,6,6,6,6,6,6,6,5,8,8,8,8,8,5,5,5,5,8,8,8,8,9,9,9,9,8,8,8,8,8,7,6,5,-1,-1,-1,-1,-1,-1
-1,-1,-1,7,8,8,8,8,8,9,5,5,5,6,6,6,6,6,6,6,6,5,5,5,7,7,7,7,7,7,7,8,8,8,8,9,9,9,9,8,8,8,8,8,7,7,7,-1,-1,-1,-1,-1,-1
-1,-1,-1,8,7,7,8,8,9,5,6,6,6,5,6,6,9,9,6,6,5,6,6,6,5,8,8,8,8,6,7,8,8,8,8,8,9,9,8,8,6,8,8,8,7,8,8,7,-1,-1,-1,-1,-1
-1,-1,-1,7,8,8,8,8,9,5,6,6,6,6,6,9,9,9,9,6,6,6,6,6,5,8,8,8,8,8,5,5,5,5,6,8,8,8,8,8,8,7,7,7,8,8,8,8,7,7,-1,-1,-1
-1,-1,-1,7,8,8,8,8,8,5,6,6,6,6,6,9,9,9,9,6,6,6,6,6,5,8,8,8,8,5,6,6,6,6,5,8,8,8,8,8,8,7,7,8,8,8,8,8,8,7,-1,-1,-1
-1,-1,-1,7,8,8,8,8,8,5,6,6,6,5,6,6,9,9,6,6,5,6,6,6,5,8,8,8,5,6,6,6,6,6,6,5,8,8,8,8,8,7,7,8,8,8,8,8,8,7,-1,-1,-1
-1,-1,-1,7,8,8,8,8,8,8,5,5,5,6,6,6,6,6,6,6,6,5,5,5,9,9,8,5,6,6,6,6,6,6,6,6,5,8,8,8,8,7,7,8,8,8,8,8,8,7,-1,-1,-1
-1,-1,-1,7,8,8,8,7,7,7,7,7,5,6,6,6,6,6,6,6,6,5,8,9,9,9,9,5,6,6,6,6,6,6,6,6,5,8,8,8,8,7,8,7,8,8,8,8,7,7,-1,-1,-1
-1,-1,-1,-1,7,7,7,8,8,8,8,8,5,6,6,6,6,6,6,6,6,5,8,9,9,5,5,5,6,6,6,6,6,6,6,6,5,5,5,7,7,8,8,7,8,8,8,7,-1,-1,-1,-1,-1
-1,-1,-1,-1,8,8,7,8,8,8,8,8,8,5,6,6,6,6,6,6,5,8,8,8,5,6,6,6,5,6,6,9,9,6,6,5,6,6,6,5,8,8,8,7,8,8,8,7,-1,-1,-1,-1,-1
-1,-1,-1,-1,8,8,7,8,8,8,8,8,8,8,5,6,6,6,6,5,8,8,8,8,5,6,6,6,6,6,9,9,9,9,6,6,6,6,6,5,8,8,8,6,7,7,7,8,-1,-1,-1,-1,-1
-1,-1,-1,-1,8,7,7,6,8,8,9,9,8,8,8,5,5,5,5,8,8,8,8,8,5,6,6,6,6,6,9,9,9,9,6,6,6,6,6,5,8,8,8,8,8,8,8,7,-1,-1,-1,-1,-1
-1,-1,-1,-1,7,8,8,8,8,9,9,9,9,8,8,8,8,8,7,8,8,8,8,8,5,6,6,6,5,6,6,9,9,6,6,5,6,6,6,5,9,9,8,8,8,8,8,7,-1,-1,-1,-1,-1
-1,-1,-1,-1,7,8,8,8,8,9,9,9,9,8,8,8,8,8,7,6,8,8,8,7,7,5,5,5,6,6,6,6,6,6,6,6,5,5,5,9,9,9,9,8,8,8,8,7,-1,-1,-1,-1,-1
-1,-1,-1,-1,7,8,8,8,8,8,9,9,8,8,8,8,8,8,5,5,5,5,7,8,8,8,8,5,6,6,6,6,6,6,6,6,5,8,8,8,9,9,8,8,8,8,8,7,-1,-1,-1,-1,-1
-1,-1,-1,-1,7,8,8,8,8,8,8,8,8,8,6,6,6,5,6,6,6,6,5,8,8,8,8,5,6,6,6,6,6,6,6,6,5,8,8,8,8,8,8,8,8,8,8,7,-1,-1,-1,-1,-1
-1,-1,-1,-1,7,8,8,8,8,6,8,8,8,8,8,8,5,5,6,6,6,6,5,5,8,8,8,8,5,6,6,6,6,6,6,5,7,6,8,8,8,8,8,6,7,7,7,-1,-1,-1,-1,-1,-1
-1,-1,-1,-1,-1,7,7,7,7,7,8,8,8,8,8,5,6,6,5,6,6,5,5,6,5,8,8,8,8,5,6,6,6,6,5,8,8,7,8,8,8,8,8,7,-1,-1,-1,-1,-1,-1,-1,-1,-1
-1,-1,-1,-1,-1,-1,-1,-1,-1,7,8,8,8,8,5,6,6,6,6,9,9,6,6,6,6,5,9,9,8,8,5,5,5,5,8,8,8,7,8,8,8,8,8,7,-1,-1,-1,-1,-1,-1,-1,-1,-1
-1,-1,-1,-1,-1,-1,-1,-1,-1,7,8,8,8,8,5,6,6,6,9,9,9,9,6,6,6,5,9,9,9,8,8,8,8,8,7,8,8,7,8,8,8,8,8,7,-1,-1,-1,-1,-1,-1,-1,-1,-1
-1,-1,-1,-1,-1,-1,-1,-1,-1,-1,7,7,7,7,5,6,6,6,6,9,9,6,6,6,6,5,9,9,9,8,8,8,8,8,7,8,8,8,7,7,7,7,7,-1,-1,-1,-1,-1,-1,-1,-1,-1,-1
-1,-1,-1,-1,-1,-1,-1,-1,-1,-1,-1,8,8,8,8,5,6,6,5,6,6,5,6,6,5,8,9,9,8,8,8,8,8,8,7,8,8,8,8,7,-1,-1,-1,-1,-1,-1,-1,-1,-1,-1,-1,-1,-1
-1,-1,-1,-1,-1,-1,-1,-1,-1,-1,-1,-1,-1,-1,8,8,5,5,6,6,6,6,5,5,6,8,8,8,8,8,8,8,8,7,8,8,8,8,7,7,-1,-1,-1,-1,-1,-1,-1,-1,-1,-1,-1,-1,-1
-1,-1,-1,-1,-1,-1,-1,-1,-1,-1,-1,-1,-1,-1,8,8,8,5,6,6,6,6,5,7,8,8,8,8,8,8,6,7,7,8,8,8,8,7,-1,-1,-1,-1,-1,-1,-1,-1,-1,-1,-1,-1,-1,-1,-1
-1,-1,-1,-1,-1,-1,-1,-1,-1,-1,-1,-1,-1,-1,-1,8,8,8,5,5,5,5,7,7,8,8,8,8,8,8,7,7,7,7,7,7,7,-1,-1,-1,-1,-1,-1,-1,-1,-1,-1,-1,-1,-1,-1,-1,-1
-1,-1,-1,-1,-1,-1,-1,-1,-1,-1,-1,-1,-1,-1,-1,-1,-1,-1,-1,-1,-1,-1,-1,7,8,8,8,8,8,8,7,-1,-1,-1,-1,-1,-1,-1,-1,-1,-1,-1,-1,-1,-1,-1,-1,-1,-1,-1,-1,-1,-1
-1,-1,-1,-1,-1,-1,-1,-1,-1,-1,-1,-1,-1,-1,-1,-1,-1,-1,-1,-1,-1,-1,-1,-1,7,7,7,7,7,7,-1,-1,-1,-1,-1,-1,-1,-1,-1,-1,-1,-1,-1,-1,-1,-1,-1,-1,-1,-1,-1,-1,-1
0.4235294,0.5764706,0.06666667
0.2431373,0.4196079,0.1843137
0.5686275,0.6980392,0.2313726
0.654902,0.7843138,0.2980392
0.4078432,0.5372549,0.1058824
0.1372549,0.227451,0.682353
0.345098,0.6039216,1
0.2862745,0.4666667,0.9529412
0.572549,0.7450981,1
0.8941177,1,1
