76,72,
-1,-1,-1,-1,-1,-1,-1,-1,-1,-1,-1,-1,-1,-1,-1,-1,-1,-1,-1,-1,-1,-1,-1,-1,-1,-1,-1,-1,-1,-1,-1,-1,-1,-1,0,0,0,0,0,0,0,0,-1,-1,-1,-1,-1,-1,-1,-1,-1,-1,-1,-1,-1,-1,-1,-1,-1,-1,-1,-1,-1,-1,-1,-1,-1,-1,-1,-1,-1,-1,-1,-1,-1,-1
-1,-1,-1,-1,-1,-1,-1,-1,-1,-1,-1,-1,-1,-1,-1,-1,-1,-1,-1,-1,-1,-1,-1,-1,-1,-1,-1,-1,-1,-1,-1,-1,-1,-1,0,0,0,0,0,0,0,0,-1,-1,-1,-1,-1,-1,-1,-1,-1,-1,-1,-1,-1,-1,-1,-1,-1,-1,-1,-1,-1,-1,-1,-1,-1,-1,-1,-1,-1,-1,-1,-1,-1,-1
-1,-1,-1,-1,-1,-1,-1,-1,-1,-1,-1,-1,-1,-1,-1,-1,-1,-1,-1,0,0,0,0,0,-1,-1,-1,-1,-1,-1,-1,-1,0,0,1,1,1,1,1,1,1,1,0,0,-1,-1,-1,-1,-1,-1,-1,-1,0,0,0,0,0,-1,-1,-1,-1,-1,-1,-1,-1,-1,-1,-1,-1,-1,-1,-1,-1,-1,-1,-1
-1,-1,-1,-1,-1,-1,-1,-1,-1,-1,-1,-1,-1,-1,-1,-1,-1,-1,-1,0,0,0,0,0,-1,-1,-1,-1,-1,-1,-1,-1,0,0,1,1,1,1,1,1,1,1,0,0,-1,-1,-1,-1,-1,-1,-1,-1,0,0,0,0,0,-1,-1,-1,-1,-1,-1,-1,-1,-1,-1,-1,-1,-1,-1,-1,-1,-1,-1,-1
-1,-1,-1,-1,-1,-1,-1,-1,-1,-1,-1,-1,-1,-1,-1,-1,-1,0,0,2,2,2,2,2,0,0,-1,-1,-1,-1,0,0,1,1,1,1,1,1,1,1,1,1,1,1,0,0,-1,-1,-1,-1,0,0,3,3,3,3,3,0,0,-1,-1,-1,-1,-1,-1,-1,-1,-1,-1,-1,-1,-1,-1,-1,-1,-1
-1,-1,-1,-1,-1,-1,-1,-1,-1,-1,-1,-1,-1,-1,-1,-1,-1,0,0,2,2,2,2,2,0,0,-1,-1,-1,-1,0,0,1,1,1,1,1,1,1,1,1,1,1,1,0,0,-1,-1,-1,-1,0,0,3,3,3,3,3,0,0,-1,-1,-1,-1,-1,-1,-1,-1,-1,-1,-1,-1,-1,-1,-1,-1,-1
-1,-1,-1,-1,-1,-1,-1,-1,-1,-1,-1,-1,-1,-1,-1,0,0,2,2,2,2,2,2,2,2,2,0,0,-1,-1,0,0,1,1,1,1,1,1,1,1,1,1,1,1,0,0,-1,-1,0,0,3,3,3,3,3,3,3,3,3,0,0,-1,-1,-1,-1,-1,-1,-1,-1,-1,-1,-1,-1,-1,-1,-1
-1,-1,-1,-1,-1,-1,-1,-1,-1,-1,-1,-1,-1,-1,-1,0,0,2,2,2,2,2,2,2,2,2,0,0,-1,-1,0,0,1,1,1,1,1,1,1,1,1,1,1,1,0,0,-1,-1,0,0,3,3,3,3,3,3,3,3,3,0,0,-1,-1,-1,-1,-1,-1,-1,-1,-1,-1,-1,-1,-1,-1,-1
-1,-1,-1,-1,-1,-1,-1,-1,-1,-1,-1,-1,-1,-1,-1,0,0,2,2,2,2,2,2,2,2,2,0,0,0,0,0,0,1,1,1,1,1,1,1,1,1,1,1,1,0,0,0,0,0,0,3,3,3,3,3,3,3,3,3,0,0,-1,-1,-1,-1,-1,-1,-1,-1,-1,-1,-1,-1,-1,-1,-1
-1,-1,-1,-1,-1,-1,-1,-1,-1,-1,-1,-1,-1,-1,-1,0,0,2,2,2,2,2,2,2,2,2,2,2,0,0,4,4,1,1,1,1,1,1,1,1,1,1,1,1,4,4,0,0,3,3,3,3,3,3,3,3,3,3,3,0,0,-1,-1,-1,-1,-1,-1,-1,-1,-1,-1,-1,-1,-1,-1,-1
-1,-1,-1,-1,-1,-1,-1,-1,-1,-1,-1,-1,-1,-1,-1,0,0,2,2,2,2,2,2,2,2,2,2,2,0,0,4,4,1,1,1,1,1,1,1,1,1,1,1,1,4,4,0,0,3,3,3,3,3,3,3,3,3,3,3,0,0,-1,-1,-1,-1,-1,-1,-1,-1,-1,-1,-1,-1,-1,-1,-1
-1,-1,-1,-1,-1,-1,-1,-1,-1,-1,-1,-1,-1,-1,-1,0,0,2,2,2,2,2,2,2,2,2,2,2,2,2,4,4,1,1,1,1,1,1,1,1,1,1,1,1,4,4,3,3,3,3,3,3,3,3,3,3,3,3,3,0,0,-1,-1,-1,-1,-1,-1,-1,-1,-1,-1,-1,-1,-1,-1,-1
-1,-1,-1,-1,-1,-1,-1,-1,-1,-1,-1,-1,-1,-1,-1,0,0,2,2,2,2,2,2,2,2,2,2,2,2,2,4,4,1,1,1,1,1,1,1,1,1,1,1,1,4,4,3,3,3,3,3,3,3,3,3,3,3,3,3,0,0,-1,-1,-1,-1,-1,-1,-1,-1,-1,-1,-1,-1,-1,-1,-1
-1,-1,-1,-1,-1,-1,-1,-1,0,0,0,0,0,0,0,-1,-1,0,0,2,2,2,2,2,2,2,2,2,2,2,4,4,1,1,1,1,1,1,1,1,1,1,1,1,4,4,3,3,3,3,3,3,3,3,3,3,3,0,0,-1,-1,0,0,0,0,0,0,0,-1,-1,-1,-1,-1,-1,-1,-1
-1,-1,-1,-1,-1,-1,-1,-1,0,0,0,0,0,0,0,-1,-1,0,0,4,4,2,2,2,2,2,2,2,2,2,4,4,1,1,1,1,1,1,1,1,1,1,1,1,4,4,3,3,3,3,3,3,3,3,3,4,4,0,0,-1,-1,0,0,0,0,0,0,0,-1,-1,-1,-1,-1,-1,-1,-1
-1,-1,-1,-1,-1,-1,0,0,3,3,3,3,3,3,3,0,0,-1,-1,4,4,2,2,2,2,2,2,2,2,2,4,4,1,1,1,1,1,1,1,1,1,1,1,1,4,4,3,3,3,3,3,3,3,3,3,4,4,-1,-1,0,0,2,2,2,2,2,2,2,0,0,-1,-1,-1,-1,-1,-1
-1,-1,-1,-1,-1,-1,0,0,3,3,3,3,3,3,3,0,0,-1,-1,4,4,2,2,2,2,2,2,2,2,2,4,4,1,1,1,1,1,1,1,1,1,1,1,1,4,4,3,3,3,3,3,3,3,3,3,4,4,-1,-1,0,0,2,2,2,2,2,2,2,0,0,-1,-1,-1,-1,-1,-1
-1,-1,-1,-1,0,0,3,3,3,3,3,3,3,3,3,3,4,4,4,4,4,2,2,2,2,2,2,2,2,2,4,4,1,1,1,1,1,1,1,1,1,1,1,1,4,4,3,3,3,3,3,3,3,3,3,4,4,4,4,4,2,2,2,2,2,2,2,2,2,2,0,0,-1,-1,-1,-1
-1,-1,-1,-1,0,0,3,3,3,3,3,3,3,3,3,3,4,4,4,4,4,4,2,2,2,2,2,2,2,2,4,4,1,1,1,1,1,1,1,1,1,1,1,1,4,4,3,3,3,3,3,3,3,3,4,4,4,4,4,4,2,2,2,2,2,2,2,2,2,2,0,0,-1,-1,-1,-1
-1,-1,-1,-1,0,0,3,3,3,3,3,3,3,3,3,3,3,3,3,3,4,4,2,2,2,2,2,2,2,2,4,4,1,1,1,1,1,1,1,1,1,1,1,1,4,4,3,3,3,3,3,3,3,3,4,4,2,2,2,2,2,2,2,2,2,2,2,2,2,2,0,0,-1,-1,-1,-1
-1,-1,-1,-1,0,0,3,3,3,3,3,3,3,3,3,3,3,3,3,3,3,3,4,4,2,2,2,2,2,2,4,4,1,1,1,1,1,1,1,1,1,1,1,1,4,4,3,3,3,3,3,3,4,4,2,2,2,2,2,2,2,2,2,2,2,2,2,2,2,2,0,0,-1,-1,-1,-1
-1,-1,-1,-1,0,0,3,3,3,3,3,3,3,3,3,3,3,3,3,3,3,3,4,4,2,2,2,2,2,2,4,4,1,1,1,1,1,1,1,1,1,1,1,1,4,4,3,3,3,3,3,3,4,4,2,2,2,2,2,2,2,2,2,2,2,2,2,2,2,2,0,0,-1,-1,-1,-1
-1,-1,-1,-1,-1,-1,0,0,3,3,3,3,3,3,3,3,3,3,3,3,3,3,3,3,4,4,2,2,2,2,2,2,4,4,1,1,1,1,1,1,1,1,4,4,3,3,3,3,3,3,4,4,2,2,2,2,2,2,2,2,2,2,2,2,2,2,2,2,0,0,-1,-1,-1,-1,-1,-1
-1,-1,-1,-1,-1,-1,0,0,3,3,3,3,3,3,3,3,3,3,3,3,3,3,3,3,4,4,2,2,2,2,2,2,4,4,1,1,1,1,1,1,1,1,4,4,3,3,3,3,3,3,4,4,2,2,2,2,2,2,2,2,2,2,2,2,2,2,2,2,0,0,-1,-1,-1,-1,-1,-1
-1,-1,-1,-1,-1,-1,-1,-1,0,0,3,3,3,3,3,3,3,3,3,3,3,3,3,3,3,3,4,4,2,2,2,2,2,5,5,5,5,5,5,5,5,5,5,3,3,3,3,3,4,4,2,2,2,2,2,2,2,2,2,2,2,2,2,2,2,2,0,0,-1,-1,-1,-1,-1,-1,-1,-1
-1,-1,-1,-1,-1,-1,-1,-1,0,0,3,3,3,3,3,3,3,3,3,3,3,3,3,3,3,3,4,4,2,2,2,2,2,5,5,5,5,5,5,5,5,5,5,3,3,3,3,3,4,4,2,2,2,2,2,2,2,2,2,2,2,2,2,2,2,2,0,0,-1,-1,-1,-1,-1,-1,-1,-1
-1,-1,-1,-1,-1,-1,-1,-1,-1,-1,0,0,0,0,0,3,3,3,3,3,3,3,3,3,3,3,3,3,5,5,5,5,5,6,6,6,2,2,2,2,2,2,2,5,5,5,5,5,2,2,2,2,2,2,2,2,2,2,2,2,2,0,0,0,0,0,-1,-1,-1,-1,-1,-1,-1,-1,-1,-1
-1,-1,-1,-1,-1,-1,-1,-1,-1,-1,0,0,0,0,0,3,3,3,3,3,3,3,3,3,3,3,3,3,5,5,5,5,5,6,2,2,2,2,2,2,2,1,1,5,5,5,5,5,2,2,2,2,2,2,2,2,2,2,2,2,2,0,0,0,0,0,-1,-1,-1,-1,-1,-1,-1,-1,-1,-1
-1,-1,-1,-1,0,0,0,0,0,0,0,4,4,4,4,4,3,3,3,3,3,3,3,3,3,3,3,3,5,5,6,6,6,6,2,2,2,2,2,2,1,1,1,2,2,2,5,5,2,2,2,2,2,2,2,2,2,2,2,2,4,4,4,4,4,0,0,0,0,0,0,0,-1,-1,-1,-1
-1,-1,-1,-1,0,0,0,0,0,0,0,4,4,4,4,4,4,4,4,4,4,4,4,4,3,3,3,3,5,5,6,6,2,2,2,2,2,2,2,2,1,1,2,2,2,2,5,5,2,2,2,2,4,4,4,4,4,4,4,4,4,4,4,4,4,0,0,0,0,0,0,0,-1,-1,-1,-1
-1,-1,0,0,1,1,1,1,1,1,1,1,1,1,1,1,4,4,4,4,4,4,4,4,3,3,3,3,5,5,6,6,2,2,2,2,2,2,2,2,2,2,2,2,2,2,5,5,2,2,2,2,4,4,4,4,4,4,4,4,1,1,1,1,1,1,1,1,1,1,1,1,0,0,-1,-1
-1,-1,0,0,1,1,1,1,1,1,1,1,1,1,1,1,1,1,1,1,1,1,1,1,4,4,5,5,6,6,2,2,2,2,2,2,2,2,2,2,2,2,2,2,2,2,2,2,5,5,4,4,1,1,1,1,1,1,1,1,1,1,1,1,1,1,1,1,1,1,1,1,0,0,-1,-1
0,0,1,1,1,1,1,1,1,1,1,1,1,1,1,1,1,1,1,1,1,1,1,1,4,4,5,5,6,6,2,2,2,2,2,1,1,2,2,2,2,2,2,2,2,2,2,2,5,5,4,4,1,1,1,1,1,1,1,1,1,1,1,1,1,1,1,1,1,1,1,1,1,1,0,0
0,0,1,1,1,1,1,1,1,1,1,1,1,1,1,1,1,1,1,1,1,1,1,1,1,1,5,5,6,6,2,2,2,2,1,1,1,2,2,2,2,2,2,2,2,2,2,2,5,5,1,1,1,1,1,1,1,1,1,1,1,1,1,1,1,1,1,1,1,1,1,1,1,1,0,0
0,0,1,1,1,1,1,1,1,1,1,1,1,1,1,1,1,1,1,1,1,1,1,1,1,1,5,5,6,6,2,2,2,2,1,1,2,2,2,2,2,2,2,1,1,2,2,2,5,5,1,1,1,1,1,1,1,1,1,1,1,1,1,1,1,1,1,1,1,1,1,1,1,1,0,0
0,0,1,1,1,1,1,1,1,1,1,1,1,1,1,1,1,1,1,1,1,1,1,1,1,1,5,5,6,6,2,2,2,2,2,2,2,2,2,2,2,2,1,1,1,2,2,2,5,5,1,1,1,1,1,1,1,1,1,1,1,1,1,1,1,1,1,1,1,1,1,1,1,1,0,0
0,0,1,1,1,1,1,1,1,1,1,1,1,1,1,1,1,1,1,1,1,1,1,1,1,1,5,5,6,6,2,2,2,2,2,2,2,2,2,2,2,2,1,1,2,2,2,2,5,5,1,1,1,1,1,1,1,1,1,1,1,1,1,1,1,1,1,1,1,1,1,1,1,1,0,0
0,0,1,1,1,1,1,1,1,1,1,1,1,1,1,1,1,1,1,1,1,1,1,1,1,1,5,5,6,6,2,2,2,2,2,2,2,2,2,2,2,2,2,2,2,2,2,2,5,5,1,1,1,1,1,1,1,1,1,1,1,1,1,1,1,1,1,1,1,1,1,1,1,1,0,0
0,0,1,1,1,1,1,1,1,1,1,1,1,1,1,1,1,1,1,1,1,1,1,1,1,1,5,5,6,6,2,2,2,1,1,2,2,2,2,2,2,2,2,2,2,2,2,2,5,5,1,1,1,1,1,1,1,1,1,1,1,1,1,1,1,1,1,1,1,1,1,1,1,1,0,0
0,0,1,1,1,1,1,1,1,1,1,1,1,1,1,1,1,1,1,1,1,1,1,1,4,4,5,5,6,6,2,2,1,1,1,2,2,2,2,2,2,2,2,2,2,2,2,2,5,5,4,4,1,1,1,1,1,1,1,1,1,1,1,1,1,1,1,1,1,1,1,1,1,1,0,0
-1,-1,0,0,1,1,1,1,1,1,1,1,1,1,1,1,1,1,1,1,1,1,1,1,4,4,5,5,6,6,2,2,1,1,2,2,2,2,2,2,2,1,1,2,2,2,2,2,5,5,4,4,1,1,1,1,1,1,1,1,1,1,1,1,1,1,1,1,1,1,1,1,0,0,-1,-1
-1,-1,0,0,1,1,1,1,1,1,1,1,1,1,1,1,4,4,4,4,4,4,4,4,2,2,2,2,5,5,6,6,2,2,2,2,2,2,2,2,1,1,1,2,2,2,5,5,3,3,3,3,4,4,4,4,4,4,4,4,1,1,1,1,1,1,1,1,1,1,1,1,0,0,-1,-1
-1,-1,-1,-1,0,0,0,0,0,0,4,4,4,4,4,4,4,4,4,4,4,4,4,4,2,2,2,2,5,5,6,6,2,2,2,2,2,2,2,2,1,1,2,2,2,2,5,5,3,3,3,3,4,4,4,4,4,4,4,4,4,4,4,4,4,4,0,0,0,0,0,0,-1,-1,-1,-1
-1,-1,-1,-1,0,0,0,0,0,0,4,4,4,4,4,4,2,2,2,2,2,2,2,2,2,2,2,2,5,5,6,6,2,2,2,2,2,2,2,2,2,2,2,2,2,2,5,5,3,3,3,3,3,3,3,3,3,3,3,3,4,4,4,4,4,4,0,0,0,0,0,0,-1,-1,-1,-1
-1,-1,-1,-1,-1,-1,-1,-1,-1,-1,0,0,0,0,0,2,2,2,2,2,2,2,2,2,2,2,2,2,5,5,5,5,5,2,2,2,2,2,2,2,2,2,2,5,5,5,5,5,3,3,3,3,3,3,3,3,3,3,3,3,3,0,0,0,0,0,-1,-1,-1,-1,-1,-1,-1,-1,-1,-1
-1,-1,-1,-1,-1,-1,-1,-1,-1,-1,0,0,0,0,0,2,2,2,2,2,2,2,2,2,2,2,2,2,5,5,5,5,5,2,2,2,2,2,2,2,2,2,2,5,5,5,5,5,3,3,3,3,3,3,3,3,3,3,3,3,3,0,0,0,0,0,-1,-1,-1,-1,-1,-1,-1,-1,-1,-1
-1,-1,-1,-1,-1,-1,-1,-1,0,0,2,2,2,2,2,2,2,2,2,2,2,2,2,2,2,2,4,4,3,3,3,3,3,5,5,5,5,5,5,5,5,5,5,2,2,2,2,2,4,4,3,3,3,3,3,3,3,3,3,3,3,3,3,3,3,3,0,0,-1,-1,-1,-1,-1,-1,-1,-1
-1,-1,-1,-1,-1,-1,-1,-1,0,0,2,2,2,2,2,2,2,2,2,2,2,2,2,2,2,2,4,4,3,3,3,3,3,5,5,5,5,5,5,5,5,5,5,2,2,2,2,2,4,4,3,3,3,3,3,3,3,3,3,3,3,3,3,3,3,3,0,0,-1,-1,-1,-1,-1,-1,-1,-1
-1,-1,-1,-1,-1,-1,0,0,2,2,2,2,2,2,2,2,2,2,2,2,2,2,2,2,4,4,3,3,3,3,3,3,4,4,1,1,1,1,1,1,1,1,4,4,2,2,2,2,2,2,4,4,3,3,3,3,3,3,3,3,3,3,3,3,3,3,3,3,0,0,-1,-1,-1,-1,-1,-1
-1,-1,-1,-1,-1,-1,0,0,2,2,2,2,2,2,2,2,2,2,2,2,2,2,2,2,4,4,3,3,3,3,3,3,4,4,1,1,1,1,1,1,1,1,4,4,2,2,2,2,2,2,4,4,3,3,3,3,3,3,3,3,3,3,3,3,3,3,3,3,0,0,-1,-1,-1,-1,-1,-1
-1,-1,-1,-1,0,0,2,2,2,2,2,2,2,2,2,2,2,2,2,2,2,2,4,4,3,3,3,3,3,3,4,4,1,1,1,1,1,1,1,1,1,1,1,1,4,4,2,2,2,2,2,2,4,4,3,3,3,3,3,3,3,3,3,3,3,3,3,3,3,3,0,0,-1,-1,-1,-1
-1,-1,-1,-1,0,0,2,2,2,2,2,2,2,2,2,2,2,2,2,2,2,2,4,4,3,3,3,3,3,3,4,4,1,1,1,1,1,1,1,1,1,1,1,1,4,4,2,2,2,2,2,2,4,4,3,3,3,3,3,3,3,3,3,3,3,3,3,3,3,3,0,0,-1,-1,-1,-1
-1,-1,-1,-1,0,0,2,2,2,2,2,2,2,2,2,2,2,2,2,2,4,4,3,3,3,3,3,3,3,3,4,4,1,1,1,1,1,1,1,1,1,1,1,1,4,4,2,2,2,2,2,2,2,2,4,4,3,3,3,3,3,3,3,3,3,3,3,3,3,3,0,0,-1,-1,-1,-1
-1,-1,-1,-1,0,0,2,2,2,2,2,2,2,2,2,2,2,4,4,4,4,4,3,3,3,3,3,3,3,3,4,4,1,1,1,1,1,1,1,1,1,1,1,1,4,4,2,2,2,2,2,2,2,2,4,4,4,4,4,3,3,3,3,3,3,3,3,3,3,3,0,0,-1,-1,-1,-1
-1,-1,-1,-1,0,0,2,2,2,2,2,2,2,2,2,2,2,4,4,4,4,3,3,3,3,3,3,3,3,3,4,4,1,1,1,1,1,1,1,1,1,1,1,1,4,4,2,2,2,2,2,2,2,2,2,4,4,4,4,3,3,3,3,3,3,3,3,3,3,3,0,0,-1,-1,-1,-1
-1,-1,-1,-1,-1,-1,0,0,2,2,2,2,2,2,2,0,0,-1,-1,4,4,3,3,3,3,3,3,3,3,3,4,4,1,1,1,1,1,1,1,1,1,1,1,1,4,4,2,2,2,2,2,2,2,2,2,4,4,-1,-1,0,0,3,3,3,3,3,3,3,0,0,-1,-1,-1,-1,-1,-1
-1,-1,-1,-1,-1,-1,0,0,2,2,2,2,2,2,2,0,0,-1,-1,4,4,3,3,3,3,3,3,3,3,3,4,4,1,1,1,1,1,1,1,1,1,1,1,1,4,4,2,2,2,2,2,2,2,2,2,4,4,-1,-1,0,0,3,3,3,3,3,3,3,0,0,-1,-1,-1,-1,-1,-1
-1,-1,-1,-1,-1,-1,-1,-1,0,0,0,0,0,0,0,-1,-1,0,0,3,3,3,3,3,3,3,3,3,3,3,4,4,1,1,1,1,1,1,1,1,1,1,1,1,4,4,2,2,2,2,2,2,2,2,2,2,2,0,0,-1,-1,0,0,0,0,0,0,0,-1,-1,-1,-1,-1,-1,-1,-1
-1,-1,-1,-1,-1,-1,-1,-1,0,0,0,0,0,0,0,-1,-1,0,0,3,3,3,3,3,3,3,3,3,3,3,4,4,1,1,1,1,1,1,1,1,1,1,1,1,4,4,2,2,2,2,2,2,2,2,2,2,2,0,0,-1,-1,0,0,0,0,0,0,0,-1,-1,-1,-1,-1,-1,-1,-1
-1,-1,-1,-1,-1,-1,-1,-1,-1,-1,-1,-1,-1,-1,-1,0,0,3,3,3,3,3,3,3,3,3,3,3,3,3,4,4,1,1,1,1,1,1,1,1,1,1,1,1,4,4,2,2,2,2,2,2,2,2,2,2,2,2,2,0,0,-1,-1,-1,-1,-1,-1,-1,-1,-1,-1,-1,-1,-1,-1,-1
-1,-1,-1,-1,-1,-1,-1,-1,-1,-1,-1,-1,-1,-1,-1,0,0,3,3,3,3,3,3,3,3,3,3,3,3,3,4,4,1,1,1,1,1,1,1,1,1,1,1,1,4,4,2,2,2,2,2,2,2,2,2,2,2,2,2,0,0,-1,-1,-1,-1,-1,-1,-1,-1,-1,-1,-1,-1,-1,-1,-1
-1,-1,-1,-1,-1,-1,-1,-1,-1,-1,-1,-1,-1,-1,-1,0,0,3,3,3,3,3,3,3,3,3,3,3,0,0,4,4,1,1,1,1,1,1,1,1,1,1,1,1,4,4,0,0,2,2,2,2,2,2,2,2,2,2,2,0,0,-1,-1,-1,-1,-1,-1,-1,-1,-1,-1,-1,-1,-1,-1,-1
-1,-1,-1,-1,-1,-1,-1,-1,-1,-1,-1,-1,-1,-1,-1,0,0,3,3,3,3,3,3,3,3,3,3,3,0,0,4,4,1,1,1,1,1,1,1,1,1,1,1,1,4,4,0,0,2,2,2,2,2,2,2,2,2,2,2,0,0,-1,-1,-1,-1,-1,-1,-1,-1,-1,-1,-1,-1,-1,-1,-1
-1,-1,-1,-1,-1,-1,-1,-1,-1,-1,-1,-1,-1,-1,-1,0,0,3,3,3,3,3,3,3,3,3,0,0,-1,-1,0,0,1,1,1,1,1,1,1,1,1,1,1,1,0,0,-1,-1,0,0,2,2,2,2,2,2,2,2,2,0,0,-1,-1,-1,-1,-1,-1,-1,-1,-1,-1,-1,-1,-1,-1,-1
-1,-1,-1,-1,-1,-1,-1,-1,-1,-1,-1,-1,-1,-1,-1,0,0,3,3,3,3,3,3,3,3,3,0,0,-1,-1,0,0,1,1,1,1,1,1,1,1,1,1,1,1,0,0,-1,-1,0,0,2,2,2,2,2,2,2,2,2,0,0,-1,-1,-1,-1,-1,-1,-1,-1,-1,-1,-1,-1,-1,-1,-1
-1,-1,-1,-1,-1,-1,-1,-1,-1,-1,-1,-1,-1,-1,-1,-1,-1,0,0,3,3,3,3,3,0,0,-1,-1,-1,-1,0,0,1,1,1,1,1,1,1,1,1,1,1,1,0,0,-1,-1,-1,-1,0,0,2,2,2,2,2,0,0,-1,-1,-1,-1,-1,-1,-1,-1,-1,-1,-1,-1,-1,-1,-1,-1,-1
-1,-1,-1,-1,-1,-1,-1,-1,-1,-1,-1,-1,-1,-1,-1,-1,-1,0,0,3,3,3,3,3,0,0,-1,-1,-1,-1,0,0,1,1,1,1,1,1,1,1,1,1,1,1,0,0,-1,-1,-1,-1,0,0,2,2,2,2,2,0,0,-1,-1,-1,-1,-1,-1,-1,-1,-1,-1,-1,-1,-1,-1,-1,-1,-1
-1,-1,-1,-1,-1,-1,-1,-1,-1,-1,-1,-1,-1,-1,-1,-1,-1,-1,-1,0,0,0,0,0,-1,-1,-1,-1,-1,-1,0,0,1,1,1,1,1,1,1,1,1,1,1,1,0,0,-1,-1,-1,-1,-1,-1,0,0,0,0,0,-1,-1,-1,-1,-1,-1,-1,-1,-1,-1,-1,-1,-1,-1,-1,-1,-1,-1,-1
-1,-1,-1,-1,-1,-1,-1,-1,-1,-1,-1,-1,-1,-1,-1,-1,-1,-1,-1,0,0,0,0,0,-1,-1,-1,-1,-1,-1,-1,-1,0,0,1,1,1,1,1,1,1,1,0,0,-1,-1,-1,-1,-1,-1,-1,-1,0,0,0,0,0,-1,-1,-1,-1,-1,-1,-1,-1,-1,-1,-1,-1,-1,-1,-1,-1,-1,-1,-1
-1,-1,-1,-1,-1,-1,-1,-1,-1,-1,-1,-1,-1,-1,-1,-1,-1,-1,-1,-1,-1,-1,-1,-1,-1,-1,-1,-1,-1,-1,-1,-1,0,0,1,1,1,1,1,1,1,1,0,0,-1,-1,-1,-1,-1,-1,-1,-1,-1,-1,-1,-1,-1,-1,-1,-1,-1,-1,-1,-1,-1,-1,-1,-1,-1,-1,-1,-1,-1,-1,-1,-1
-1,-1,-1,-1,-1,-1,-1,-1,-1,-1,-1,-1,-1,-1,-1,-1,-1,-1,-1,-1,-1,-1,-1,-1,-1,-1,-1,-1,-1,-1,-1,-1,-1,-1,0,0,0,0,0,0,0,0,-1,-1,-1,-1,-1,-1,-1,-1,-1,-1,-1,-1,-1,-1,-1,-1,-1,-1,-1,-1,-1,-1,-1,-1,-1,-1,-1,-1,-1,-1,-1,-1,-1,-1
-1,-1,-1,-1,-1,-1,-1,-1,-1,-1,-1,-1,-1,-1,-1,-1,-1,-1,-1,-1,-1,-1,-1,-1,-1,-1,-1,-1,-1,-1,-1,-1,-1,-1,0,0,0,0,0,0,0,0,-1,-1,-1,-1,-1,-1,-1,-1,-1,-1,-1,-1,-1,-1,-1,-1,-1,-1,-1,-1,-1,-1,-1,-1,-1,-1,-1,-1,-1,-1,-1,-1,-1,-1
0.854902,0.1294118,0.3098039
1,0.9529412,0.8117648
1,0.8352942,0.3882353
1,0.8862746,0.6117647
1,0.5450981,0.5803922
0.9215687,0.4901961,0.01568628
0.9568628,0.7137255,0.2235294
