43,74,
-1,-1,-1,-1,-1,-1,-1,-1,-1,-1,-1,-1,-1,-1,-1,0,0,-1,-1,-1,-1,-1,-1,-1,-1,-1,-1,-1,-1,-1,-1,-1,-1,-1,-1,-1,-1,-1,-1,-1,-1,-1,-1
-1,-1,-1,-1,-1,-1,-1,-1,-1,-1,-1,-1,-1,-1,-1,0,0,-1,-1,-1,-1,-1,-1,-1,-1,-1,-1,-1,-1,-1,-1,-1,-1,-1,-1,-1,-1,-1,-1,-1,-1,-1,-1
-1,-1,-1,-1,-1,-1,-1,-1,-1,-1,-1,-1,-1,-1,-1,0,0,-1,-1,-1,-1,-1,-1,-1,-1,-1,-1,-1,-1,-1,-1,-1,-1,-1,-1,-1,-1,-1,-1,-1,-1,-1,-1
-1,-1,-1,-1,-1,-1,-1,-1,-1,-1,-1,-1,-1,-1,-1,-1,-1,0,0,-1,-1,-1,-1,-1,-1,-1,-1,-1,-1,-1,-1,-1,-1,-1,-1,-1,-1,-1,-1,-1,-1,-1,-1
-1,-1,-1,-1,-1,-1,-1,-1,-1,-1,-1,-1,-1,-1,-1,-1,-1,0,0,-1,-1,-1,-1,-1,-1,-1,-1,-1,-1,-1,-1,-1,-1,-1,-1,-1,-1,-1,-1,-1,-1,-1,-1
-1,-1,-1,-1,-1,-1,-1,-1,-1,-1,-1,-1,-1,-1,-1,-1,-1,0,0,-1,-1,-1,-1,1,1,1,1,1,1,1,1,1,1,-1,-1,-1,-1,-1,-1,-1,-1,-1,-1
-1,-1,-1,-1,-1,-1,-1,-1,-1,1,1,1,1,1,1,1,1,1,1,0,0,-1,-1,1,1,1,1,1,1,1,1,1,1,-1,-1,-1,-1,-1,-1,-1,-1,-1,-1
-1,-1,-1,-1,-1,-1,-1,-1,-1,1,1,1,1,1,1,1,1,1,1,0,0,0,0,2,2,2,2,2,2,2,2,2,2,1,1,1,1,1,1,-1,-1,-1,-1
-1,-1,-1,-1,1,1,1,1,1,2,2,2,2,2,2,2,2,2,2,1,1,0,0,2,2,2,2,2,2,2,2,2,2,1,1,1,1,1,1,1,1,-1,-1
-1,-1,-1,-1,1,1,1,1,1,2,2,2,2,2,2,2,2,1,1,1,1,0,0,1,1,2,2,2,2,2,2,2,2,2,2,2,2,2,2,1,1,-1,-1
-1,-1,1,1,2,2,2,2,2,2,2,2,2,2,2,2,2,1,1,1,1,0,0,1,1,2,2,2,2,2,2,2,2,2,2,2,2,2,2,1,1,-1,-1
-1,-1,1,1,2,2,2,2,2,2,2,2,2,2,2,1,1,-1,-1,-1,-1,0,0,-1,-1,1,1,1,1,1,1,2,2,2,2,2,2,2,2,1,1,-1,-1
-1,-1,1,1,2,2,2,2,2,2,2,2,2,2,2,1,1,-1,-1,-1,-1,0,0,-1,-1,1,1,1,1,1,1,2,2,2,2,2,1,1,1,1,1,1,-1
1,1,2,2,2,2,2,2,2,2,2,2,1,1,1,-1,-1,-1,-1,-1,-1,0,0,-1,-1,-1,-1,-1,-1,-1,-1,1,1,1,1,1,1,1,1,1,1,1,-1
1,1,2,2,2,2,2,2,2,2,2,2,1,1,1,-1,-1,-1,-1,-1,-1,-1,-1,0,0,-1,-1,-1,-1,-1,-1,1,1,1,1,1,-1,-1,-1,-1,-1,-1,-1
1,1,2,2,2,2,2,2,2,2,1,1,-1,-1,-1,-1,-1,-1,-1,-1,-1,-1,-1,0,0,-1,-1,-1,-1,-1,-1,-1,-1,-1,-1,-1,-1,-1,-1,-1,-1,-1,-1
1,1,2,2,2,2,2,1,1,1,1,1,-1,-1,-1,-1,-1,-1,-1,-1,-1,-1,-1,0,0,-1,-1,-1,-1,-1,-1,-1,-1,-1,-1,-1,-1,-1,-1,-1,-1,-1,-1
1,1,2,2,2,2,2,1,1,1,1,1,-1,-1,-1,-1,1,1,1,1,1,1,1,0,0,-1,-1,-1,-1,-1,-1,-1,-1,-1,-1,-1,-1,-1,-1,-1,-1,-1,-1
1,1,1,1,1,1,1,-1,-1,-1,-1,-1,-1,-1,-1,-1,1,1,1,1,1,1,1,0,0,1,1,1,1,1,1,-1,-1,-1,-1,-1,-1,-1,-1,-1,-1,-1,-1
1,1,1,1,1,1,1,-1,-1,-1,-1,1,1,1,1,1,3,3,3,3,3,3,3,0,0,1,1,1,1,1,1,-1,-1,-1,-1,-1,-1,-1,-1,-1,-1,-1,-1
-1,-1,-1,-1,-1,-1,-1,-1,-1,-1,-1,1,1,1,1,1,3,3,3,3,3,3,3,0,0,3,3,3,3,3,3,1,1,1,1,1,1,-1,-1,-1,-1,-1,-1
-1,-1,-1,-1,-1,-1,-1,-1,-1,1,1,3,3,3,3,3,3,3,3,3,3,3,3,3,0,0,3,3,3,3,3,1,1,1,1,1,1,-1,-1,-1,-1,-1,-1
-1,-1,-1,-1,-1,-1,-1,-1,-1,1,1,3,3,3,3,3,3,3,3,3,3,3,3,3,0,0,3,3,3,3,3,3,3,3,3,3,3,1,1,-1,-1,-1,-1
-1,-1,-1,-1,-1,-1,-1,1,1,3,3,3,3,3,3,3,3,3,3,3,3,1,1,1,0,0,3,3,3,3,3,3,3,3,3,3,3,1,1,1,1,-1,-1
-1,-1,-1,-1,-1,-1,-1,1,1,3,3,3,3,3,3,3,3,3,3,3,3,1,1,1,0,0,3,3,3,3,3,3,3,3,3,3,3,3,3,1,1,-1,-1
-1,-1,-1,-1,-1,-1,-1,1,1,3,3,3,3,3,3,3,3,3,3,1,1,-1,-1,-1,0,0,1,1,1,1,3,3,3,3,3,3,3,3,3,1,1,-1,-1
-1,-1,-1,-1,-1,-1,-1,1,1,3,3,3,3,3,3,3,3,3,3,1,1,-1,-1,-1,0,0,1,1,1,1,3,3,3,3,3,3,3,3,3,1,1,-1,-1
-1,-1,-1,-1,-1,1,1,1,1,1,1,1,1,1,1,1,1,1,1,-1,-1,-1,-1,-1,0,0,-1,-1,-1,-1,1,1,1,1,1,1,3,3,3,3,3,1,1
-1,-1,-1,-1,-1,1,1,1,1,1,1,1,1,1,1,1,1,1,1,-1,-1,-1,-1,-1,0,0,-1,-1,-1,-1,1,1,1,1,1,1,3,3,3,3,3,1,1
-1,-1,-1,-1,-1,-1,-1,-1,-1,-1,-1,-1,-1,-1,-1,-1,-1,-1,-1,-1,-1,-1,-1,-1,0,0,-1,-1,-1,-1,-1,-1,-1,-1,-1,-1,1,1,1,1,1,1,1
-1,-1,-1,-1,-1,-1,-1,-1,-1,-1,-1,4,4,4,4,4,4,4,4,4,4,4,-1,-1,0,0,-1,-1,-1,-1,-1,-1,-1,-1,-1,-1,1,1,1,1,1,1,1
-1,-1,-1,-1,-1,-1,-1,-1,-1,-1,-1,4,4,4,4,4,4,4,4,4,4,4,4,4,0,0,-1,-1,-1,-1,-1,-1,-1,-1,-1,-1,-1,-1,-1,-1,-1,-1,-1
-1,-1,-1,-1,-1,-1,-1,-1,-1,-1,-1,4,4,5,5,5,5,5,5,5,5,4,4,4,0,0,4,4,4,4,4,4,4,-1,-1,-1,-1,-1,-1,-1,-1,-1,-1
-1,-1,-1,-1,-1,-1,-1,-1,-1,-1,4,4,4,5,5,5,5,5,5,5,5,5,5,5,0,0,4,4,4,4,4,4,4,-1,-1,-1,-1,-1,-1,-1,-1,-1,-1
-1,-1,-1,-1,-1,-1,-1,-1,-1,4,4,5,5,5,5,5,5,5,5,5,5,5,5,5,0,0,5,5,5,5,5,5,5,4,4,4,-1,-1,-1,-1,-1,-1,-1
-1,-1,-1,-1,-1,-1,-1,-1,-1,4,4,5,5,5,5,5,5,5,5,5,5,4,4,4,0,0,5,5,5,5,5,5,5,4,4,4,-1,-1,-1,-1,-1,-1,-1
-1,-1,-1,-1,-1,-1,-1,-1,-1,4,4,5,5,5,5,5,5,5,5,5,5,4,4,4,0,0,5,5,5,5,5,5,5,5,5,5,4,4,-1,-1,-1,-1,-1
-1,-1,-1,-1,-1,-1,-1,4,4,5,5,5,5,5,5,5,5,4,4,4,4,-1,-1,-1,0,0,4,4,5,5,5,5,5,5,5,5,4,4,-1,-1,-1,-1,-1
-1,-1,-1,-1,-1,-1,-1,4,4,5,5,5,5,5,5,5,5,4,4,4,4,-1,-1,-1,0,0,4,4,5,5,5,5,5,5,5,5,5,5,4,4,-1,-1,-1
-1,-1,-1,-1,-1,-1,-1,4,4,5,4,4,4,4,4,4,4,-1,-1,-1,-1,-1,-1,-1,0,0,-1,-1,4,4,4,5,5,5,5,5,5,5,4,4,-1,-1,-1
-1,-1,-1,-1,-1,-1,-1,4,4,4,4,4,4,4,4,4,4,-1,-1,-1,-1,-1,-1,-1,0,0,-1,-1,4,4,4,5,5,5,5,5,5,5,4,4,-1,-1,-1
-1,-1,-1,-1,-1,-1,-1,4,4,4,-1,-1,-1,-1,-1,-1,-1,-1,-1,-1,-1,-1,-1,-1,0,0,-1,-1,-1,-1,-1,4,4,5,5,5,5,5,5,4,4,-1,-1
-1,-1,-1,-1,-1,-1,-1,-1,-1,-1,-1,-1,-1,-1,-1,-1,-1,-1,-1,-1,-1,-1,-1,-1,0,0,-1,-1,-1,-1,-1,4,4,5,5,5,5,5,5,4,4,-1,-1
-1,-1,-1,-1,-1,-1,-1,-1,-1,-1,-1,-1,-1,-1,4,4,4,4,4,4,4,4,4,4,0,0,-1,-1,-1,-1,-1,-1,-1,4,4,4,4,4,5,4,4,-1,-1
-1,-1,-1,-1,-1,-1,-1,-1,-1,-1,-1,-1,-1,-1,4,4,4,4,4,4,4,4,4,4,0,0,-1,-1,-1,-1,-1,-1,-1,4,4,4,4,4,4,4,4,-1,-1
-1,-1,-1,-1,-1,-1,-1,-1,-1,-1,4,4,4,4,6,6,6,6,6,4,4,4,4,4,0,0,-1,-1,-1,-1,-1,-1,-1,-1,-1,-1,-1,-1,4,4,4,-1,-1
-1,-1,-1,-1,-1,-1,-1,-1,-1,-1,4,4,4,4,6,6,6,6,6,4,4,4,4,0,0,4,4,4,4,4,4,4,-1,-1,-1,-1,-1,-1,-1,-1,-1,-1,-1
-1,-1,-1,-1,-1,-1,-1,-1,-1,-1,4,4,6,6,6,6,4,4,4,-1,-1,-1,-1,0,0,4,4,4,4,4,4,4,-1,-1,-1,-1,-1,-1,-1,-1,-1,-1,-1
-1,-1,-1,-1,-1,-1,-1,-1,-1,-1,4,4,6,6,6,6,4,4,4,-1,-1,-1,-1,0,0,4,4,6,6,6,6,6,4,4,-1,-1,-1,-1,-1,-1,-1,-1,-1
-1,-1,-1,-1,-1,-1,-1,-1,-1,-1,4,4,4,4,4,4,-1,-1,-1,-1,-1,-1,-1,0,0,4,4,6,6,6,6,6,4,4,-1,-1,-1,-1,-1,-1,-1,-1,-1
-1,-1,-1,-1,-1,-1,-1,-1,-1,-1,4,4,4,4,4,4,-1,-1,-1,-1,-1,-1,-1,0,0,-1,4,4,6,6,6,6,4,4,-1,-1,-1,-1,-1,-1,-1,-1,-1
-1,-1,-1,-1,-1,-1,-1,-1,-1,-1,-1,-1,-1,-1,-1,-1,-1,-1,-1,-1,-1,0,0,-1,-1,-1,4,4,6,6,6,6,4,4,-1,-1,-1,-1,-1,-1,-1,-1,-1
-1,-1,-1,-1,-1,-1,-1,-1,-1,-1,-1,-1,-1,-1,-1,-1,-1,-1,-1,-1,-1,0,0,-1,-1,-1,-1,-1,4,4,6,6,4,4,-1,-1,-1,-1,-1,-1,-1,-1,-1
-1,-1,-1,-1,-1,-1,-1,-1,-1,-1,-1,-1,-1,-1,-1,-1,-1,-1,-1,-1,-1,0,0,-1,-1,-1,-1,-1,4,4,6,6,4,4,-1,-1,-1,-1,-1,-1,-1,-1,-1
-1,-1,-1,-1,-1,-1,-1,-1,-1,-1,-1,-1,-1,4,4,4,4,4,4,-1,-1,0,0,-1,-1,-1,-1,-1,-1,-1,4,4,4,4,-1,-1,-1,-1,-1,-1,-1,-1,-1
-1,-1,-1,-1,-1,-1,-1,-1,-1,-1,-1,-1,-1,4,4,4,4,4,4,-1,-1,0,0,-1,-1,-1,-1,-1,-1,-1,4,4,4,4,-1,-1,-1,-1,-1,-1,-1,-1,-1
-1,-1,-1,-1,-1,-1,-1,-1,-1,-1,-1,4,4,6,6,6,6,6,6,4,4,0,0,-1,-1,-1,-1,-1,-1,-1,-1,-1,4,4,-1,-1,-1,-1,-1,-1,-1,-1,-1
-1,-1,-1,-1,-1,-1,-1,-1,-1,-1,-1,4,4,6,6,6,6,4,4,4,4,0,0,-1,-1,-1,-1,-1,-1,-1,-1,-1,4,4,-1,-1,-1,-1,-1,-1,-1,-1,-1
-1,-1,-1,-1,-1,-1,-1,-1,-1,-1,-1,4,4,6,6,6,6,4,4,0,0,4,4,4,4,4,-1,-1,-1,-1,-1,-1,-1,-1,-1,-1,-1,-1,-1,-1,-1,-1,-1
-1,-1,-1,-1,-1,-1,-1,-1,-1,4,4,6,6,6,6,4,4,-1,-1,0,0,4,4,4,4,4,4,4,-1,-1,-1,-1,-1,-1,-1,-1,-1,-1,-1,-1,-1,-1,-1
-1,-1,-1,-1,-1,-1,-1,-1,-1,4,4,6,6,6,6,4,4,-1,-1,0,0,4,4,6,6,6,4,4,-1,-1,-1,-1,-1,-1,-1,-1,-1,-1,-1,-1,-1,-1,-1
-1,-1,-1,-1,-1,-1,-1,-1,-1,4,4,6,6,4,4,-1,-1,0,0,0,0,4,4,6,6,6,4,4,-1,-1,-1,-1,-1,-1,-1,-1,-1,-1,-1,-1,-1,-1,-1
-1,-1,-1,-1,-1,-1,-1,-1,-1,4,4,6,6,4,4,-1,-1,0,0,-1,-1,4,4,6,6,6,4,4,-1,-1,-1,-1,-1,-1,-1,-1,-1,-1,-1,-1,-1,-1,-1
-1,-1,-1,-1,-1,-1,-1,-1,-1,-1,-1,4,4,-1,-1,-1,-1,0,0,-1,-1,4,4,6,6,6,4,4,-1,-1,-1,-1,-1,-1,-1,-1,-1,-1,-1,-1,-1,-1,-1
-1,-1,-1,-1,-1,-1,-1,-1,-1,-1,-1,4,4,-1,-1,-1,-1,0,0,-1,-1,4,4,6,6,6,4,4,-1,-1,-1,-1,-1,-1,-1,-1,-1,-1,-1,-1,-1,-1,-1
-1,-1,-1,-1,-1,-1,-1,-1,-1,-1,-1,-1,-1,-1,-1,-1,-1,0,0,-1,-1,4,4,6,6,6,4,4,-1,-1,-1,-1,-1,-1,-1,-1,-1,-1,-1,-1,-1,-1,-1
-1,-1,-1,-1,-1,-1,-1,-1,-1,-1,-1,-1,-1,4,4,4,4,-1,-1,-1,-1,-1,4,4,6,6,4,4,-1,-1,-1,-1,-1,-1,-1,-1,-1,-1,-1,-1,-1,-1,-1
-1,-1,-1,-1,-1,-1,-1,-1,-1,-1,4,4,4,4,4,4,4,-1,-1,-1,-1,-1,4,4,6,6,4,4,-1,-1,-1,-1,-1,-1,-1,-1,-1,-1,-1,-1,-1,-1,-1
-1,-1,-1,-1,-1,-1,-1,-1,-1,-1,4,4,4,6,6,4,4,-1,-1,-1,-1,-1,-1,-1,4,4,-1,-1,-1,-1,-1,-1,-1,-1,-1,-1,-1,-1,-1,-1,-1,-1,-1
-1,-1,-1,-1,-1,-1,-1,-1,-1,-1,4,4,6,6,6,4,4,-1,-1,-1,-1,-1,-1,-1,4,4,-1,-1,-1,-1,-1,-1,-1,-1,-1,-1,-1,-1,-1,-1,-1,-1,-1
-1,-1,-1,-1,-1,-1,-1,-1,-1,-1,4,4,6,6,6,4,4,-1,-1,-1,-1,-1,-1,-1,-1,-1,-1,-1,-1,-1,-1,-1,-1,-1,-1,-1,-1,-1,-1,-1,-1,-1,-1
-1,-1,-1,-1,-1,-1,-1,-1,-1,-1,4,4,6,6,6,4,4,-1,-1,-1,-1,-1,-1,-1,-1,-1,-1,-1,-1,-1,-1,-1,-1,-1,-1,-1,-1,-1,-1,-1,-1,-1,-1
-1,-1,-1,-1,-1,-1,-1,-1,-1,-1,4,4,4,4,4,-1,-1,-1,-1,-1,-1,-1,-1,-1,-1,-1,-1,-1,-1,-1,-1,-1,-1,-1,-1,-1,-1,-1,-1,-1,-1,-1,-1
-1,-1,-1,-1,-1,-1,-1,-1,-1,-1,4,4,4,4,4,-1,-1,-1,-1,-1,-1,-1,-1,-1,-1,-1,-1,-1,-1,-1,-1,-1,-1,-1,-1,-1,-1,-1,-1,-1,-1,-1,-1
0.2745098,0.2745098,0.2745098
0.2980392,0.2980392,0.2980392
0.572549,0.572549,0.572549
0.5686275,0.5686275,0.5686275
0.3764706,0.3764706,0.3764706
0.6235294,0.6235294,0.6235294
0.7411765,0.7411765,0.7411765
