76,72,
-1,-1,-1,-1,-1,-1,-1,-1,-1,-1,-1,-1,-1,-1,-1,-1,-1,-1,-1,-1,-1,-1,-1,-1,-1,-1,-1,-1,-1,-1,-1,-1,-1,-1,0,0,0,0,0,0,0,0,-1,-1,-1,-1,-1,-1,-1,-1,-1,-1,-1,-1,-1,-1,-1,-1,-1,-1,-1,-1,-1,-1,-1,-1,-1,-1,-1,-1,-1,-1,-1,-1,-1,-1
-1,-1,-1,-1,-1,-1,-1,-1,-1,-1,-1,-1,-1,-1,-1,-1,-1,-1,-1,-1,-1,-1,-1,-1,-1,-1,-1,-1,-1,-1,-1,-1,-1,-1,0,0,0,0,0,0,0,0,-1,-1,-1,-1,-1,-1,-1,-1,-1,-1,-1,-1,-1,-1,-1,-1,-1,-1,-1,-1,-1,-1,-1,-1,-1,-1,-1,-1,-1,-1,-1,-1,-1,-1
-1,-1,-1,-1,-1,-1,-1,-1,-1,-1,-1,-1,-1,-1,-1,-1,-1,-1,-1,0,0,0,0,0,-1,-1,-1,-1,-1,-1,-1,-1,0,0,1,1,1,1,1,1,1,1,0,0,-1,-1,-1,-1,-1,-1,-1,-1,0,0,0,0,0,-1,-1,-1,-1,-1,-1,-1,-1,-1,-1,-1,-1,-1,-1,-1,-1,-1,-1,-1
-1,-1,-1,-1,-1,-1,-1,-1,-1,-1,-1,-1,-1,-1,-1,-1,-1,-1,-1,0,0,0,0,0,-1,-1,-1,-1,-1,-1,-1,-1,0,0,1,1,1,1,1,1,1,1,0,0,-1,-1,-1,-1,-1,-1,-1,-1,0,0,0,0,0,-1,-1,-1,-1,-1,-1,-1,-1,-1,-1,-1,-1,-1,-1,-1,-1,-1,-1,-1
-1,-1,-1,-1,-1,-1,-1,-1,-1,-1,-1,-1,-1,-1,-1,-1,-1,0,0,2,2,2,2,2,0,0,-1,-1,-1,-1,0,0,1,1,1,1,1,1,1,1,1,1,1,1,0,0,-1,-1,-1,-1,0,0,3,3,3,3,3,0,0,-1,-1,-1,-1,-1,-1,-1,-1,-1,-1,-1,-1,-1,-1,-1,-1,-1
-1,-1,-1,-1,-1,-1,-1,-1,-1,-1,-1,-1,-1,-1,-1,-1,-1,0,0,2,2,2,2,2,0,0,-1,-1,-1,-1,0,0,1,1,1,1,1,1,1,1,1,1,1,1,0,0,-1,-1,-1,-1,0,0,3,3,3,3,3,0,0,-1,-1,-1,-1,-1,-1,-1,-1,-1,-1,-1,-1,-1,-1,-1,-1,-1
-1,-1,-1,-1,-1,-1,-1,-1,-1,-1,-1,-1,-1,-1,-1,0,0,2,2,2,2,2,2,2,2,2,0,0,-1,-1,0,0,1,1,1,1,1,1,1,1,1,1,1,1,0,0,-1,-1,0,0,3,3,3,3,3,3,3,3,3,0,0,-1,-1,-1,-1,-1,-1,-1,-1,-1,-1,-1,-1,-1,-1,-1
-1,-1,-1,-1,-1,-1,-1,-1,-1,-1,-1,-1,-1,-1,-1,0,0,2,2,2,2,2,2,2,2,2,0,0,-1,-1,0,0,1,1,1,1,1,1,1,1,1,1,1,1,0,0,-1,-1,0,0,3,3,3,3,3,3,3,3,3,0,0,-1,-1,-1,-1,-1,-1,-1,-1,-1,-1,-1,-1,-1,-1,-1
-1,-1,-1,-1,-1,-1,-1,-1,-1,-1,-1,-1,-1,-1,-1,0,0,2,2,2,2,2,2,2,2,2,0,0,0,0,0,0,1,1,1,1,1,1,1,1,1,1,1,1,0,0,0,0,0,0,3,3,3,3,3,3,3,3,3,0,0,-1,-1,-1,-1,-1,-1,-1,-1,-1,-1,-1,-1,-1,-1,-1
-1,-1,-1,-1,-1,-1,-1,-1,-1,-1,-1,-1,-1,-1,-1,0,0,2,2,2,2,2,2,2,2,2,2,2,0,0,4,4,1,1,1,1,1,1,1,1,1,1,1,1,4,4,0,0,3,3,3,3,3,3,3,3,3,3,3,0,0,-1,-1,-1,-1,-1,-1,-1,-1,-1,-1,-1,-1,-1,-1,-1
-1,-1,-1,-1,-1,-1,-1,-1,-1,-1,-1,-1,-1,-1,-1,0,0,2,2,2,2,2,2,2,2,2,2,2,0,0,4,4,1,1,1,1,1,1,1,1,1,1,1,1,4,4,0,0,3,3,3,3,3,3,3,3,3,3,3,0,0,-1,-1,-1,-1,-1,-1,-1,-1,-1,-1,-1,-1,-1,-1,-1
-1,-1,-1,-1,-1,-1,-1,-1,-1,-1,-1,-1,-1,-1,-1,0,0,2,2,2,2,2,2,2,2,2,2,2,2,2,4,4,1,1,1,1,1,1,1,1,1,1,1,1,4,4,3,3,3,3,3,3,3,3,3,3,3,3,3,0,0,-1,-1,-1,-1,-1,-1,-1,-1,-1,-1,-1,-1,-1,-1,-1
-1,-1,-1,-1,-1,-1,-1,-1,-1,-1,-1,-1,-1,-1,-1,0,0,2,2,2,2,2,2,2,2,2,2,2,2,2,4,4,1,1,1,1,1,1,1,1,1,1,1,1,4,4,3,3,3,3,3,3,3,3,3,3,3,3,3,0,0,-1,-1,-1,-1,-1,-1,-1,-1,-1,-1,-1,-1,-1,-1,-1
-1,-1,-1,-1,-1,-1,-1,-1,0,0,0,0,0,0,0,-1,-1,0,0,2,2,2,2,2,2,2,2,2,2,2,4,4,1,1,1,1,1,1,1,1,1,1,1,1,4,4,3,3,3,3,3,3,3,3,3,3,3,0,0,-1,-1,0,0,0,0,0,0,0,-1,-1,-1,-1,-1,-1,-1,-1
-1,-1,-1,-1,-1,-1,-1,-1,0,0,0,0,0,0,0,-1,-1,0,0,4,4,2,2,2,2,2,2,2,2,2,4,4,1,1,1,1,1,1,1,1,1,1,1,1,4,4,3,3,3,3,3,3,3,3,3,4,4,0,0,-1,-1,0,0,0,0,0,0,0,-1,-1,-1,-1,-1,-1,-1,-1
-1,-1,-1,-1,-1,-1,0,0,3,3,3,3,3,3,3,0,0,-1,-1,4,4,2,2,2,2,2,2,2,2,2,4,4,1,1,1,1,1,1,1,1,1,1,1,1,4,4,3,3,3,3,3,3,3,3,3,4,4,-1,-1,0,0,2,2,2,2,2,2,2,0,0,-1,-1,-1,-1,-1,-1
-1,-1,-1,-1,-1,-1,0,0,3,3,3,3,3,3,3,0,0,-1,-1,4,4,2,2,2,2,2,2,2,2,2,4,4,1,1,1,1,1,1,1,1,1,1,1,1,4,4,3,3,3,3,3,3,3,3,3,4,4,-1,-1,0,0,2,2,2,2,2,2,2,0,0,-1,-1,-1,-1,-1,-1
-1,-1,-1,-1,0,0,3,3,3,3,3,3,3,3,3,3,4,4,4,4,4,2,2,2,2,2,2,2,2,2,4,4,1,1,1,1,1,1,1,1,1,1,1,1,4,4,3,3,3,3,3,3,3,3,3,4,4,4,4,4,2,2,2,2,2,2,2,2,2,2,0,0,-1,-1,-1,-1
-1,-1,-1,-1,0,0,3,3,3,3,3,3,3,3,3,3,4,4,4,4,4,4,2,2,2,2,2,2,2,2,4,4,1,1,1,1,1,1,1,1,1,1,1,1,4,4,3,3,3,3,3,3,3,3,4,4,4,4,4,4,2,2,2,2,2,2,2,2,2,2,0,0,-1,-1,-1,-1
-1,-1,-1,-1,0,0,3,3,3,3,3,3,3,3,3,3,3,3,3,3,4,4,2,2,2,2,2,2,2,2,4,4,1,1,1,1,1,1,1,1,1,1,1,1,4,4,3,3,3,3,3,3,3,3,4,4,2,2,2,2,2,2,2,2,2,2,2,2,2,2,0,0,-1,-1,-1,-1
-1,-1,-1,-1,0,0,3,3,3,3,3,3,3,3,3,3,3,3,3,3,3,3,4,4,2,2,2,2,2,2,4,4,1,1,1,1,1,1,1,1,1,1,1,1,4,4,3,3,3,3,3,3,4,4,2,2,2,2,2,2,2,2,2,2,2,2,2,2,2,2,0,0,-1,-1,-1,-1
-1,-1,-1,-1,0,0,3,3,3,3,3,3,3,3,3,3,3,3,3,3,3,3,4,4,2,2,2,2,2,2,4,4,1,1,1,1,1,1,1,1,1,1,1,1,4,4,3,3,3,3,3,3,4,4,2,2,2,2,2,2,2,2,2,2,2,2,2,2,2,2,0,0,-1,-1,-1,-1
-1,-1,-1,-1,-1,-1,0,0,3,3,3,3,3,3,3,3,3,3,3,3,3,3,3,3,4,4,2,2,2,2,2,2,4,4,1,1,1,1,1,1,1,1,4,4,3,3,3,3,3,3,4,4,2,2,2,2,2,2,2,2,2,2,2,2,2,2,2,2,0,0,-1,-1,-1,-1,-1,-1
-1,-1,-1,-1,-1,-1,0,0,3,3,3,3,3,3,3,3,3,3,3,3,3,3,3,3,4,4,2,2,2,2,2,2,4,4,1,1,1,1,1,1,1,1,4,4,3,3,3,3,3,3,4,4,2,2,2,2,2,2,2,2,2,2,2,2,2,2,2,2,0,0,-1,-1,-1,-1,-1,-1
-1,-1,-1,-1,-1,-1,-1,-1,0,0,3,3,3,3,3,3,3,3,3,3,3,3,3,3,3,3,4,4,2,2,2,2,2,5,5,5,5,5,5,5,5,5,5,3,3,3,3,3,4,4,2,2,2,2,2,2,2,2,2,2,2,2,2,2,2,2,0,0,-1,-1,-1,-1,-1,-1,-1,-1
-1,-1,-1,-1,-1,-1,-1,-1,0,0,3,3,3,3,3,3,3,3,3,3,3,3,3,3,3,3,4,4,2,2,2,2,2,5,5,5,5,5,5,5,5,5,5,3,3,3,3,3,4,4,2,2,2,2,2,2,2,2,2,2,2,2,2,2,2,2,0,0,-1,-1,-1,-1,-1,-1,-1,-1
-1,-1,-1,-1,-1,-1,-1,-1,-1,-1,0,0,0,0,0,3,3,3,3,3,3,3,3,3,3,3,3,3,5,5,5,5,5,6,6,6,2,2,2,2,2,2,2,5,5,5,5,5,2,2,2,2,2,2,2,2,2,2,2,2,2,0,0,0,0,0,-1,-1,-1,-1,-1,-1,-1,-1,-1,-1
-1,-1,-1,-1,-1,-1,-1,-1,-1,-1,0,0,0,0,0,3,3,3,3,3,3,3,3,3,3,3,3,3,5,5,5,5,5,6,2,2,2,2,2,2,2,1,1,5,5,5,5,5,2,2,2,2,2,2,2,2,2,2,2,2,2,0,0,0,0,0,-1,-1,-1,-1,-1,-1,-1,-1,-1,-1
-1,-1,-1,-1,0,0,0,0,0,0,0,4,4,4,4,4,3,3,3,3,3,3,3,3,3,3,3,3,5,5,6,6,6,6,2,2,2,2,2,2,1,1,1,2,2,2,5,5,2,2,2,2,2,2,2,2,2,2,2,2,4,4,4,4,4,0,0,0,0,0,0,0,-1,-1,-1,-1
-1,-1,-1,-1,0,0,0,0,0,0,0,4,4,4,4,4,4,4,4,4,4,4,4,4,3,3,3,3,5,5,6,6,2,2,2,2,2,2,2,2,1,1,2,2,2,2,5,5,2,2,2,2,4,4,4,4,4,4,4,4,4,4,4,4,4,0,0,0,0,0,0,0,-1,-1,-1,-1
-1,-1,0,0,1,1,1,1,1,1,1,1,1,1,1,1,4,4,4,4,4,4,4,4,3,3,3,3,5,5,6,6,2,2,2,2,2,2,2,2,2,2,2,2,2,2,5,5,2,2,2,2,4,4,4,4,4,4,4,4,1,1,1,1,1,1,1,1,1,1,1,1,0,0,-1,-1
-1,-1,0,0,1,1,1,1,1,1,1,1,1,1,1,1,1,1,1,1,1,1,1,1,4,4,5,5,6,6,2,2,2,2,2,2,2,2,2,2,2,2,2,2,2,2,2,2,5,5,4,4,1,1,1,1,1,1,1,1,1,1,1,1,1,1,1,1,1,1,1,1,0,0,-1,-1
0,0,1,1,1,1,1,1,1,1,1,1,1,1,1,1,1,1,1,1,1,1,1,1,4,4,5,5,6,6,2,2,2,2,2,1,1,2,2,2,2,2,2,2,2,2,2,2,5,5,4,4,1,1,1,1,1,1,1,1,1,1,1,1,1,1,1,1,1,1,1,1,1,1,0,0
0,0,1,1,1,1,1,1,1,1,1,1,1,1,1,1,1,1,1,1,1,1,1,1,1,1,5,5,6,6,2,2,2,2,1,1,1,2,2,2,2,2,2,2,2,2,2,2,5,5,1,1,1,1,1,1,1,1,1,1,1,1,1,1,1,1,1,1,1,1,1,1,1,1,0,0
0,0,1,1,1,1,1,1,1,1,1,1,1,1,1,1,1,1,1,1,1,1,1,1,1,1,5,5,6,6,2,2,2,2,1,1,2,2,2,2,2,2,2,1,1,2,2,2,5,5,1,1,1,1,1,1,1,1,1,1,1,1,1,1,1,1,1,1,1,1,1,1,1,1,0,0
0,0,1,1,1,1,1,1,1,1,1,1,1,1,1,1,1,1,1,1,1,1,1,1,1,1,5,5,6,6,2,2,2,2,2,2,2,2,2,2,2,2,1,1,1,2,2,2,5,5,1,1,1,1,1,1,1,1,1,1,1,1,1,1,1,1,1,1,1,1,1,1,1,1,0,0
0,0,1,1,1,1,1,1,1,1,1,1,1,1,1,1,1,1,1,1,1,1,1,1,1,1,5,5,6,6,2,2,2,2,2,2,2,2,2,2,2,2,1,1,2,2,2,2,5,5,1,1,1,1,1,1,1,1,1,1,1,1,1,1,1,1,1,1,1,1,1,1,1,1,0,0
0,0,1,1,1,1,1,1,1,1,1,1,1,1,1,1,1,1,1,1,1,1,1,1,1,1,5,5,6,6,2,2,2,2,2,2,2,2,2,2,2,2,2,2,2,2,2,2,5,5,1,1,1,1,1,1,1,1,1,1,1,1,1,1,1,1,1,1,1,1,1,1,1,1,0,0
0,0,1,1,1,1,1,1,1,1,1,1,1,1,1,1,1,1,1,1,1,1,1,1,1,1,5,5,6,6,2,2,2,1,1,2,2,2,2,2,2,2,2,2,2,2,2,2,5,5,1,1,1,1,1,1,1,1,1,1,1,1,1,1,1,1,1,1,1,1,1,1,1,1,0,0
0,0,1,1,1,1,1,1,1,1,1,1,1,1,1,1,1,1,1,1,1,1,1,1,4,4,5,5,6,6,2,2,1,1,1,2,2,2,2,2,2,2,2,2,2,2,2,2,5,5,4,4,1,1,1,1,1,1,1,1,1,1,1,1,1,1,1,1,1,1,1,1,1,1,0,0
-1,-1,0,0,1,1,1,1,1,1,1,1,1,1,1,1,1,1,1,1,1,1,1,1,4,4,5,5,6,6,2,2,1,1,2,2,2,2,2,2,2,1,1,2,2,2,2,2,5,5,4,4,1,1,1,1,1,1,1,1,1,1,1,1,1,1,1,1,1,1,1,1,0,0,-1,-1
-1,-1,0,0,1,1,1,1,1,1,1,1,1,1,1,1,4,4,4,4,4,4,4,4,2,2,2,2,5,5,6,6,2,2,2,2,2,2,2,2,1,1,1,2,2,2,5,5,3,3,3,3,4,4,4,4,4,4,4,4,1,1,1,1,1,1,1,1,1,1,1,1,0,0,-1,-1
-1,-1,-1,-1,0,0,0,0,0,0,4,4,4,4,4,4,4,4,4,4,4,4,4,4,2,2,2,2,5,5,6,6,2,2,2,2,2,2,2,2,1,1,2,2,2,2,5,5,3,3,3,3,4,4,4,4,4,4,4,4,4,4,4,4,4,4,0,0,0,0,0,0,-1,-1,-1,-1
-1,-1,-1,-1,0,0,0,0,0,0,4,4,4,4,4,4,2,2,2,2,2,2,2,2,2,2,2,2,5,5,6,6,2,2,2,2,2,2,2,2,2,2,2,2,2,2,5,5,3,3,3,3,3,3,3,3,3,3,3,3,4,4,4,4,4,4,0,0,0,0,0,0,-1,-1,-1,-1
-1,-1,-1,-1,-1,-1,-1,-1,-1,-1,0,0,0,0,0,2,2,2,2,2,2,2,2,2,2,2,2,2,5,5,5,5,5,2,2,2,2,2,2,2,2,2,2,5,5,5,5,5,3,3,3,3,3,3,3,3,3,3,3,3,3,0,0,0,0,0,-1,-1,-1,-1,-1,-1,-1,-1,-1,-1
-1,-1,-1,-1,-1,-1,-1,-1,-1,-1,0,0,0,0,0,2,2,2,2,2,2,2,2,2,2,2,2,2,5,5,5,5,5,2,2,2,2,2,2,2,2,2,2,5,5,5,5,5,3,3,3,3,3,3,3,3,3,3,3,3,3,0,0,0,0,0,-1,-1,-1,-1,-1,-1,-1,-1,-1,-1
-1,-1,-1,-1,-1,-1,-1,-1,0,0,2,2,2,2,2,2,2,2,2,2,2,2,2,2,2,2,4,4,3,3,3,3,3,5,5,5,5,5,5,5,5,5,5,2,2,2,2,2,4,4,3,3,3,3,3,3,3,3,3,3,3,3,3,3,3,3,0,0,-1,-1,-1,-1,-1,-1,-1,-1
-1,-1,-1,-1,-1,-1,-1,-1,0,0,2,2,2,2,2,2,2,2,2,2,2,2,2,2,2,2,4,4,3,3,3,3,3,5,5,5,5,5,5,5,5,5,5,2,2,2,2,2,4,4,3,3,3,3,3,3,3,3,3,3,3,3,3,3,3,3,0,0,-1,-1,-1,-1,-1,-1,-1,-1
-1,-1,-1,-1,-1,-1,0,0,2,2,2,2,2,2,2,2,2,2,2,2,2,2,2,2,4,4,3,3,3,3,3,3,4,4,1,1,1,1,1,1,1,1,4,4,2,2,2,2,2,2,4,4,3,3,3,3,3,3,3,3,3,3,3,3,3,3,3,3,0,0,-1,-1,-1,-1,-1,-1
-1,-1,-1,-1,-1,-1,0,0,2,2,2,2,2,2,2,2,2,2,2,2,2,2,2,2,4,4,3,3,3,3,3,3,4,4,1,1,1,1,1,1,1,1,4,4,2,2,2,2,2,2,4,4,3,3,3,3,3,3,3,3,3,3,3,3,3,3,3,3,0,0,-1,-1,-1,-1,-1,-1
-1,-1,-1,-1,0,0,2,2,2,2,2,2,2,2,2,2,2,2,2,2,2,2,4,4,3,3,3,3,3,3,4,4,1,1,1,1,1,1,1,1,1,1,1,1,4,4,2,2,2,2,2,2,4,4,3,3,3,3,3,3,3,3,3,3,3,3,3,3,3,3,0,0,-1,-1,-1,-1
-1,-1,-1,-1,0,0,2,2,2,2,2,2,2,2,2,2,2,2,2,2,2,2,4,4,3,3,3,3,3,3,4,4,1,1,1,1,1,1,1,1,1,1,1,1,4,4,2,2,2,2,2,2,4,4,3,3,3,3,3,3,3,3,3,3,3,3,3,3,3,3,0,0,-1,-1,-1,-1
-1,-1,-1,-1,0,0,2,2,2,2,2,2,2,2,2,2,2,2,2,2,4,4,3,3,3,3,3,3,3,3,4,4,1,1,1,1,1,1,1,1,1,1,1,1,4,4,2,2,2,2,2,2,2,2,4,4,3,3,3,3,3,3,3,3,3,3,3,3,3,3,0,0,-1,-1,-1,-1
-1,-1,-1,-1,0,0,2,2,2,2,2,2,2,2,2,2,2,4,4,4,4,4,3,3,3,3,3,3,3,3,4,4,1,1,1,1,1,1,1,1,1,1,1,1,4,4,2,2,2,2,2,2,2,2,4,4,4,4,4,3,3,3,3,3,3,3,3,3,3,3,0,0,-1,-1,-1,-1
-1,-1,-1,-1,0,0,2,2,2,2,2,2,2,2,2,2,2,4,4,4,4,3,3,3,3,3,3,3,3,3,4,4,1,1,1,1,1,1,1,1,1,1,1,1,4,4,2,2,2,2,2,2,2,2,2,4,4,4,4,3,3,3,3,3,3,3,3,3,3,3,0,0,-1,-1,-1,-1
-1,-1,-1,-1,-1,-1,0,0,2,2,2,2,2,2,2,0,0,-1,-1,4,4,3,3,3,3,3,3,3,3,3,4,4,1,1,1,1,1,1,1,1,1,1,1,1,4,4,2,2,2,2,2,2,2,2,2,4,4,-1,-1,0,0,3,3,3,3,3,3,3,0,0,-1,-1,-1,-1,-1,-1
-1,-1,-1,-1,-1,-1,0,0,2,2,2,2,2,2,2,0,0,-1,-1,4,4,3,3,3,3,3,3,3,3,3,4,4,1,1,1,1,1,1,1,1,1,1,1,1,4,4,2,2,2,2,2,2,2,2,2,4,4,-1,-1,0,0,3,3,3,3,3,3,3,0,0,-1,-1,-1,-1,-1,-1
-1,-1,-1,-1,-1,-1,-1,-1,0,0,0,0,0,0,0,-1,-1,0,0,3,3,3,3,3,3,3,3,3,3,3,4,4,1,1,1,1,1,1,1,1,1,1,1,1,4,4,2,2,2,2,2,2,2,2,2,2,2,0,0,-1,-1,0,0,0,0,0,0,0,-1,-1,-1,-1,-1,-1,-1,-1
-1,-1,-1,-1,-1,-1,-1,-1,0,0,0,0,0,0,0,-1,-1,0,0,3,3,3,3,3,3,3,3,3,3,3,4,4,1,1,1,1,1,1,1,1,1,1,1,1,4,4,2,2,2,2,2,2,2,2,2,2,2,0,0,-1,-1,0,0,0,0,0,0,0,-1,-1,-1,-1,-1,-1,-1,-1
-1,-1,-1,-1,-1,-1,-1,-1,-1,-1,-1,-1,-1,-1,-1,0,0,3,3,3,3,3,3,3,3,3,3,3,3,3,4,4,1,1,1,1,1,1,1,1,1,1,1,1,4,4,2,2,2,2,2,2,2,2,2,2,2,2,2,0,0,-1,-1,-1,-1,-1,-1,-1,-1,-1,-1,-1,-1,-1,-1,-1
-1,-1,-1,-1,-1,-1,-1,-1,-1,-1,-1,-1,-1,-1,-1,0,0,3,3,3,3,3,3,3,3,3,3,3,3,3,4,4,1,1,1,1,1,1,1,1,1,1,1,1,4,4,2,2,2,2,2,2,2,2,2,2,2,2,2,0,0,-1,-1,-1,-1,-1,-1,-1,-1,-1,-1,-1,-1,-1,-1,-1
-1,-1,-1,-1,-1,-1,-1,-1,-1,-1,-1,-1,-1,-1,-1,0,0,3,3,3,3,3,3,3,3,3,3,3,0,0,4,4,1,1,1,1,1,1,1,1,1,1,1,1,4,4,0,0,2,2,2,2,2,2,2,2,2,2,2,0,0,-1,-1,-1,-1,-1,-1,-1,-1,-1,-1,-1,-1,-1,-1,-1
-1,-1,-1,-1,-1,-1,-1,-1,-1,-1,-1,-1,-1,-1,-1,0,0,3,3,3,3,3,3,3,3,3,3,3,0,0,4,4,1,1,1,1,1,1,1,1,1,1,1,1,4,4,0,0,2,2,2,2,2,2,2,2,2,2,2,0,0,-1,-1,-1,-1,-1,-1,-1,-1,-1,-1,-1,-1,-1,-1,-1
-1,-1,-1,-1,-1,-1,-1,-1,-1,-1,-1,-1,-1,-1,-1,0,0,3,3,3,3,3,3,3,3,3,0,0,-1,-1,0,0,1,1,1,1,1,1,1,1,1,1,1,1,0,0,-1,-1,0,0,2,2,2,2,2,2,2,2,2,0,0,-1,-1,-1,-1,-1,-1,-1,-1,-1,-1,-1,-1,-1,-1,-1
-1,-1,-1,-1,-1,-1,-1,-1,-1,-1,-1,-1,-1,-1,-1,0,0,3,3,3,3,3,3,3,3,3,0,0,-1,-1,0,0,1,1,1,1,1,1,1,1,1,1,1,1,0,0,-1,-1,0,0,2,2,2,2,2,2,2,2,2,0,0,-1,-1,-1,-1,-1,-1,-1,-1,-1,-1,-1,-1,-1,-1,-1
-1,-1,-1,-1,-1,-1,-1,-1,-1,-1,-1,-1,-1,-1,-1,-1,-1,0,0,3,3,3,3,3,0,0,-1,-1,-1,-1,0,0,1,1,1,1,1,1,1,1,1,1,1,1,0,0,-1,-1,-1,-1,0,0,2,2,2,2,2,0,0,-1,-1,-1,-1,-1,-1,-1,-1,-1,-1,-1,-1,-1,-1,-1,-1,-1
-1,-1,-1,-1,-1,-1,-1,-1,-1,-1,-1,-1,-1,-1,-1,-1,-1,0,0,3,3,3,3,3,0,0,-1,-1,-1,-1,0,0,1,1,1,1,1,1,1,1,1,1,1,1,0,0,-1,-1,-1,-1,0,0,2,2,2,2,2,0,0,-1,-1,-1,-1,-1,-1,-1,-1,-1,-1,-1,-1,-1,-1,-1,-1,-1
-1,-1,-1,-1,-1,-1,-1,-1,-1,-1,-1,-1,-1,-1,-1,-1,-1,-1,-1,0,0,0,0,0,-1,-1,-1,-1,-1,-1,0,0,1,1,1,1,1,1,1,1,1,1,1,1,0,0,-1,-1,-1,-1,-1,-1,0,0,0,0,0,-1,-1,-1,-1,-1,-1,-1,-1,-1,-1,-1,-1,-1,-1,-1,-1,-1,-1,-1
-1,-1,-1,-1,-1,-1,-1,-1,-1,-1,-1,-1,-1,-1,-1,-1,-1,-1,-1,0,0,0,0,0,-1,-1,-1,-1,-1,-1,-1,-1,0,0,1,1,1,1,1,1,1,1,0,0,-1,-1,-1,-1,-1,-1,-1,-1,0,0,0,0,0,-1,-1,-1,-1,-1,-1,-1,-1,-1,-1,-1,-1,-1,-1,-1,-1,-1,-1,-1
-1,-1,-1,-1,-1,-1,-1,-1,-1,-1,-1,-1,-1,-1,-1,-1,-1,-1,-1,-1,-1,-1,-1,-1,-1,-1,-1,-1,-1,-1,-1,-1,0,0,1,1,1,1,1,1,1,1,0,0,-1,-1,-1,-1,-1,-1,-1,-1,-1,-1,-1,-1,-1,-1,-1,-1,-1,-1,-1,-1,-1,-1,-1,-1,-1,-1,-1,-1,-1,-1,-1,-1
-1,-1,-1,-1,-1,-1,-1,-1,-1,-1,-1,-1,-1,-1,-1,-1,-1,-1,-1,-1,-1,-1,-1,-1,-1,-1,-1,-1,-1,-1,-1,-1,-1,-1,0,0,0,0,0,0,0,0,-1,-1,-1,-1,-1,-1,-1,-1,-1,-1,-1,-1,-1,-1,-1,-1,-1,-1,-1,-1,-1,-1,-1,-1,-1,-1,-1,-1,-1,-1,-1,-1,-1,-1
-1,-1,-1,-1,-1,-1,-1,-1,-1,-1,-1,-1,-1,-1,-1,-1,-1,-1,-1,-1,-1,-1,-1,-1,-1,-1,-1,-1,-1,-1,-1,-1,-1,-1,0,0,0,0,0,0,0,0,-1,-1,-1,-1,-1,-1,-1,-1,-1,-1,-1,-1,-1,-1,-1,-1,-1,-1,-1,-1,-1,-1,-1,-1,-1,-1,-1,-1,-1,-1,-1,-1,-1,-1
0.3686275,0.3686275,0.3686275
0.9529412,0.9529412,0.9529412
0.8352942,0.8352942,0.8352942
0.8901961,0.8901961,0.8901961
0.6862745,0.6862745,0.6862745
0.5686275,0.5686275,0.5686275
0.7333333,0.7333333,0.7333333
