43,74,
-1,-1,-1,-1,-1,-1,-1,-1,-1,-1,-1,-1,-1,-1,-1,0,0,-1,-1,-1,-1,-1,-1,-1,-1,-1,-1,-1,-1,-1,-1,-1,-1,-1,-1,-1,-1,-1,-1,-1,-1,-1,-1
-1,-1,-1,-1,-1,-1,-1,-1,-1,-1,-1,-1,-1,-1,-1,0,0,-1,-1,-1,-1,-1,-1,-1,-1,-1,-1,-1,-1,-1,-1,-1,-1,-1,-1,-1,-1,-1,-1,-1,-1,-1,-1
-1,-1,-1,-1,-1,-1,-1,-1,-1,-1,-1,-1,-1,-1,-1,0,0,-1,-1,-1,-1,-1,-1,-1,-1,-1,-1,-1,-1,-1,-1,-1,-1,-1,-1,-1,-1,-1,-1,-1,-1,-1,-1
-1,-1,-1,-1,-1,-1,-1,-1,-1,-1,-1,-1,-1,-1,-1,-1,-1,0,0,-1,-1,-1,-1,-1,-1,-1,-1,-1,-1,-1,-1,-1,-1,-1,-1,-1,-1,-1,-1,-1,-1,-1,-1
-1,-1,-1,-1,-1,-1,-1,-1,-1,-1,-1,-1,-1,-1,-1,-1,-1,0,0,-1,-1,-1,-1,-1,-1,-1,-1,-1,-1,-1,-1,-1,-1,-1,-1,-1,-1,-1,-1,-1,-1,-1,-1
-1,-1,-1,-1,-1,-1,-1,-1,-1,-1,-1,-1,-1,-1,-1,-1,-1,0,0,-1,-1,-1,-1,1,1,1,1,1,1,1,1,1,1,-1,-1,-1,-1,-1,-1,-1,-1,-1,-1
-1,-1,-1,-1,-1,-1,-1,-1,-1,1,1,1,1,1,1,1,1,1,1,0,0,-1,-1,1,1,1,1,1,1,1,1,1,1,-1,-1,-1,-1,-1,-1,-1,-1,-1,-1
-1,-1,-1,-1,-1,-1,-1,-1,-1,1,1,1,1,1,1,1,1,1,1,0,0,0,0,2,2,2,2,2,2,2,2,2,2,1,1,1,1,1,1,-1,-1,-1,-1
-1,-1,-1,-1,1,1,1,1,1,2,2,2,2,2,2,2,2,2,2,1,1,0,0,2,2,2,2,2,2,2,2,2,2,1,1,1,1,1,1,1,1,-1,-1
-1,-1,-1,-1,1,1,1,1,1,2,2,2,2,2,2,2,2,1,1,1,1,0,0,1,1,2,2,2,2,2,2,2,2,2,2,2,2,2,2,1,1,-1,-1
-1,-1,1,1,2,2,2,2,2,2,2,2,2,2,2,2,2,1,1,1,1,0,0,1,1,2,2,2,2,2,2,2,2,2,2,2,2,2,2,1,1,-1,-1
-1,-1,1,1,2,2,2,2,2,2,2,2,2,2,2,1,1,-1,-1,-1,-1,0,0,-1,-1,1,1,1,1,1,1,2,2,2,2,2,2,2,2,1,1,-1,-1
-1,-1,1,1,2,2,2,2,2,2,2,2,2,2,2,1,1,-1,-1,-1,-1,0,0,-1,-1,1,1,1,1,1,1,2,2,2,2,2,1,1,1,1,1,1,-1
1,1,2,2,2,2,2,2,2,2,2,2,1,1,1,-1,-1,-1,-1,-1,-1,0,0,-1,-1,-1,-1,-1,-1,-1,-1,1,1,1,1,1,1,1,1,1,1,1,-1
1,1,2,2,2,2,2,2,2,2,2,2,1,1,1,-1,-1,-1,-1,-1,-1,-1,-1,0,0,-1,-1,-1,-1,-1,-1,1,1,1,1,1,-1,-1,-1,-1,-1,-1,-1
1,1,2,2,2,2,2,2,2,2,1,1,-1,-1,-1,-1,-1,-1,-1,-1,-1,-1,-1,0,0,-1,-1,-1,-1,-1,-1,-1,-1,-1,-1,-1,-1,-1,-1,-1,-1,-1,-1
1,1,2,2,2,2,2,1,1,1,1,1,-1,-1,-1,-1,-1,-1,-1,-1,-1,-1,-1,0,0,-1,-1,-1,-1,-1,-1,-1,-1,-1,-1,-1,-1,-1,-1,-1,-1,-1,-1
1,1,2,2,2,2,2,1,1,1,1,1,-1,-1,-1,-1,1,1,1,1,1,1,1,0,0,-1,-1,-1,-1,-1,-1,-1,-1,-1,-1,-1,-1,-1,-1,-1,-1,-1,-1
1,1,1,1,1,1,1,-1,-1,-1,-1,-1,-1,-1,-1,-1,1,1,1,1,1,1,1,0,0,1,1,1,1,1,1,-1,-1,-1,-1,-1,-1,-1,-1,-1,-1,-1,-1
1,1,1,1,1,1,1,-1,-1,-1,-1,1,1,1,1,1,3,3,3,3,3,3,3,0,0,1,1,1,1,1,1,-1,-1,-1,-1,-1,-1,-1,-1,-1,-1,-1,-1
-1,-1,-1,-1,-1,-1,-1,-1,-1,-1,-1,1,1,1,1,1,3,3,3,3,3,3,3,0,0,3,3,3,3,3,3,1,1,1,1,1,1,-1,-1,-1,-1,-1,-1
-1,-1,-1,-1,-1,-1,-1,-1,-1,1,1,3,3,3,3,3,3,3,3,3,3,3,3,3,0,0,3,3,3,3,3,1,1,1,1,1,1,-1,-1,-1,-1,-1,-1
-1,-1,-1,-1,-1,-1,-1,-1,-1,1,1,3,3,3,3,3,3,3,3,3,3,3,3,3,0,0,3,3,3,3,3,3,3,3,3,3,3,1,1,-1,-1,-1,-1
-1,-1,-1,-1,-1,-1,-1,1,1,3,3,3,3,3,3,3,3,3,3,3,3,1,1,1,0,0,3,3,3,3,3,3,3,3,3,3,3,1,1,1,1,-1,-1
-1,-1,-1,-1,-1,-1,-1,1,1,3,3,3,3,3,3,3,3,3,3,3,3,1,1,1,0,0,3,3,3,3,3,3,3,3,3,3,3,3,3,1,1,-1,-1
-1,-1,-1,-1,-1,-1,-1,1,1,3,3,3,3,3,3,3,3,3,3,1,1,-1,-1,-1,0,0,1,1,1,1,3,3,3,3,3,3,3,3,3,1,1,-1,-1
-1,-1,-1,-1,-1,-1,-1,1,1,3,3,3,3,3,3,3,3,3,3,1,1,-1,-1,-1,0,0,1,1,1,1,3,3,3,3,3,3,3,3,3,1,1,-1,-1
-1,-1,-1,-1,-1,1,1,1,1,1,1,1,1,1,1,1,1,1,1,-1,-1,-1,-1,-1,0,0,-1,-1,-1,-1,1,1,1,1,1,1,3,3,3,3,3,1,1
-1,-1,-1,-1,-1,1,1,1,1,1,1,1,1,1,1,1,1,1,1,-1,-1,-1,-1,-1,0,0,-1,-1,-1,-1,1,1,1,1,1,1,3,3,3,3,3,1,1
-1,-1,-1,-1,-1,-1,-1,-1,-1,-1,-1,-1,-1,-1,-1,-1,-1,-1,-1,-1,-1,-1,-1,-1,0,0,-1,-1,-1,-1,-1,-1,-1,-1,-1,-1,1,1,1,1,1,1,1
-1,-1,-1,-1,-1,-1,-1,-1,-1,-1,-1,4,4,4,4,4,4,4,4,4,4,4,-1,-1,0,0,-1,-1,-1,-1,-1,-1,-1,-1,-1,-1,1,1,1,1,1,1,1
-1,-1,-1,-1,-1,-1,-1,-1,-1,-1,-1,4,4,4,4,4,4,4,4,4,4,4,4,4,0,0,-1,-1,-1,-1,-1,-1,-1,-1,-1,-1,-1,-1,-1,-1,-1,-1,-1
-1,-1,-1,-1,-1,-1,-1,-1,-1,-1,-1,4,4,5,5,5,5,5,5,5,5,4,4,4,0,0,4,4,4,4,4,4,4,-1,-1,-1,-1,-1,-1,-1,-1,-1,-1
-1,-1,-1,-1,-1,-1,-1,-1,-1,-1,4,4,4,5,5,5,5,5,5,5,5,5,5,5,0,0,4,4,4,4,4,4,4,-1,-1,-1,-1,-1,-1,-1,-1,-1,-1
-1,-1,-1,-1,-1,-1,-1,-1,-1,4,4,5,5,5,5,5,5,5,5,5,5,5,5,5,0,0,5,5,5,5,5,5,5,4,4,4,-1,-1,-1,-1,-1,-1,-1
-1,-1,-1,-1,-1,-1,-1,-1,-1,4,4,5,5,5,5,5,5,5,5,5,5,4,4,4,0,0,5,5,5,5,5,5,5,4,4,4,-1,-1,-1,-1,-1,-1,-1
-1,-1,-1,-1,-1,-1,-1,-1,-1,4,4,5,5,5,5,5,5,5,5,5,5,4,4,4,0,0,5,5,5,5,5,5,5,5,5,5,4,4,-1,-1,-1,-1,-1
-1,-1,-1,-1,-1,-1,-1,4,4,5,5,5,5,5,5,5,5,4,4,4,4,-1,-1,-1,0,0,4,4,5,5,5,5,5,5,5,5,4,4,-1,-1,-1,-1,-1
-1,-1,-1,-1,-1,-1,-1,4,4,5,5,5,5,5,5,5,5,4,4,4,4,-1,-1,-1,0,0,4,4,5,5,5,5,5,5,5,5,5,5,4,4,-1,-1,-1
-1,-1,-1,-1,-1,-1,-1,4,4,5,4,4,4,4,4,4,4,-1,-1,-1,-1,-1,-1,-1,0,0,-1,-1,4,4,4,5,5,5,5,5,5,5,4,4,-1,-1,-1
-1,-1,-1,-1,-1,-1,-1,4,4,4,4,4,4,4,4,4,4,-1,-1,-1,-1,-1,-1,-1,0,0,-1,-1,4,4,4,5,5,5,5,5,5,5,4,4,-1,-1,-1
-1,-1,-1,-1,-1,-1,-1,4,4,4,-1,-1,-1,-1,-1,-1,-1,-1,-1,-1,-1,-1,-1,-1,0,0,-1,-1,-1,-1,-1,4,4,5,5,5,5,5,5,4,4,-1,-1
-1,-1,-1,-1,-1,-1,-1,-1,-1,-1,-1,-1,-1,-1,-1,-1,-1,-1,-1,-1,-1,-1,-1,-1,0,0,-1,-1,-1,-1,-1,4,4,5,5,5,5,5,5,4,4,-1,-1
-1,-1,-1,-1,-1,-1,-1,-1,-1,-1,-1,-1,-1,-1,4,4,4,4,4,4,4,4,4,4,0,0,-1,-1,-1,-1,-1,-1,-1,4,4,4,4,4,5,4,4,-1,-1
-1,-1,-1,-1,-1,-1,-1,-1,-1,-1,-1,-1,-1,-1,4,4,4,4,4,4,4,4,4,4,0,0,-1,-1,-1,-1,-1,-1,-1,4,4,4,4,4,4,4,4,-1,-1
-1,-1,-1,-1,-1,-1,-1,-1,-1,-1,4,4,4,4,6,6,6,6,6,4,4,4,4,4,0,0,-1,-1,-1,-1,-1,-1,-1,-1,-1,-1,-1,-1,4,4,4,-1,-1
-1,-1,-1,-1,-1,-1,-1,-1,-1,-1,4,4,4,4,6,6,6,6,6,4,4,4,4,0,0,4,4,4,4,4,4,4,-1,-1,-1,-1,-1,-1,-1,-1,-1,-1,-1
-1,-1,-1,-1,-1,-1,-1,-1,-1,-1,4,4,6,6,6,6,4,4,4,-1,-1,-1,-1,0,0,4,4,4,4,4,4,4,-1,-1,-1,-1,-1,-1,-1,-1,-1,-1,-1
-1,-1,-1,-1,-1,-1,-1,-1,-1,-1,4,4,6,6,6,6,4,4,4,-1,-1,-1,-1,0,0,4,4,6,6,6,6,6,4,4,-1,-1,-1,-1,-1,-1,-1,-1,-1
-1,-1,-1,-1,-1,-1,-1,-1,-1,-1,4,4,4,4,4,4,-1,-1,-1,-1,-1,-1,-1,0,0,4,4,6,6,6,6,6,4,4,-1,-1,-1,-1,-1,-1,-1,-1,-1
-1,-1,-1,-1,-1,-1,-1,-1,-1,-1,4,4,4,4,4,4,-1,-1,-1,-1,-1,-1,-1,0,0,-1,4,4,6,6,6,6,4,4,-1,-1,-1,-1,-1,-1,-1,-1,-1
-1,-1,-1,-1,-1,-1,-1,-1,-1,-1,-1,-1,-1,-1,-1,-1,-1,-1,-1,-1,-1,0,0,-1,-1,-1,4,4,6,6,6,6,4,4,-1,-1,-1,-1,-1,-1,-1,-1,-1
-1,-1,-1,-1,-1,-1,-1,-1,-1,-1,-1,-1,-1,-1,-1,-1,-1,-1,-1,-1,-1,0,0,-1,-1,-1,-1,-1,4,4,6,6,4,4,-1,-1,-1,-1,-1,-1,-1,-1,-1
-1,-1,-1,-1,-1,-1,-1,-1,-1,-1,-1,-1,-1,-1,-1,-1,-1,-1,-1,-1,-1,0,0,-1,-1,-1,-1,-1,4,4,6,6,4,4,-1,-1,-1,-1,-1,-1,-1,-1,-1
-1,-1,-1,-1,-1,-1,-1,-1,-1,-1,-1,-1,-1,4,4,4,4,4,4,-1,-1,0,0,-1,-1,-1,-1,-1,-1,-1,4,4,4,4,-1,-1,-1,-1,-1,-1,-1,-1,-1
-1,-1,-1,-1,-1,-1,-1,-1,-1,-1,-1,-1,-1,4,4,4,4,4,4,-1,-1,0,0,-1,-1,-1,-1,-1,-1,-1,4,4,4,4,-1,-1,-1,-1,-1,-1,-1,-1,-1
-1,-1,-1,-1,-1,-1,-1,-1,-1,-1,-1,4,4,6,6,6,6,6,6,4,4,0,0,-1,-1,-1,-1,-1,-1,-1,-1,-1,4,4,-1,-1,-1,-1,-1,-1,-1,-1,-1
-1,-1,-1,-1,-1,-1,-1,-1,-1,-1,-1,4,4,6,6,6,6,4,4,4,4,0,0,-1,-1,-1,-1,-1,-1,-1,-1,-1,4,4,-1,-1,-1,-1,-1,-1,-1,-1,-1
-1,-1,-1,-1,-1,-1,-1,-1,-1,-1,-1,4,4,6,6,6,6,4,4,0,0,4,4,4,4,4,-1,-1,-1,-1,-1,-1,-1,-1,-1,-1,-1,-1,-1,-1,-1,-1,-1
-1,-1,-1,-1,-1,-1,-1,-1,-1,4,4,6,6,6,6,4,4,-1,-1,0,0,4,4,4,4,4,4,4,-1,-1,-1,-1,-1,-1,-1,-1,-1,-1,-1,-1,-1,-1,-1
-1,-1,-1,-1,-1,-1,-1,-1,-1,4,4,6,6,6,6,4,4,-1,-1,0,0,4,4,6,6,6,4,4,-1,-1,-1,-1,-1,-1,-1,-1,-1,-1,-1,-1,-1,-1,-1
-1,-1,-1,-1,-1,-1,-1,-1,-1,4,4,6,6,4,4,-1,-1,0,0,0,0,4,4,6,6,6,4,4,-1,-1,-1,-1,-1,-1,-1,-1,-1,-1,-1,-1,-1,-1,-1
-1,-1,-1,-1,-1,-1,-1,-1,-1,4,4,6,6,4,4,-1,-1,0,0,-1,-1,4,4,6,6,6,4,4,-1,-1,-1,-1,-1,-1,-1,-1,-1,-1,-1,-1,-1,-1,-1
-1,-1,-1,-1,-1,-1,-1,-1,-1,-1,-1,4,4,-1,-1,-1,-1,0,0,-1,-1,4,4,6,6,6,4,4,-1,-1,-1,-1,-1,-1,-1,-1,-1,-1,-1,-1,-1,-1,-1
-1,-1,-1,-1,-1,-1,-1,-1,-1,-1,-1,4,4,-1,-1,-1,-1,0,0,-1,-1,4,4,6,6,6,4,4,-1,-1,-1,-1,-1,-1,-1,-1,-1,-1,-1,-1,-1,-1,-1
-1,-1,-1,-1,-1,-1,-1,-1,-1,-1,-1,-1,-1,-1,-1,-1,-1,0,0,-1,-1,4,4,6,6,6,4,4,-1,-1,-1,-1,-1,-1,-1,-1,-1,-1,-1,-1,-1,-1,-1
-1,-1,-1,-1,-1,-1,-1,-1,-1,-1,-1,-1,-1,4,4,4,4,-1,-1,-1,-1,-1,4,4,6,6,4,4,-1,-1,-1,-1,-1,-1,-1,-1,-1,-1,-1,-1,-1,-1,-1
-1,-1,-1,-1,-1,-1,-1,-1,-1,-1,4,4,4,4,4,4,4,-1,-1,-1,-1,-1,4,4,6,6,4,4,-1,-1,-1,-1,-1,-1,-1,-1,-1,-1,-1,-1,-1,-1,-1
-1,-1,-1,-1,-1,-1,-1,-1,-1,-1,4,4,4,6,6,4,4,-1,-1,-1,-1,-1,-1,-1,4,4,-1,-1,-1,-1,-1,-1,-1,-1,-1,-1,-1,-1,-1,-1,-1,-1,-1
-1,-1,-1,-1,-1,-1,-1,-1,-1,-1,4,4,6,6,6,4,4,-1,-1,-1,-1,-1,-1,-1,4,4,-1,-1,-1,-1,-1,-1,-1,-1,-1,-1,-1,-1,-1,-1,-1,-1,-1
-1,-1,-1,-1,-1,-1,-1,-1,-1,-1,4,4,6,6,6,4,4,-1,-1,-1,-1,-1,-1,-1,-1,-1,-1,-1,-1,-1,-1,-1,-1,-1,-1,-1,-1,-1,-1,-1,-1,-1,-1
-1,-1,-1,-1,-1,-1,-1,-1,-1,-1,4,4,6,6,6,4,4,-1,-1,-1,-1,-1,-1,-1,-1,-1,-1,-1,-1,-1,-1,-1,-1,-1,-1,-1,-1,-1,-1,-1,-1,-1,-1
-1,-1,-1,-1,-1,-1,-1,-1,-1,-1,4,4,4,4,4,-1,-1,-1,-1,-1,-1,-1,-1,-1,-1,-1,-1,-1,-1,-1,-1,-1,-1,-1,-1,-1,-1,-1,-1,-1,-1,-1,-1
-1,-1,-1,-1,-1,-1,-1,-1,-1,-1,4,4,4,4,4,-1,-1,-1,-1,-1,-1,-1,-1,-1,-1,-1,-1,-1,-1,-1,-1,-1,-1,-1,-1,-1,-1,-1,-1,-1,-1,-1,-1
0.05882353,0.3764706,0.3058824
0.05882353,0.4352942,0.2235294
0.227451,0.7921569,0.3490196
0.282353,0.7882354,0.1843137
0.1215686,0.5568628,0.09803922
0.4745098,0.7803922,0.1843137
0.682353,0.8745099,0.2
