71,74,
-1,-1,-1,-1,-1,-1,-1,-1,-1,-1,-1,-1,-1,-1,-1,-1,0,0,0,0,0,0,0,0,0,0,0,0,0,0,0,-1,-1,-1,-1,-1,-1,-1,-1,-1,-1,-1,-1,-1,-1,-1,-1,-1,-1,-1,-1,-1,-1,-1,-1,-1,-1,-1,-1,-1,-1,-1,-1,-1,-1,-1,-1,-1,-1,-1,-1
-1,-1,-1,-1,-1,-1,-1,-1,-1,-1,-1,-1,-1,-1,-1,-1,0,0,0,0,0,0,0,0,0,0,0,0,0,0,0,0,0,0,0,-1,-1,-1,-1,-1,-1,-1,-1,-1,-1,-1,-1,-1,-1,-1,-1,-1,-1,-1,-1,-1,-1,-1,-1,-1,-1,-1,-1,-1,-1,-1,-1,-1,-1,-1,-1
-1,-1,-1,-1,-1,-1,-1,-1,-1,-1,-1,-1,-1,-1,0,0,1,1,1,1,1,1,1,1,1,1,1,1,1,1,1,0,0,0,0,-1,-1,-1,-1,-1,-1,-1,-1,-1,-1,-1,-1,-1,-1,-1,-1,-1,-1,-1,-1,-1,-1,-1,-1,-1,-1,-1,-1,-1,-1,-1,-1,-1,-1,-1,-1
-1,-1,-1,-1,-1,-1,-1,-1,-1,-1,-1,-1,-1,-1,0,0,1,1,1,1,1,1,1,1,1,1,1,1,1,1,1,1,1,1,1,0,0,-1,-1,-1,-1,-1,-1,-1,-1,-1,-1,-1,-1,-1,-1,-1,-1,-1,-1,-1,-1,-1,-1,-1,-1,-1,-1,-1,-1,-1,-1,-1,-1,-1,-1
-1,-1,-1,-1,-1,-1,-1,-1,-1,-1,-1,-1,0,0,1,1,1,1,2,2,2,2,2,2,2,2,2,2,2,2,2,1,1,1,1,0,0,-1,-1,-1,-1,-1,-1,-1,-1,-1,-1,-1,-1,-1,-1,-1,-1,-1,-1,-1,-1,-1,-1,-1,-1,-1,-1,-1,-1,-1,-1,-1,-1,-1,-1
-1,-1,-1,-1,-1,-1,-1,-1,-1,-1,-1,-1,0,0,1,1,1,2,2,2,2,2,2,2,2,2,2,2,2,2,2,2,2,1,1,1,1,0,0,-1,-1,-1,-1,-1,-1,-1,-1,-1,-1,-1,-1,-1,-1,-1,-1,-1,-1,-1,-1,-1,-1,-1,-1,-1,-1,-1,-1,-1,-1,-1,-1
-1,-1,-1,-1,-1,-1,-1,-1,-1,-1,0,0,1,1,1,1,1,2,2,3,3,3,3,3,3,3,3,3,3,3,3,2,2,1,1,1,1,0,0,-1,-1,-1,-1,-1,-1,-1,-1,-1,-1,-1,-1,-1,-1,-1,-1,-1,-1,-1,-1,-1,-1,-1,-1,-1,-1,-1,-1,-1,-1,-1,-1
-1,-1,-1,-1,-1,-1,-1,-1,-1,-1,0,0,1,1,1,2,2,4,4,3,3,5,5,5,5,5,5,5,5,5,5,3,3,2,2,1,1,1,1,0,0,-1,-1,-1,-1,-1,-1,-1,-1,-1,-1,-1,-1,-1,-1,-1,-1,-1,-1,-1,-1,-1,-1,-1,-1,-1,-1,-1,-1,-1,-1
-1,-1,-1,-1,-1,-1,-1,-1,0,0,1,1,1,1,1,2,2,4,4,3,3,5,5,5,5,5,5,5,5,5,3,3,3,2,2,1,1,1,1,0,0,-1,-1,-1,-1,-1,-1,-1,-1,-1,-1,-1,-1,-1,-1,-1,-1,-1,-1,-1,-1,-1,-1,-1,-1,-1,-1,-1,-1,-1,-1
-1,-1,-1,-1,-1,-1,-1,-1,0,0,1,1,3,3,3,3,3,3,3,3,3,3,3,3,3,3,5,5,5,5,3,3,3,3,3,2,2,1,1,1,1,0,0,-1,-1,-1,-1,-1,-1,-1,-1,-1,-1,-1,-1,-1,-1,-1,-1,-1,-1,-1,-1,-1,-1,-1,-1,-1,-1,-1,-1
-1,-1,-1,-1,-1,-1,0,0,1,1,1,1,3,3,3,3,3,3,3,3,3,3,3,3,3,3,5,5,5,5,3,3,6,6,6,2,2,1,1,1,1,0,0,-1,-1,-1,-1,-1,-1,-1,-1,-1,-1,-1,-1,-1,-1,-1,-1,-1,-1,-1,-1,-1,-1,-1,-1,-1,-1,-1,-1
-1,-1,-1,-1,-1,-1,0,0,1,1,1,1,3,3,5,5,5,5,5,5,5,5,5,5,3,3,5,5,5,5,3,3,6,6,6,6,6,2,2,1,1,1,1,0,0,-1,-1,-1,-1,-1,-1,-1,-1,-1,-1,-1,-1,-1,-1,-1,-1,-1,-1,-1,-1,-1,-1,-1,-1,-1,-1
-1,-1,-1,-1,0,0,1,1,1,1,2,2,3,3,5,5,5,5,5,5,5,5,5,5,3,3,5,5,5,5,3,3,6,6,6,6,6,2,2,1,1,1,1,0,0,-1,-1,-1,-1,-1,-1,-1,-1,-1,-1,-1,-1,-1,-1,-1,-1,-1,-1,-1,-1,-1,-1,-1,-1,-1,-1
-1,-1,-1,-1,0,0,1,1,1,1,2,2,3,3,5,5,5,5,5,5,5,5,5,5,3,3,3,3,3,3,3,3,6,6,6,6,6,6,6,2,2,1,1,1,1,0,0,-1,-1,-1,-1,-1,-1,-1,-1,-1,-1,-1,-1,-1,-1,-1,-1,-1,-1,-1,-1,-1,-1,-1,-1
-1,-1,0,0,1,1,1,1,2,2,4,4,3,3,5,5,5,5,5,5,5,5,5,5,3,3,3,3,3,3,3,3,6,6,6,6,6,6,6,2,2,1,1,1,1,0,0,-1,-1,-1,-1,-1,-1,-1,-1,-1,-1,-1,-1,-1,-1,-1,-1,-1,-1,-1,-1,-1,-1,-1,-1
-1,-1,0,0,1,1,1,1,2,2,4,4,3,3,5,5,5,5,5,5,5,5,5,5,3,3,6,6,6,6,6,6,6,6,6,6,6,6,6,6,6,2,2,1,1,1,1,0,0,-1,-1,-1,-1,-1,-1,-1,-1,-1,-1,-1,-1,-1,-1,-1,-1,-1,-1,-1,-1,-1,-1
0,0,1,1,1,1,1,3,3,3,3,3,3,3,5,5,5,5,3,3,3,3,3,3,3,3,6,6,6,6,6,6,6,6,6,6,6,6,6,6,6,2,2,1,1,1,1,0,0,-1,-1,-1,-1,-1,-1,-1,-1,-1,-1,-1,-1,-1,-1,-1,-1,-1,-1,-1,-1,-1,-1
0,0,1,1,1,2,2,3,3,3,3,3,3,3,5,5,5,5,3,3,3,3,3,3,3,3,6,6,6,6,6,6,6,6,6,6,6,6,6,6,6,6,6,2,2,1,1,1,1,0,0,-1,-1,-1,-1,-1,-1,-1,-1,-1,-1,-1,-1,-1,-1,-1,-1,-1,-1,-1,-1
0,0,1,1,2,2,2,3,3,5,5,5,3,3,5,5,5,5,3,3,3,3,6,6,6,6,6,6,6,6,6,6,6,6,6,6,6,6,6,6,6,6,6,2,2,1,1,1,1,0,0,-1,-1,-1,-1,-1,-1,-1,-1,-1,-1,-1,-1,-1,-1,-1,-1,-1,-1,-1,-1
0,0,1,1,2,2,4,3,3,5,5,5,3,3,5,5,5,5,3,3,3,3,6,6,6,6,6,6,6,6,6,6,6,6,6,6,6,6,6,6,6,6,4,4,4,2,2,1,1,1,1,0,0,-1,-1,-1,-1,-1,-1,-1,-1,-1,-1,-1,-1,-1,-1,-1,-1,-1,-1
0,0,1,1,2,2,4,3,3,5,5,5,3,3,5,5,5,5,3,3,3,3,6,6,6,6,6,6,6,6,6,6,6,6,6,6,6,6,6,6,6,6,4,4,4,2,2,1,1,1,1,0,0,-1,-1,-1,-1,-1,-1,-1,-1,-1,-1,-1,-1,-1,-1,-1,-1,-1,-1
0,0,1,1,2,2,4,3,3,5,5,5,3,3,5,5,5,5,3,3,3,3,6,6,6,6,6,6,6,6,6,6,6,6,6,6,6,6,6,6,6,6,4,4,3,3,3,3,1,1,1,1,1,0,0,-1,-1,-1,-1,-1,-1,-1,-1,-1,-1,-1,-1,-1,-1,-1,-1
0,0,1,1,2,2,4,3,3,5,5,5,3,3,5,5,5,5,3,3,3,3,6,6,6,6,6,6,6,6,6,6,6,6,6,6,6,6,6,6,6,6,4,4,3,3,3,3,2,2,1,1,1,0,0,-1,-1,-1,-1,-1,-1,-1,-1,-1,-1,-1,-1,-1,-1,-1,-1
0,0,1,1,2,2,4,3,3,5,5,5,3,3,3,3,3,3,3,3,3,3,6,6,6,6,6,6,6,6,6,6,6,6,6,6,6,6,6,6,6,6,4,4,3,3,5,3,2,2,1,1,1,1,1,0,0,-1,-1,-1,-1,-1,-1,-1,-1,-1,-1,-1,-1,-1,-1
0,0,1,1,2,2,4,3,3,5,5,5,3,3,3,3,3,3,3,3,3,3,6,6,6,6,6,6,6,6,6,6,6,6,6,6,6,6,6,6,6,6,4,4,3,3,5,3,3,3,3,1,1,1,1,0,0,-1,-1,-1,-1,-1,-1,-1,-1,-1,-1,-1,-1,-1,-1
0,0,1,1,2,2,4,3,3,5,5,5,5,5,5,5,5,5,5,5,3,3,6,6,6,6,6,6,6,6,6,6,6,6,6,6,6,6,6,6,6,6,4,4,3,3,5,3,3,3,3,1,1,1,1,1,1,0,0,-1,-1,-1,-1,-1,-1,-1,-1,-1,-1,-1,-1
0,0,1,1,2,2,4,3,3,5,5,5,5,5,5,5,5,5,5,5,3,3,6,6,6,6,6,6,6,6,6,6,6,6,6,6,6,6,6,6,6,6,4,4,3,3,5,5,5,3,3,2,2,1,1,1,1,0,0,-1,-1,-1,-1,-1,-1,-1,-1,-1,-1,-1,-1
0,0,1,1,2,2,4,3,3,5,5,5,5,5,5,5,5,5,5,5,3,3,6,6,6,6,6,6,6,6,6,6,6,6,6,6,6,6,6,6,6,6,4,4,3,3,5,5,5,3,3,2,2,1,1,1,1,1,1,0,0,-1,-1,-1,-1,-1,-1,-1,-1,-1,-1
0,0,1,1,2,2,4,3,3,5,5,5,5,5,5,5,5,5,5,5,3,3,6,6,6,6,6,6,6,6,6,6,6,6,6,6,6,6,6,6,6,6,4,4,3,3,5,5,5,5,5,3,3,3,3,1,1,1,1,0,0,-1,-1,-1,-1,-1,-1,-1,-1,-1,-1
0,0,1,1,2,2,4,3,3,5,5,5,5,5,5,5,5,3,3,3,3,3,6,6,6,6,6,6,6,6,6,6,6,6,6,6,6,6,6,6,6,6,4,4,3,3,5,5,5,5,5,3,3,3,3,1,1,1,1,1,1,-1,0,0,0,0,0,-1,-1,-1,-1
0,0,1,1,1,2,2,3,3,5,5,5,5,5,5,5,5,3,3,3,3,3,6,6,6,6,6,6,6,4,4,4,4,4,4,4,4,4,4,4,4,4,4,4,3,3,5,5,5,5,5,5,5,3,3,2,2,1,1,1,1,-1,0,0,0,0,0,-1,-1,-1,-1
0,0,1,1,1,2,2,3,3,5,5,5,5,5,5,5,5,3,3,3,3,3,6,6,6,6,6,6,6,4,4,4,4,4,4,4,4,4,4,4,4,4,4,4,3,3,5,5,5,5,5,5,5,3,3,2,2,1,1,1,1,1,1,1,1,1,1,0,0,-1,-1
0,0,1,1,1,2,2,3,3,5,5,5,5,5,5,5,5,3,3,6,6,6,6,6,6,6,6,6,6,4,4,3,3,3,3,3,3,3,3,3,3,3,3,3,3,3,3,3,3,3,3,5,5,5,5,3,3,3,3,1,1,1,1,1,1,1,1,0,0,-1,-1
-1,-1,0,0,1,1,1,3,3,3,3,3,3,3,3,3,3,3,3,6,6,6,6,6,6,6,6,6,6,4,4,3,3,3,3,3,3,3,3,3,3,3,3,3,3,3,3,3,3,3,3,5,5,5,5,3,3,3,3,1,1,1,1,1,1,1,1,1,1,0,0
-1,-1,0,0,1,1,1,3,3,3,3,3,3,3,3,3,3,3,3,6,6,6,6,6,6,6,6,6,6,4,4,3,3,5,5,5,5,5,5,5,5,5,5,5,5,5,5,5,5,3,3,5,5,5,5,5,5,3,3,2,2,1,1,1,1,1,1,1,1,0,0
-1,-1,0,0,1,1,1,1,2,2,6,6,6,6,6,6,6,6,6,6,6,6,6,6,6,6,6,6,6,4,4,3,3,5,5,5,5,5,5,5,5,5,5,5,5,5,5,5,5,3,3,5,5,5,5,5,5,3,3,2,2,1,1,1,1,1,1,1,1,0,0
-1,-1,0,0,1,1,1,1,2,2,6,6,6,6,6,6,6,6,6,6,6,6,6,6,6,6,6,6,6,4,4,3,3,5,5,5,5,5,5,5,5,5,5,5,5,5,5,5,5,3,3,5,5,5,5,5,5,3,3,6,2,2,1,1,1,1,1,1,1,0,0
-1,-1,-1,-1,0,0,1,1,1,1,2,2,6,6,6,6,6,6,6,6,6,6,6,6,6,6,6,6,6,4,4,3,3,5,5,5,5,5,5,5,5,5,5,5,5,5,5,5,5,3,3,5,5,5,5,5,5,3,3,2,2,1,1,1,1,1,1,1,1,0,0
-1,-1,-1,-1,0,0,1,1,1,1,2,2,6,6,6,6,6,6,6,6,6,6,6,6,6,6,6,6,6,4,4,3,3,5,5,5,5,5,5,5,5,5,5,5,5,5,5,5,5,3,3,3,3,3,3,3,3,3,3,2,2,1,1,1,1,1,1,1,1,0,0
-1,-1,-1,-1,-1,-1,0,0,1,1,1,1,2,2,6,6,6,6,6,6,6,6,6,6,6,6,6,6,6,4,4,3,3,5,5,5,5,5,3,3,3,3,3,3,5,5,5,5,5,3,3,3,3,3,3,3,3,3,3,1,1,1,1,1,1,1,1,0,0,-1,-1
-1,-1,-1,-1,-1,-1,0,0,1,1,1,1,2,2,6,6,6,6,6,6,6,6,6,6,6,6,6,6,6,4,4,3,3,5,5,5,5,5,3,3,3,3,3,3,5,5,5,5,5,3,3,6,6,6,6,6,6,2,2,1,1,1,1,1,1,1,1,0,0,-1,-1
-1,-1,-1,-1,-1,-1,-1,-1,0,0,1,1,1,1,2,2,6,6,6,6,6,6,6,6,6,6,6,6,6,4,4,3,3,5,5,5,5,5,3,3,3,3,3,3,5,5,5,5,5,3,3,6,6,6,6,2,2,1,1,1,1,1,1,1,1,0,0,-1,-1,-1,-1
-1,-1,-1,-1,-1,-1,-1,-1,0,0,1,1,1,1,2,2,6,6,4,4,4,4,4,4,4,4,4,4,4,4,4,3,3,5,5,5,5,5,3,3,3,3,3,3,5,5,5,5,5,3,3,6,6,6,6,2,2,1,1,1,1,1,1,1,1,0,0,-1,-1,-1,-1
-1,-1,-1,-1,-1,-1,-1,-1,-1,-1,0,0,1,1,1,1,2,2,4,4,4,4,4,4,4,4,4,4,4,4,4,3,3,5,5,5,5,5,3,3,3,3,5,5,5,5,5,5,5,3,3,6,6,2,2,1,1,1,1,1,1,1,1,0,0,-1,-1,-1,-1,-1,-1
-1,-1,-1,-1,-1,-1,-1,-1,-1,-1,0,0,1,1,1,1,2,2,4,4,3,3,3,3,3,3,3,3,3,3,3,3,3,5,5,5,5,5,3,3,3,3,5,5,5,5,5,5,5,3,3,6,6,2,2,1,1,1,1,1,1,1,1,0,0,-1,-1,-1,-1,-1,-1
-1,-1,-1,-1,-1,-1,-1,-1,-1,-1,-1,-1,0,0,1,1,1,1,2,2,3,3,3,3,3,3,3,3,3,3,3,3,3,5,5,5,5,5,5,5,5,5,5,5,5,5,5,5,5,3,3,2,2,1,1,1,1,1,1,1,1,0,0,-1,-1,-1,-1,-1,-1,-1,-1
-1,-1,-1,-1,-1,-1,-1,-1,-1,-1,-1,-1,0,0,1,1,1,1,2,2,3,3,5,5,5,5,5,5,5,5,5,3,3,5,5,5,5,5,5,5,5,5,5,5,5,3,3,3,3,3,3,2,2,1,1,1,1,1,1,1,1,0,0,-1,-1,-1,-1,-1,-1,-1,-1
-1,-1,-1,-1,-1,-1,-1,-1,-1,-1,-1,-1,-1,-1,0,0,1,1,1,1,3,3,3,3,5,5,5,5,5,5,5,3,3,5,5,5,5,5,5,5,5,5,5,5,5,3,3,3,3,3,3,1,1,1,1,1,1,1,1,0,0,-1,-1,-1,-1,-1,-1,-1,-1,-1,-1
-1,-1,-1,-1,-1,-1,-1,-1,-1,-1,-1,-1,-1,-1,0,0,1,1,1,1,3,3,3,3,5,5,5,5,5,5,5,3,3,5,5,5,5,5,5,5,5,5,5,5,5,3,3,6,6,2,2,1,1,1,1,1,1,1,1,0,0,-1,-1,-1,-1,-1,-1,-1,-1,-1,-1
-1,-1,-1,-1,-1,-1,-1,-1,-1,-1,-1,-1,-1,-1,-1,-1,0,0,1,1,1,1,2,2,3,3,5,5,5,5,5,3,3,5,5,5,5,5,5,5,5,5,5,5,5,3,3,2,2,1,1,1,1,1,1,1,1,0,0,-1,-1,-1,-1,-1,-1,-1,-1,-1,-1,-1,-1
-1,-1,-1,-1,-1,-1,-1,-1,-1,-1,-1,-1,-1,-1,-1,-1,0,0,1,1,1,1,2,2,3,3,5,5,5,5,5,3,3,3,3,3,3,3,3,3,3,3,3,3,3,3,3,2,2,1,1,1,1,1,1,1,1,0,0,-1,-1,-1,-1,-1,-1,-1,-1,-1,-1,-1,-1
-1,-1,-1,-1,-1,-1,-1,-1,-1,-1,-1,-1,-1,-1,-1,-1,-1,-1,0,0,1,1,1,1,3,3,3,5,5,5,5,3,3,3,3,3,3,3,3,3,3,3,3,3,3,3,3,1,1,1,1,1,1,1,1,0,0,7,7,0,0,-1,-1,-1,-1,-1,-1,-1,-1,-1,-1
-1,-1,-1,-1,-1,-1,-1,-1,-1,-1,-1,-1,-1,-1,-1,-1,-1,-1,0,0,1,1,1,1,3,3,3,5,5,5,5,5,5,5,5,5,3,3,6,6,6,6,6,6,2,2,1,1,1,1,1,1,1,1,1,0,0,7,7,0,0,-1,-1,-1,-1,-1,-1,-1,-1,-1,-1
-1,-1,-1,-1,-1,-1,-1,-1,-1,-1,-1,-1,-1,-1,-1,-1,-1,-1,-1,-1,0,0,1,1,1,1,1,3,3,5,5,5,5,5,5,5,3,3,6,6,6,6,6,6,2,2,1,1,1,1,1,1,1,0,0,8,8,7,7,7,7,0,0,-1,-1,-1,-1,-1,-1,-1,-1
-1,-1,-1,-1,-1,-1,-1,-1,-1,-1,-1,-1,-1,-1,-1,-1,-1,-1,-1,-1,0,0,1,1,1,1,1,3,3,3,3,5,5,5,5,5,3,3,6,6,6,6,2,2,1,1,1,1,1,1,1,1,1,0,0,8,8,7,7,7,7,0,0,-1,-1,-1,-1,-1,-1,-1,-1
-1,-1,-1,-1,-1,-1,-1,-1,-1,-1,-1,-1,-1,-1,-1,-1,-1,-1,-1,-1,-1,-1,0,0,1,1,1,3,3,3,3,5,5,5,5,5,3,3,6,6,6,6,2,2,1,1,1,1,1,1,1,0,0,8,8,8,8,8,8,8,7,7,7,0,0,-1,-1,-1,-1,-1,-1
-1,-1,-1,-1,-1,-1,-1,-1,-1,-1,-1,-1,-1,-1,-1,-1,-1,-1,-1,-1,-1,-1,0,0,1,1,1,1,1,2,2,3,3,5,5,5,3,3,6,6,2,2,1,1,1,1,1,1,1,1,1,0,0,8,8,8,8,8,8,8,7,7,7,0,0,-1,-1,-1,-1,-1,-1
-1,-1,-1,-1,-1,-1,-1,-1,-1,-1,-1,-1,-1,-1,-1,-1,-1,-1,-1,-1,-1,-1,-1,-1,0,0,1,1,1,2,2,3,3,5,5,5,3,3,6,6,2,2,1,1,1,1,1,1,1,0,0,8,8,9,9,8,8,8,8,8,8,8,8,7,7,0,0,-1,-1,-1,-1
-1,-1,-1,-1,-1,-1,-1,-1,-1,-1,-1,-1,-1,-1,-1,-1,-1,-1,-1,-1,-1,-1,-1,-1,0,0,1,1,1,1,1,3,3,3,3,3,3,3,2,2,1,1,1,1,1,1,1,1,1,0,0,8,8,9,9,8,8,8,8,8,8,8,8,7,7,0,0,-1,-1,-1,-1
-1,-1,-1,-1,-1,-1,-1,-1,-1,-1,-1,-1,-1,-1,-1,-1,-1,-1,-1,-1,-1,-1,-1,-1,-1,-1,0,0,1,1,1,3,3,3,3,3,3,3,2,2,1,1,1,1,1,1,1,0,0,0,0,8,8,8,8,9,9,8,8,8,8,8,8,8,8,7,7,0,0,-1,-1
-1,-1,-1,-1,-1,-1,-1,-1,-1,-1,-1,-1,-1,-1,-1,-1,-1,-1,-1,-1,-1,-1,-1,-1,-1,-1,0,0,1,1,1,1,1,1,2,2,2,2,1,1,1,1,1,1,1,1,1,0,0,-1,-1,0,0,8,8,9,9,8,8,8,8,8,8,8,8,7,7,0,0,-1,-1
-1,-1,-1,-1,-1,-1,-1,-1,-1,-1,-1,-1,-1,-1,-1,-1,-1,-1,-1,-1,-1,-1,-1,-1,-1,-1,-1,-1,0,0,1,1,1,1,2,2,2,2,1,1,1,1,1,1,1,0,0,-1,-1,-1,-1,0,0,8,8,8,8,9,9,8,8,8,8,8,8,8,8,7,7,0,0
-1,-1,-1,-1,-1,-1,-1,-1,-1,-1,-1,-1,-1,-1,-1,-1,-1,-1,-1,-1,-1,-1,-1,-1,-1,-1,-1,-1,0,0,1,1,1,1,1,1,1,1,1,1,1,1,1,1,1,0,0,-1,-1,-1,-1,-1,-1,0,0,8,8,9,9,8,8,8,8,8,8,8,8,7,7,0,0
-1,-1,-1,-1,-1,-1,-1,-1,-1,-1,-1,-1,-1,-1,-1,-1,-1,-1,-1,-1,-1,-1,-1,-1,-1,-1,-1,-1,0,0,1,1,1,1,1,1,1,1,1,1,1,1,1,0,0,-1,-1,-1,-1,-1,-1,-1,-1,0,0,8,8,8,8,9,9,8,8,8,8,8,8,8,8,0,0
-1,-1,-1,-1,-1,-1,-1,-1,-1,-1,-1,-1,-1,-1,-1,-1,-1,-1,-1,-1,-1,-1,-1,-1,-1,-1,-1,-1,0,0,1,1,1,1,1,1,1,1,1,1,1,1,1,0,0,-1,-1,-1,-1,-1,-1,-1,-1,-1,-1,0,0,8,8,9,9,8,8,8,8,8,8,8,8,0,0
-1,-1,-1,-1,-1,-1,-1,-1,-1,-1,-1,-1,-1,-1,-1,-1,-1,-1,-1,-1,-1,-1,-1,-1,-1,-1,-1,-1,0,0,1,1,1,1,1,1,1,1,1,1,1,0,0,-1,-1,-1,-1,-1,-1,-1,-1,-1,-1,-1,-1,0,0,8,8,8,8,9,9,8,8,8,8,8,8,0,0
-1,-1,-1,-1,-1,-1,-1,-1,-1,-1,-1,-1,-1,-1,-1,-1,-1,-1,-1,-1,-1,-1,-1,-1,-1,-1,-1,-1,0,0,1,1,1,1,1,1,1,1,1,1,1,0,0,-1,-1,-1,-1,-1,-1,-1,-1,-1,-1,-1,-1,-1,-1,0,0,8,8,9,9,8,8,8,8,8,8,0,0
-1,-1,-1,-1,-1,-1,-1,-1,-1,-1,-1,-1,-1,-1,-1,-1,-1,-1,-1,-1,-1,-1,-1,-1,-1,-1,-1,-1,0,0,1,1,1,1,1,1,1,1,1,0,0,-1,-1,-1,-1,-1,-1,-1,-1,-1,-1,-1,-1,-1,-1,-1,-1,0,0,8,8,8,8,9,9,8,8,8,8,0,0
-1,-1,-1,-1,-1,-1,-1,-1,-1,-1,-1,-1,-1,-1,-1,-1,-1,-1,-1,-1,-1,-1,-1,-1,-1,-1,-1,-1,0,0,0,0,1,1,1,1,1,1,1,0,0,-1,-1,-1,-1,-1,-1,-1,-1,-1,-1,-1,-1,-1,-1,-1,-1,-1,-1,0,0,8,8,9,9,8,8,0,0,-1,-1
-1,-1,-1,-1,-1,-1,-1,-1,-1,-1,-1,-1,-1,-1,-1,-1,-1,-1,-1,-1,-1,-1,-1,-1,-1,-1,-1,-1,-1,-1,0,0,0,0,0,0,0,0,0,-1,-1,-1,-1,-1,-1,-1,-1,-1,-1,-1,-1,-1,-1,-1,-1,-1,-1,-1,-1,0,0,8,8,8,8,9,9,0,0,-1,-1
-1,-1,-1,-1,-1,-1,-1,-1,-1,-1,-1,-1,-1,-1,-1,-1,-1,-1,-1,-1,-1,-1,-1,-1,-1,-1,-1,-1,-1,-1,-1,-1,0,0,0,0,0,0,0,-1,-1,-1,-1,-1,-1,-1,-1,-1,-1,-1,-1,-1,-1,-1,-1,-1,-1,-1,-1,-1,-1,0,0,8,8,0,0,-1,-1,-1,-1
-1,-1,-1,-1,-1,-1,-1,-1,-1,-1,-1,-1,-1,-1,-1,-1,-1,-1,-1,-1,-1,-1,-1,-1,-1,-1,-1,-1,-1,-1,-1,-1,-1,-1,-1,-1,-1,-1,-1,-1,-1,-1,-1,-1,-1,-1,-1,-1,-1,-1,-1,-1,-1,-1,-1,-1,-1,-1,-1,-1,-1,0,0,8,8,0,0,-1,-1,-1,-1
-1,-1,-1,-1,-1,-1,-1,-1,-1,-1,-1,-1,-1,-1,-1,-1,-1,-1,-1,-1,-1,-1,-1,-1,-1,-1,-1,-1,-1,-1,-1,-1,-1,-1,-1,-1,-1,-1,-1,-1,-1,-1,-1,-1,-1,-1,-1,-1,-1,-1,-1,-1,-1,-1,-1,-1,-1,-1,-1,-1,-1,-1,-1,0,0,-1,-1,-1,-1,-1,-1
-1,-1,-1,-1,-1,-1,-1,-1,-1,-1,-1,-1,-1,-1,-1,-1,-1,-1,-1,-1,-1,-1,-1,-1,-1,-1,-1,-1,-1,-1,-1,-1,-1,-1,-1,-1,-1,-1,-1,-1,-1,-1,-1,-1,-1,-1,-1,-1,-1,-1,-1,-1,-1,-1,-1,-1,-1,-1,-1,-1,-1,-1,-1,0,0,-1,-1,-1,-1,-1,-1
0,0,0
0.9843138,0.9843138,0.9843138
0.7411765,0.7411765,0.7411765
0.3882353,0.3882353,0.3882353
0.8196079,0.8196079,0.8196079
0.6588235,0.6588235,0.6588235
0.9215687,0.9215687,0.9215687
0.5254902,0.5254902,0.5254902
0.6509804,0.6509804,0.6509804
0.8862746,0.8862746,0.8862746
