71,74,
-1,-1,-1,-1,-1,-1,-1,-1,-1,-1,-1,-1,-1,-1,-1,-1,0,0,0,0,0,0,0,0,0,0,0,0,0,0,0,-1,-1,-1,-1,-1,-1,-1,-1,-1,-1,-1,-1,-1,-1,-1,-1,-1,-1,-1,-1,-1,-1,-1,-1,-1,-1,-1,-1,-1,-1,-1,-1,-1,-1,-1,-1,-1,-1,-1,-1
-1,-1,-1,-1,-1,-1,-1,-1,-1,-1,-1,-1,-1,-1,-1,-1,0,0,0,0,0,0,0,0,0,0,0,0,0,0,0,0,0,0,0,-1,-1,-1,-1,-1,-1,-1,-1,-1,-1,-1,-1,-1,-1,-1,-1,-1,-1,-1,-1,-1,-1,-1,-1,-1,-1,-1,-1,-1,-1,-1,-1,-1,-1,-1,-1
-1,-1,-1,-1,-1,-1,-1,-1,-1,-1,-1,-1,-1,-1,0,0,1,1,1,1,1,1,1,1,1,1,1,1,1,1,1,0,0,0,0,-1,-1,-1,-1,-1,-1,-1,-1,-1,-1,-1,-1,-1,-1,-1,-1,-1,-1,-1,-1,-1,-1,-1,-1,-1,-1,-1,-1,-1,-1,-1,-1,-1,-1,-1,-1
-1,-1,-1,-1,-1,-1,-1,-1,-1,-1,-1,-1,-1,-1,0,0,1,1,1,1,1,1,1,1,1,1,1,1,1,1,1,1,1,1,1,0,0,-1,-1,-1,-1,-1,-1,-1,-1,-1,-1,-1,-1,-1,-1,-1,-1,-1,-1,-1,-1,-1,-1,-1,-1,-1,-1,-1,-1,-1,-1,-1,-1,-1,-1
-1,-1,-1,-1,-1,-1,-1,-1,-1,-1,-1,-1,0,0,1,1,1,1,2,2,2,2,2,2,2,2,2,2,2,2,2,1,1,1,1,0,0,-1,-1,-1,-1,-1,-1,-1,-1,-1,-1,-1,-1,-1,-1,-1,-1,-1,-1,-1,-1,-1,-1,-1,-1,-1,-1,-1,-1,-1,-1,-1,-1,-1,-1
-1,-1,-1,-1,-1,-1,-1,-1,-1,-1,-1,-1,0,0,1,1,1,2,2,2,2,2,2,2,2,2,2,2,2,2,2,2,2,1,1,1,1,0,0,-1,-1,-1,-1,-1,-1,-1,-1,-1,-1,-1,-1,-1,-1,-1,-1,-1,-1,-1,-1,-1,-1,-1,-1,-1,-1,-1,-1,-1,-1,-1,-1
-1,-1,-1,-1,-1,-1,-1,-1,-1,-1,0,0,1,1,1,1,1,2,2,3,3,3,3,3,3,3,3,3,3,3,3,2,2,1,1,1,1,0,0,-1,-1,-1,-1,-1,-1,-1,-1,-1,-1,-1,-1,-1,-1,-1,-1,-1,-1,-1,-1,-1,-1,-1,-1,-1,-1,-1,-1,-1,-1,-1,-1
-1,-1,-1,-1,-1,-1,-1,-1,-1,-1,0,0,1,1,1,2,2,4,4,3,3,5,5,5,5,5,5,5,5,5,5,3,3,2,2,1,1,1,1,0,0,-1,-1,-1,-1,-1,-1,-1,-1,-1,-1,-1,-1,-1,-1,-1,-1,-1,-1,-1,-1,-1,-1,-1,-1,-1,-1,-1,-1,-1,-1
-1,-1,-1,-1,-1,-1,-1,-1,0,0,1,1,1,1,1,2,2,4,4,3,3,5,5,5,5,5,5,5,5,5,3,3,3,2,2,1,1,1,1,0,0,-1,-1,-1,-1,-1,-1,-1,-1,-1,-1,-1,-1,-1,-1,-1,-1,-1,-1,-1,-1,-1,-1,-1,-1,-1,-1,-1,-1,-1,-1
-1,-1,-1,-1,-1,-1,-1,-1,0,0,1,1,3,3,3,3,3,3,3,3,3,3,3,3,3,3,5,5,5,5,3,3,3,3,3,2,2,1,1,1,1,0,0,-1,-1,-1,-1,-1,-1,-1,-1,-1,-1,-1,-1,-1,-1,-1,-1,-1,-1,-1,-1,-1,-1,-1,-1,-1,-1,-1,-1
-1,-1,-1,-1,-1,-1,0,0,1,1,1,1,3,3,3,3,3,3,3,3,3,3,3,3,3,3,5,5,5,5,3,3,6,6,6,2,2,1,1,1,1,0,0,-1,-1,-1,-1,-1,-1,-1,-1,-1,-1,-1,-1,-1,-1,-1,-1,-1,-1,-1,-1,-1,-1,-1,-1,-1,-1,-1,-1
-1,-1,-1,-1,-1,-1,0,0,1,1,1,1,3,3,5,5,5,5,5,5,5,5,5,5,3,3,5,5,5,5,3,3,6,6,6,6,6,2,2,1,1,1,1,0,0,-1,-1,-1,-1,-1,-1,-1,-1,-1,-1,-1,-1,-1,-1,-1,-1,-1,-1,-1,-1,-1,-1,-1,-1,-1,-1
-1,-1,-1,-1,0,0,1,1,1,1,2,2,3,3,5,5,5,5,5,5,5,5,5,5,3,3,5,5,5,5,3,3,6,6,6,6,6,2,2,1,1,1,1,0,0,-1,-1,-1,-1,-1,-1,-1,-1,-1,-1,-1,-1,-1,-1,-1,-1,-1,-1,-1,-1,-1,-1,-1,-1,-1,-1
-1,-1,-1,-1,0,0,1,1,1,1,2,2,3,3,5,5,5,5,5,5,5,5,5,5,3,3,3,3,3,3,3,3,6,6,6,6,6,6,6,2,2,1,1,1,1,0,0,-1,-1,-1,-1,-1,-1,-1,-1,-1,-1,-1,-1,-1,-1,-1,-1,-1,-1,-1,-1,-1,-1,-1,-1
-1,-1,0,0,1,1,1,1,2,2,4,4,3,3,5,5,5,5,5,5,5,5,5,5,3,3,3,3,3,3,3,3,6,6,6,6,6,6,6,2,2,1,1,1,1,0,0,-1,-1,-1,-1,-1,-1,-1,-1,-1,-1,-1,-1,-1,-1,-1,-1,-1,-1,-1,-1,-1,-1,-1,-1
-1,-1,0,0,1,1,1,1,2,2,4,4,3,3,5,5,5,5,5,5,5,5,5,5,3,3,6,6,6,6,6,6,6,6,6,6,6,6,6,6,6,2,2,1,1,1,1,0,0,-1,-1,-1,-1,-1,-1,-1,-1,-1,-1,-1,-1,-1,-1,-1,-1,-1,-1,-1,-1,-1,-1
0,0,1,1,1,1,1,3,3,3,3,3,3,3,5,5,5,5,3,3,3,3,3,3,3,3,6,6,6,6,6,6,6,6,6,6,6,6,6,6,6,2,2,1,1,1,1,0,0,-1,-1,-1,-1,-1,-1,-1,-1,-1,-1,-1,-1,-1,-1,-1,-1,-1,-1,-1,-1,-1,-1
0,0,1,1,1,2,2,3,3,3,3,3,3,3,5,5,5,5,3,3,3,3,3,3,3,3,6,6,6,6,6,6,6,6,6,6,6,6,6,6,6,6,6,2,2,1,1,1,1,0,0,-1,-1,-1,-1,-1,-1,-1,-1,-1,-1,-1,-1,-1,-1,-1,-1,-1,-1,-1,-1
0,0,1,1,2,2,2,3,3,5,5,5,3,3,5,5,5,5,3,3,3,3,6,6,6,6,6,6,6,6,6,6,6,6,6,6,6,6,6,6,6,6,6,2,2,1,1,1,1,0,0,-1,-1,-1,-1,-1,-1,-1,-1,-1,-1,-1,-1,-1,-1,-1,-1,-1,-1,-1,-1
0,0,1,1,2,2,4,3,3,5,5,5,3,3,5,5,5,5,3,3,3,3,6,6,6,6,6,6,6,6,6,6,6,6,6,6,6,6,6,6,6,6,4,4,4,2,2,1,1,1,1,0,0,-1,-1,-1,-1,-1,-1,-1,-1,-1,-1,-1,-1,-1,-1,-1,-1,-1,-1
0,0,1,1,2,2,4,3,3,5,5,5,3,3,5,5,5,5,3,3,3,3,6,6,6,6,6,6,6,6,6,6,6,6,6,6,6,6,6,6,6,6,4,4,4,2,2,1,1,1,1,0,0,-1,-1,-1,-1,-1,-1,-1,-1,-1,-1,-1,-1,-1,-1,-1,-1,-1,-1
0,0,1,1,2,2,4,3,3,5,5,5,3,3,5,5,5,5,3,3,3,3,6,6,6,6,6,6,6,6,6,6,6,6,6,6,6,6,6,6,6,6,4,4,3,3,3,3,1,1,1,1,1,0,0,-1,-1,-1,-1,-1,-1,-1,-1,-1,-1,-1,-1,-1,-1,-1,-1
0,0,1,1,2,2,4,3,3,5,5,5,3,3,5,5,5,5,3,3,3,3,6,6,6,6,6,6,6,6,6,6,6,6,6,6,6,6,6,6,6,6,4,4,3,3,3,3,2,2,1,1,1,0,0,-1,-1,-1,-1,-1,-1,-1,-1,-1,-1,-1,-1,-1,-1,-1,-1
0,0,1,1,2,2,4,3,3,5,5,5,3,3,3,3,3,3,3,3,3,3,6,6,6,6,6,6,6,6,6,6,6,6,6,6,6,6,6,6,6,6,4,4,3,3,5,3,2,2,1,1,1,1,1,0,0,-1,-1,-1,-1,-1,-1,-1,-1,-1,-1,-1,-1,-1,-1
0,0,1,1,2,2,4,3,3,5,5,5,3,3,3,3,3,3,3,3,3,3,6,6,6,6,6,6,6,6,6,6,6,6,6,6,6,6,6,6,6,6,4,4,3,3,5,3,3,3,3,1,1,1,1,0,0,-1,-1,-1,-1,-1,-1,-1,-1,-1,-1,-1,-1,-1,-1
0,0,1,1,2,2,4,3,3,5,5,5,5,5,5,5,5,5,5,5,3,3,6,6,6,6,6,6,6,6,6,6,6,6,6,6,6,6,6,6,6,6,4,4,3,3,5,3,3,3,3,1,1,1,1,1,1,0,0,-1,-1,-1,-1,-1,-1,-1,-1,-1,-1,-1,-1
0,0,1,1,2,2,4,3,3,5,5,5,5,5,5,5,5,5,5,5,3,3,6,6,6,6,6,6,6,6,6,6,6,6,6,6,6,6,6,6,6,6,4,4,3,3,5,5,5,3,3,2,2,1,1,1,1,0,0,-1,-1,-1,-1,-1,-1,-1,-1,-1,-1,-1,-1
0,0,1,1,2,2,4,3,3,5,5,5,5,5,5,5,5,5,5,5,3,3,6,6,6,6,6,6,6,6,6,6,6,6,6,6,6,6,6,6,6,6,4,4,3,3,5,5,5,3,3,2,2,1,1,1,1,1,1,0,0,-1,-1,-1,-1,-1,-1,-1,-1,-1,-1
0,0,1,1,2,2,4,3,3,5,5,5,5,5,5,5,5,5,5,5,3,3,6,6,6,6,6,6,6,6,6,6,6,6,6,6,6,6,6,6,6,6,4,4,3,3,5,5,5,5,5,3,3,3,3,1,1,1,1,0,0,-1,-1,-1,-1,-1,-1,-1,-1,-1,-1
0,0,1,1,2,2,4,3,3,5,5,5,5,5,5,5,5,3,3,3,3,3,6,6,6,6,6,6,6,6,6,6,6,6,6,6,6,6,6,6,6,6,4,4,3,3,5,5,5,5,5,3,3,3,3,1,1,1,1,1,1,-1,0,0,0,0,0,-1,-1,-1,-1
0,0,1,1,1,2,2,3,3,5,5,5,5,5,5,5,5,3,3,3,3,3,6,6,6,6,6,6,6,4,4,4,4,4,4,4,4,4,4,4,4,4,4,4,3,3,5,5,5,5,5,5,5,3,3,2,2,1,1,1,1,-1,0,0,0,0,0,-1,-1,-1,-1
0,0,1,1,1,2,2,3,3,5,5,5,5,5,5,5,5,3,3,3,3,3,6,6,6,6,6,6,6,4,4,4,4,4,4,4,4,4,4,4,4,4,4,4,3,3,5,5,5,5,5,5,5,3,3,2,2,1,1,1,1,1,1,1,1,1,1,0,0,-1,-1
0,0,1,1,1,2,2,3,3,5,5,5,5,5,5,5,5,3,3,6,6,6,6,6,6,6,6,6,6,4,4,3,3,3,3,3,3,3,3,3,3,3,3,3,3,3,3,3,3,3,3,5,5,5,5,3,3,3,3,1,1,1,1,1,1,1,1,0,0,-1,-1
-1,-1,0,0,1,1,1,3,3,3,3,3,3,3,3,3,3,3,3,6,6,6,6,6,6,6,6,6,6,4,4,3,3,3,3,3,3,3,3,3,3,3,3,3,3,3,3,3,3,3,3,5,5,5,5,3,3,3,3,1,1,1,1,1,1,1,1,1,1,0,0
-1,-1,0,0,1,1,1,3,3,3,3,3,3,3,3,3,3,3,3,6,6,6,6,6,6,6,6,6,6,4,4,3,3,5,5,5,5,5,5,5,5,5,5,5,5,5,5,5,5,3,3,5,5,5,5,5,5,3,3,2,2,1,1,1,1,1,1,1,1,0,0
-1,-1,0,0,1,1,1,1,2,2,6,6,6,6,6,6,6,6,6,6,6,6,6,6,6,6,6,6,6,4,4,3,3,5,5,5,5,5,5,5,5,5,5,5,5,5,5,5,5,3,3,5,5,5,5,5,5,3,3,2,2,1,1,1,1,1,1,1,1,0,0
-1,-1,0,0,1,1,1,1,2,2,6,6,6,6,6,6,6,6,6,6,6,6,6,6,6,6,6,6,6,4,4,3,3,5,5,5,5,5,5,5,5,5,5,5,5,5,5,5,5,3,3,5,5,5,5,5,5,3,3,6,2,2,1,1,1,1,1,1,1,0,0
-1,-1,-1,-1,0,0,1,1,1,1,2,2,6,6,6,6,6,6,6,6,6,6,6,6,6,6,6,6,6,4,4,3,3,5,5,5,5,5,5,5,5,5,5,5,5,5,5,5,5,3,3,5,5,5,5,5,5,3,3,2,2,1,1,1,1,1,1,1,1,0,0
-1,-1,-1,-1,0,0,1,1,1,1,2,2,6,6,6,6,6,6,6,6,6,6,6,6,6,6,6,6,6,4,4,3,3,5,5,5,5,5,5,5,5,5,5,5,5,5,5,5,5,3,3,3,3,3,3,3,3,3,3,2,2,1,1,1,1,1,1,1,1,0,0
-1,-1,-1,-1,-1,-1,0,0,1,1,1,1,2,2,6,6,6,6,6,6,6,6,6,6,6,6,6,6,6,4,4,3,3,5,5,5,5,5,3,3,3,3,3,3,5,5,5,5,5,3,3,3,3,3,3,3,3,3,3,1,1,1,1,1,1,1,1,0,0,-1,-1
-1,-1,-1,-1,-1,-1,0,0,1,1,1,1,2,2,6,6,6,6,6,6,6,6,6,6,6,6,6,6,6,4,4,3,3,5,5,5,5,5,3,3,3,3,3,3,5,5,5,5,5,3,3,6,6,6,6,6,6,2,2,1,1,1,1,1,1,1,1,0,0,-1,-1
-1,-1,-1,-1,-1,-1,-1,-1,0,0,1,1,1,1,2,2,6,6,6,6,6,6,6,6,6,6,6,6,6,4,4,3,3,5,5,5,5,5,3,3,3,3,3,3,5,5,5,5,5,3,3,6,6,6,6,2,2,1,1,1,1,1,1,1,1,0,0,-1,-1,-1,-1
-1,-1,-1,-1,-1,-1,-1,-1,0,0,1,1,1,1,2,2,6,6,4,4,4,4,4,4,4,4,4,4,4,4,4,3,3,5,5,5,5,5,3,3,3,3,3,3,5,5,5,5,5,3,3,6,6,6,6,2,2,1,1,1,1,1,1,1,1,0,0,-1,-1,-1,-1
-1,-1,-1,-1,-1,-1,-1,-1,-1,-1,0,0,1,1,1,1,2,2,4,4,4,4,4,4,4,4,4,4,4,4,4,3,3,5,5,5,5,5,3,3,3,3,5,5,5,5,5,5,5,3,3,6,6,2,2,1,1,1,1,1,1,1,1,0,0,-1,-1,-1,-1,-1,-1
-1,-1,-1,-1,-1,-1,-1,-1,-1,-1,0,0,1,1,1,1,2,2,4,4,3,3,3,3,3,3,3,3,3,3,3,3,3,5,5,5,5,5,3,3,3,3,5,5,5,5,5,5,5,3,3,6,6,2,2,1,1,1,1,1,1,1,1,0,0,-1,-1,-1,-1,-1,-1
-1,-1,-1,-1,-1,-1,-1,-1,-1,-1,-1,-1,0,0,1,1,1,1,2,2,3,3,3,3,3,3,3,3,3,3,3,3,3,5,5,5,5,5,5,5,5,5,5,5,5,5,5,5,5,3,3,2,2,1,1,1,1,1,1,1,1,0,0,-1,-1,-1,-1,-1,-1,-1,-1
-1,-1,-1,-1,-1,-1,-1,-1,-1,-1,-1,-1,0,0,1,1,1,1,2,2,3,3,5,5,5,5,5,5,5,5,5,3,3,5,5,5,5,5,5,5,5,5,5,5,5,3,3,3,3,3,3,2,2,1,1,1,1,1,1,1,1,0,0,-1,-1,-1,-1,-1,-1,-1,-1
-1,-1,-1,-1,-1,-1,-1,-1,-1,-1,-1,-1,-1,-1,0,0,1,1,1,1,3,3,3,3,5,5,5,5,5,5,5,3,3,5,5,5,5,5,5,5,5,5,5,5,5,3,3,3,3,3,3,1,1,1,1,1,1,1,1,0,0,-1,-1,-1,-1,-1,-1,-1,-1,-1,-1
-1,-1,-1,-1,-1,-1,-1,-1,-1,-1,-1,-1,-1,-1,0,0,1,1,1,1,3,3,3,3,5,5,5,5,5,5,5,3,3,5,5,5,5,5,5,5,5,5,5,5,5,3,3,6,6,2,2,1,1,1,1,1,1,1,1,0,0,-1,-1,-1,-1,-1,-1,-1,-1,-1,-1
-1,-1,-1,-1,-1,-1,-1,-1,-1,-1,-1,-1,-1,-1,-1,-1,0,0,1,1,1,1,2,2,3,3,5,5,5,5,5,3,3,5,5,5,5,5,5,5,5,5,5,5,5,3,3,2,2,1,1,1,1,1,1,1,1,0,0,-1,-1,-1,-1,-1,-1,-1,-1,-1,-1,-1,-1
-1,-1,-1,-1,-1,-1,-1,-1,-1,-1,-1,-1,-1,-1,-1,-1,0,0,1,1,1,1,2,2,3,3,5,5,5,5,5,3,3,3,3,3,3,3,3,3,3,3,3,3,3,3,3,2,2,1,1,1,1,1,1,1,1,0,0,-1,-1,-1,-1,-1,-1,-1,-1,-1,-1,-1,-1
-1,-1,-1,-1,-1,-1,-1,-1,-1,-1,-1,-1,-1,-1,-1,-1,-1,-1,0,0,1,1,1,1,3,3,3,5,5,5,5,3,3,3,3,3,3,3,3,3,3,3,3,3,3,3,3,1,1,1,1,1,1,1,1,0,0,7,7,0,0,-1,-1,-1,-1,-1,-1,-1,-1,-1,-1
-1,-1,-1,-1,-1,-1,-1,-1,-1,-1,-1,-1,-1,-1,-1,-1,-1,-1,0,0,1,1,1,1,3,3,3,5,5,5,5,5,5,5,5,5,3,3,6,6,6,6,6,6,2,2,1,1,1,1,1,1,1,1,1,0,0,7,7,0,0,-1,-1,-1,-1,-1,-1,-1,-1,-1,-1
-1,-1,-1,-1,-1,-1,-1,-1,-1,-1,-1,-1,-1,-1,-1,-1,-1,-1,-1,-1,0,0,1,1,1,1,1,3,3,5,5,5,5,5,5,5,3,3,6,6,6,6,6,6,2,2,1,1,1,1,1,1,1,0,0,8,8,7,7,7,7,0,0,-1,-1,-1,-1,-1,-1,-1,-1
-1,-1,-1,-1,-1,-1,-1,-1,-1,-1,-1,-1,-1,-1,-1,-1,-1,-1,-1,-1,0,0,1,1,1,1,1,3,3,3,3,5,5,5,5,5,3,3,6,6,6,6,2,2,1,1,1,1,1,1,1,1,1,0,0,8,8,7,7,7,7,0,0,-1,-1,-1,-1,-1,-1,-1,-1
-1,-1,-1,-1,-1,-1,-1,-1,-1,-1,-1,-1,-1,-1,-1,-1,-1,-1,-1,-1,-1,-1,0,0,1,1,1,3,3,3,3,5,5,5,5,5,3,3,6,6,6,6,2,2,1,1,1,1,1,1,1,0,0,8,8,8,8,8,8,8,7,7,7,0,0,-1,-1,-1,-1,-1,-1
-1,-1,-1,-1,-1,-1,-1,-1,-1,-1,-1,-1,-1,-1,-1,-1,-1,-1,-1,-1,-1,-1,0,0,1,1,1,1,1,2,2,3,3,5,5,5,3,3,6,6,2,2,1,1,1,1,1,1,1,1,1,0,0,8,8,8,8,8,8,8,7,7,7,0,0,-1,-1,-1,-1,-1,-1
-1,-1,-1,-1,-1,-1,-1,-1,-1,-1,-1,-1,-1,-1,-1,-1,-1,-1,-1,-1,-1,-1,-1,-1,0,0,1,1,1,2,2,3,3,5,5,5,3,3,6,6,2,2,1,1,1,1,1,1,1,0,0,8,8,9,9,8,8,8,8,8,8,8,8,7,7,0,0,-1,-1,-1,-1
-1,-1,-1,-1,-1,-1,-1,-1,-1,-1,-1,-1,-1,-1,-1,-1,-1,-1,-1,-1,-1,-1,-1,-1,0,0,1,1,1,1,1,3,3,3,3,3,3,3,2,2,1,1,1,1,1,1,1,1,1,0,0,8,8,9,9,8,8,8,8,8,8,8,8,7,7,0,0,-1,-1,-1,-1
-1,-1,-1,-1,-1,-1,-1,-1,-1,-1,-1,-1,-1,-1,-1,-1,-1,-1,-1,-1,-1,-1,-1,-1,-1,-1,0,0,1,1,1,3,3,3,3,3,3,3,2,2,1,1,1,1,1,1,1,0,0,0,0,8,8,8,8,9,9,8,8,8,8,8,8,8,8,7,7,0,0,-1,-1
-1,-1,-1,-1,-1,-1,-1,-1,-1,-1,-1,-1,-1,-1,-1,-1,-1,-1,-1,-1,-1,-1,-1,-1,-1,-1,0,0,1,1,1,1,1,1,2,2,2,2,1,1,1,1,1,1,1,1,1,0,0,-1,-1,0,0,8,8,9,9,8,8,8,8,8,8,8,8,7,7,0,0,-1,-1
-1,-1,-1,-1,-1,-1,-1,-1,-1,-1,-1,-1,-1,-1,-1,-1,-1,-1,-1,-1,-1,-1,-1,-1,-1,-1,-1,-1,0,0,1,1,1,1,2,2,2,2,1,1,1,1,1,1,1,0,0,-1,-1,-1,-1,0,0,8,8,8,8,9,9,8,8,8,8,8,8,8,8,7,7,0,0
-1,-1,-1,-1,-1,-1,-1,-1,-1,-1,-1,-1,-1,-1,-1,-1,-1,-1,-1,-1,-1,-1,-1,-1,-1,-1,-1,-1,0,0,1,1,1,1,1,1,1,1,1,1,1,1,1,1,1,0,0,-1,-1,-1,-1,-1,-1,0,0,8,8,9,9,8,8,8,8,8,8,8,8,7,7,0,0
-1,-1,-1,-1,-1,-1,-1,-1,-1,-1,-1,-1,-1,-1,-1,-1,-1,-1,-1,-1,-1,-1,-1,-1,-1,-1,-1,-1,0,0,1,1,1,1,1,1,1,1,1,1,1,1,1,0,0,-1,-1,-1,-1,-1,-1,-1,-1,0,0,8,8,8,8,9,9,8,8,8,8,8,8,8,8,0,0
-1,-1,-1,-1,-1,-1,-1,-1,-1,-1,-1,-1,-1,-1,-1,-1,-1,-1,-1,-1,-1,-1,-1,-1,-1,-1,-1,-1,0,0,1,1,1,1,1,1,1,1,1,1,1,1,1,0,0,-1,-1,-1,-1,-1,-1,-1,-1,-1,-1,0,0,8,8,9,9,8,8,8,8,8,8,8,8,0,0
-1,-1,-1,-1,-1,-1,-1,-1,-1,-1,-1,-1,-1,-1,-1,-1,-1,-1,-1,-1,-1,-1,-1,-1,-1,-1,-1,-1,0,0,1,1,1,1,1,1,1,1,1,1,1,0,0,-1,-1,-1,-1,-1,-1,-1,-1,-1,-1,-1,-1,0,0,8,8,8,8,9,9,8,8,8,8,8,8,0,0
-1,-1,-1,-1,-1,-1,-1,-1,-1,-1,-1,-1,-1,-1,-1,-1,-1,-1,-1,-1,-1,-1,-1,-1,-1,-1,-1,-1,0,0,1,1,1,1,1,1,1,1,1,1,1,0,0,-1,-1,-1,-1,-1,-1,-1,-1,-1,-1,-1,-1,-1,-1,0,0,8,8,9,9,8,8,8,8,8,8,0,0
-1,-1,-1,-1,-1,-1,-1,-1,-1,-1,-1,-1,-1,-1,-1,-1,-1,-1,-1,-1,-1,-1,-1,-1,-1,-1,-1,-1,0,0,1,1,1,1,1,1,1,1,1,0,0,-1,-1,-1,-1,-1,-1,-1,-1,-1,-1,-1,-1,-1,-1,-1,-1,0,0,8,8,8,8,9,9,8,8,8,8,0,0
-1,-1,-1,-1,-1,-1,-1,-1,-1,-1,-1,-1,-1,-1,-1,-1,-1,-1,-1,-1,-1,-1,-1,-1,-1,-1,-1,-1,0,0,0,0,1,1,1,1,1,1,1,0,0,-1,-1,-1,-1,-1,-1,-1,-1,-1,-1,-1,-1,-1,-1,-1,-1,-1,-1,0,0,8,8,9,9,8,8,0,0,-1,-1
-1,-1,-1,-1,-1,-1,-1,-1,-1,-1,-1,-1,-1,-1,-1,-1,-1,-1,-1,-1,-1,-1,-1,-1,-1,-1,-1,-1,-1,-1,0,0,0,0,0,0,0,0,0,-1,-1,-1,-1,-1,-1,-1,-1,-1,-1,-1,-1,-1,-1,-1,-1,-1,-1,-1,-1,0,0,8,8,8,8,9,9,0,0,-1,-1
-1,-1,-1,-1,-1,-1,-1,-1,-1,-1,-1,-1,-1,-1,-1,-1,-1,-1,-1,-1,-1,-1,-1,-1,-1,-1,-1,-1,-1,-1,-1,-1,0,0,0,0,0,0,0,-1,-1,-1,-1,-1,-1,-1,-1,-1,-1,-1,-1,-1,-1,-1,-1,-1,-1,-1,-1,-1,-1,0,0,8,8,0,0,-1,-1,-1,-1
-1,-1,-1,-1,-1,-1,-1,-1,-1,-1,-1,-1,-1,-1,-1,-1,-1,-1,-1,-1,-1,-1,-1,-1,-1,-1,-1,-1,-1,-1,-1,-1,-1,-1,-1,-1,-1,-1,-1,-1,-1,-1,-1,-1,-1,-1,-1,-1,-1,-1,-1,-1,-1,-1,-1,-1,-1,-1,-1,-1,-1,0,0,8,8,0,0,-1,-1,-1,-1
-1,-1,-1,-1,-1,-1,-1,-1,-1,-1,-1,-1,-1,-1,-1,-1,-1,-1,-1,-1,-1,-1,-1,-1,-1,-1,-1,-1,-1,-1,-1,-1,-1,-1,-1,-1,-1,-1,-1,-1,-1,-1,-1,-1,-1,-1,-1,-1,-1,-1,-1,-1,-1,-1,-1,-1,-1,-1,-1,-1,-1,-1,-1,0,0,-1,-1,-1,-1,-1,-1
-1,-1,-1,-1,-1,-1,-1,-1,-1,-1,-1,-1,-1,-1,-1,-1,-1,-1,-1,-1,-1,-1,-1,-1,-1,-1,-1,-1,-1,-1,-1,-1,-1,-1,-1,-1,-1,-1,-1,-1,-1,-1,-1,-1,-1,-1,-1,-1,-1,-1,-1,-1,-1,-1,-1,-1,-1,-1,-1,-1,-1,-1,-1,0,0,-1,-1,-1,-1,-1,-1
0,0,0
0.9490197,1,0.9960785
1,0.6745098,0.3921569
0.8784314,0.1529412,0.3019608
0.9921569,0.7843138,0.5333334
1,0.4980392,0.5803922
1,0.909804,0.764706
0.8000001,0.3411765,0.7725491
0.8666667,0.5058824,0.8470589
1,0.8117648,0.9882354
