70,80,
-1,-1,0,0,0,0,-1,-1,-1,-1,-1,-1,-1,-1,-1,-1,-1,-1,-1,-1,-1,-1,-1,-1,-1,-1,-1,-1,-1,-1,-1,-1,-1,-1,-1,-1,-1,-1,-1,-1,-1,-1,-1,-1,-1,-1,-1,-1,-1,-1,-1,-1,-1,-1,-1,-1,-1,-1,-1,-1,-1,-1,-1,-1,-1,-1,-1,-1,-1,-1
-1,0,1,1,2,2,0,-1,-1,-1,-1,-1,-1,-1,-1,-1,-1,-1,-1,-1,-1,-1,-1,-1,-1,-1,-1,-1,-1,-1,-1,-1,-1,-1,-1,-1,-1,-1,-1,-1,-1,-1,-1,-1,-1,-1,-1,-1,-1,-1,-1,-1,-1,-1,-1,-1,-1,-1,-1,-1,-1,-1,-1,-1,-1,-1,-1,-1,-1,-1
0,1,1,1,1,2,2,0,-1,-1,-1,-1,-1,-1,-1,-1,-1,-1,-1,-1,-1,-1,-1,-1,-1,-1,-1,-1,-1,-1,-1,-1,-1,-1,-1,-1,-1,-1,-1,-1,-1,-1,-1,-1,-1,-1,-1,-1,-1,-1,-1,-1,-1,-1,-1,-1,-1,-1,-1,-1,-1,-1,-1,-1,-1,-1,-1,-1,-1,-1
0,1,1,1,1,1,2,2,0,-1,-1,-1,-1,-1,-1,-1,-1,-1,-1,-1,-1,-1,-1,-1,-1,-1,-1,-1,-1,-1,-1,-1,-1,-1,-1,-1,-1,-1,-1,-1,-1,-1,-1,-1,-1,-1,-1,-1,-1,-1,-1,-1,-1,-1,-1,-1,-1,-1,-1,-1,-1,-1,-1,-1,-1,-1,-1,-1,-1,-1
0,1,1,1,1,1,2,2,2,0,-1,-1,-1,-1,-1,-1,-1,-1,-1,-1,-1,-1,-1,-1,-1,-1,-1,-1,-1,-1,-1,-1,-1,-1,-1,-1,-1,-1,-1,-1,-1,-1,-1,-1,-1,-1,-1,-1,-1,-1,-1,-1,-1,-1,-1,-1,-1,-1,-1,-1,-1,-1,-1,-1,-1,-1,-1,-1,-1,-1
0,1,1,1,1,1,1,2,2,2,0,-1,-1,-1,-1,-1,-1,-1,-1,-1,-1,-1,-1,-1,-1,-1,-1,-1,-1,-1,-1,-1,-1,-1,-1,-1,-1,-1,-1,-1,-1,-1,-1,-1,-1,-1,-1,-1,-1,-1,-1,-1,-1,-1,-1,-1,-1,-1,-1,-1,-1,-1,-1,-1,-1,-1,-1,-1,-1,-1
-1,0,1,1,1,1,1,1,2,2,2,0,-1,-1,-1,-1,-1,-1,-1,-1,-1,-1,-1,-1,-1,-1,-1,-1,-1,-1,-1,-1,-1,-1,-1,-1,-1,-1,-1,-1,-1,-1,-1,-1,-1,-1,-1,-1,-1,-1,-1,-1,-1,-1,-1,-1,-1,-1,-1,-1,-1,-1,-1,-1,-1,-1,-1,-1,-1,-1
-1,-1,0,1,1,1,1,1,1,2,2,2,0,-1,-1,-1,-1,-1,-1,-1,-1,-1,-1,-1,-1,-1,-1,-1,-1,-1,-1,-1,-1,-1,-1,-1,-1,-1,-1,-1,-1,-1,-1,-1,-1,-1,-1,-1,-1,-1,-1,-1,-1,-1,-1,-1,-1,-1,-1,-1,-1,-1,-1,-1,-1,-1,-1,-1,-1,-1
-1,-1,-1,0,1,1,1,1,1,1,2,2,2,0,-1,-1,-1,-1,-1,-1,-1,3,3,3,3,3,-1,-1,-1,-1,-1,-1,-1,-1,-1,-1,-1,-1,-1,-1,-1,-1,-1,-1,-1,-1,-1,-1,-1,-1,-1,-1,-1,-1,-1,-1,-1,-1,-1,-1,-1,-1,-1,-1,-1,-1,-1,-1,-1,-1
-1,-1,-1,-1,0,1,1,1,1,1,1,2,2,2,0,-1,-1,-1,-1,-1,3,4,4,4,4,4,3,-1,-1,-1,-1,-1,-1,-1,-1,-1,-1,-1,-1,-1,-1,-1,-1,-1,-1,-1,-1,-1,-1,-1,-1,-1,-1,-1,-1,-1,-1,-1,-1,-1,-1,-1,-1,-1,-1,-1,-1,-1,-1,-1
-1,-1,-1,-1,-1,0,1,1,1,1,1,1,2,2,2,0,-1,-1,-1,3,5,4,4,4,4,4,3,-1,-1,-1,-1,-1,-1,-1,-1,-1,-1,-1,-1,-1,-1,-1,-1,-1,-1,-1,-1,-1,-1,-1,-1,-1,-1,-1,-1,-1,-1,-1,-1,-1,-1,-1,-1,-1,-1,-1,-1,-1,-1,-1
-1,-1,-1,-1,-1,0,1,1,1,1,1,1,1,2,2,2,0,-1,-1,3,5,4,4,4,4,4,3,-1,-1,-1,-1,-1,-1,-1,-1,-1,-1,-1,-1,-1,-1,-1,-1,-1,-1,-1,-1,-1,-1,-1,-1,-1,-1,-1,-1,-1,-1,-1,-1,-1,-1,-1,-1,-1,-1,-1,-1,-1,-1,-1
-1,-1,-1,-1,-1,-1,0,1,1,1,1,1,1,1,2,2,2,0,-1,3,5,4,4,4,4,4,3,-1,-1,-1,-1,-1,-1,-1,-1,-1,-1,-1,-1,-1,-1,-1,-1,-1,-1,-1,-1,-1,-1,-1,-1,-1,-1,-1,-1,-1,-1,-1,-1,-1,-1,-1,-1,-1,-1,-1,-1,-1,-1,-1
-1,-1,-1,-1,-1,-1,-1,0,1,1,1,1,1,1,1,2,2,1,0,3,5,4,4,4,4,3,-1,-1,-1,-1,-1,-1,-1,-1,-1,-1,-1,-1,-1,-1,-1,-1,-1,-1,-1,-1,-1,-1,-1,-1,-1,-1,-1,-1,-1,-1,-1,-1,-1,-1,-1,-1,-1,-1,-1,-1,-1,-1,-1,-1
-1,-1,-1,-1,-1,-1,-1,-1,0,1,1,1,1,1,1,1,2,1,1,3,5,4,4,4,4,3,-1,-1,-1,-1,-1,-1,-1,-1,-1,-1,-1,-1,-1,-1,-1,-1,-1,-1,-1,-1,-1,-1,-1,-1,-1,-1,-1,-1,-1,-1,-1,-1,-1,-1,-1,-1,-1,-1,-1,-1,-1,-1,-1,-1
-1,-1,-1,-1,-1,-1,-1,-1,-1,0,1,1,1,1,1,1,1,1,1,3,5,5,4,4,3,3,3,3,-1,-1,-1,-1,-1,-1,-1,-1,-1,-1,-1,-1,-1,-1,-1,-1,-1,-1,-1,-1,-1,-1,-1,-1,-1,-1,-1,-1,-1,-1,-1,-1,-1,-1,-1,-1,-1,-1,-1,-1,-1,-1
-1,-1,-1,-1,-1,-1,-1,-1,-1,-1,0,1,1,1,1,1,1,1,1,3,5,5,4,3,5,5,5,5,3,-1,-1,-1,-1,-1,-1,-1,-1,-1,-1,-1,-1,-1,-1,-1,-1,-1,-1,-1,-1,-1,-1,-1,-1,-1,-1,-1,-1,-1,-1,-1,-1,-1,-1,-1,-1,-1,-1,-1,-1,-1
-1,-1,-1,-1,-1,-1,-1,-1,3,3,3,0,1,1,1,1,1,1,1,1,3,5,3,5,5,5,4,4,4,3,-1,-1,-1,-1,-1,-1,-1,-1,-1,-1,-1,-1,-1,-1,-1,-1,-1,-1,-1,-1,-1,-1,-1,-1,-1,-1,-1,-1,-1,-1,-1,-1,-1,-1,-1,-1,-1,-1,-1,-1
-1,-1,-1,-1,-1,-1,-1,3,5,5,5,3,3,1,1,1,1,1,1,1,3,5,3,5,5,4,4,4,4,4,3,-1,-1,-1,-1,-1,-1,-1,-1,-1,-1,-1,-1,-1,-1,-1,-1,-1,-1,-1,-1,-1,-1,-1,-1,-1,-1,-1,-1,-1,-1,-1,-1,-1,-1,-1,-1,-1,-1,-1
-1,-1,-1,-1,-1,-1,-1,3,5,5,5,5,5,3,3,1,1,1,1,1,3,5,3,5,4,4,4,4,4,4,4,3,-1,-1,-1,-1,-1,-1,-1,-1,-1,-1,-1,-1,-1,-1,-1,-1,-1,-1,-1,-1,-1,-1,-1,-1,-1,-1,-1,-1,-1,-1,-1,-1,-1,-1,-1,-1,-1,-1
-1,-1,-1,-1,-1,-1,-1,3,4,4,4,4,5,5,5,3,3,3,1,3,3,3,3,5,4,4,4,4,4,4,4,3,-1,-1,-1,-1,-1,-1,-1,-1,-1,-1,-1,-1,-1,-1,-1,-1,-1,-1,-1,-1,-1,-1,-1,-1,-1,-1,-1,-1,-1,-1,-1,-1,-1,-1,-1,-1,-1,-1
-1,-1,-1,-1,-1,-1,-1,3,4,4,4,4,4,4,4,4,4,4,3,5,5,5,5,3,4,4,4,4,4,4,4,3,-1,-1,-1,-1,-1,-1,-1,-1,-1,-1,-1,-1,-1,-1,-1,-1,-1,-1,-1,-1,-1,-1,-1,-1,-1,-1,-1,-1,-1,-1,-1,-1,-1,-1,-1,-1,-1,-1
-1,-1,-1,-1,-1,-1,-1,3,4,4,4,4,4,4,4,4,4,4,3,5,5,4,4,5,3,4,4,4,4,3,3,-1,-1,-1,-1,-1,-1,-1,-1,-1,-1,-1,-1,-1,-1,-1,-1,-1,-1,-1,-1,-1,-1,-1,-1,-1,-1,-1,-1,-1,-1,-1,-1,-1,-1,-1,-1,-1,-1,-1
-1,-1,-1,-1,-1,-1,-1,-1,3,3,3,3,4,3,3,3,3,3,3,3,5,4,4,4,4,3,3,3,3,-1,-1,-1,-1,3,3,3,3,3,3,3,3,3,3,3,3,3,3,3,3,3,3,-1,-1,-1,-1,-1,-1,-1,-1,-1,-1,-1,-1,-1,-1,-1,-1,-1,-1,-1
-1,-1,-1,-1,-1,-1,-1,-1,-1,-1,-1,-1,3,5,5,5,5,5,5,5,3,4,4,4,4,3,1,1,1,0,3,3,3,6,6,7,7,7,7,7,7,7,7,7,7,7,7,7,7,7,7,3,3,-1,-1,-1,-1,-1,-1,-1,-1,-1,-1,-1,-1,-1,-1,-1,-1,-1
-1,-1,-1,-1,-1,-1,-1,-1,-1,-1,-1,3,5,5,5,5,5,5,4,4,4,3,4,4,4,3,1,1,3,3,6,6,6,6,6,6,7,7,7,7,7,7,7,7,7,7,7,7,7,7,7,7,7,3,-1,-1,-1,-1,-1,-1,-1,-1,-1,-1,-1,-1,-1,-1,-1,-1
-1,-1,-1,-1,-1,-1,-1,-1,-1,-1,-1,3,5,5,5,4,4,4,4,4,3,1,3,3,3,3,3,3,6,6,6,6,6,6,6,1,1,8,8,7,7,7,7,7,7,7,7,7,7,7,7,7,7,7,3,-1,-1,-1,-1,-1,-1,-1,-1,-1,-1,-1,-1,-1,-1,-1
-1,-1,-1,-1,-1,-1,-1,-1,-1,-1,-1,3,5,5,4,4,4,4,4,4,3,1,1,1,3,3,6,6,6,6,1,1,1,1,1,1,1,1,8,8,8,8,8,8,8,7,7,7,7,7,7,7,7,7,7,3,-1,-1,-1,-1,-1,-1,-1,-1,-1,-1,-1,-1,-1,-1
-1,-1,-1,-1,-1,-1,-1,-1,-1,-1,-1,-1,3,4,4,4,4,4,4,3,-1,0,1,3,6,6,6,6,1,1,1,1,1,1,1,1,1,1,8,8,8,8,8,8,8,8,8,8,8,7,7,7,7,7,7,7,3,-1,-1,-1,-1,-1,-1,-1,-1,-1,-1,-1,-1,-1
-1,-1,-1,-1,-1,-1,-1,-1,-1,-1,-1,-1,-1,3,4,4,4,4,4,3,-1,-1,3,6,6,6,1,1,1,1,1,1,1,1,1,1,1,1,1,8,8,8,8,8,8,8,8,8,8,8,8,7,7,7,7,7,7,3,3,-1,-1,-1,-1,-1,-1,-1,-1,-1,-1,-1
-1,-1,-1,-1,-1,-1,-1,-1,-1,-1,-1,-1,-1,-1,3,3,4,4,3,-1,-1,3,6,6,1,1,1,1,1,1,1,1,1,1,1,1,1,1,1,8,8,8,8,8,8,8,8,8,8,8,8,8,8,7,7,7,7,3,6,3,3,-1,-1,-1,-1,-1,-1,-1,-1,-1
-1,-1,-1,-1,-1,-1,-1,-1,-1,-1,-1,-1,-1,-1,-1,-1,3,3,-1,-1,3,6,6,1,1,1,1,1,1,1,1,1,1,1,1,1,1,1,1,1,8,8,8,8,8,8,8,8,8,8,8,8,8,8,7,7,7,7,3,6,6,3,-1,-1,-1,-1,-1,-1,-1,-1
-1,-1,-1,-1,-1,-1,-1,-1,-1,-1,-1,-1,-1,-1,-1,-1,-1,-1,-1,3,6,1,1,1,1,1,1,1,1,1,1,1,1,1,1,1,1,1,1,1,8,8,8,8,8,8,8,8,8,8,8,8,8,8,8,8,7,7,7,3,6,6,3,-1,-1,-1,-1,-1,-1,-1
-1,-1,-1,-1,-1,-1,-1,-1,-1,-1,-1,-1,-1,-1,-1,-1,-1,-1,3,6,1,1,1,1,1,1,1,1,1,1,1,1,1,1,1,1,1,1,1,1,8,8,8,8,8,8,8,8,8,8,8,8,8,8,8,8,8,7,7,3,6,6,6,3,-1,-1,-1,-1,-1,-1
-1,-1,-1,-1,-1,-1,-1,-1,-1,-1,-1,-1,-1,-1,-1,-1,-1,3,6,1,1,1,1,1,1,1,1,1,1,1,1,1,1,1,1,1,1,1,1,1,1,8,8,8,8,8,8,8,8,8,8,8,8,8,8,8,8,8,7,7,3,6,6,6,3,-1,-1,-1,-1,-1
-1,-1,-1,-1,-1,-1,-1,-1,-1,-1,-1,-1,-1,-1,-1,-1,-1,3,1,1,1,1,1,1,1,1,1,1,1,1,1,1,1,1,1,1,1,1,1,1,1,8,8,8,8,8,8,8,8,8,8,8,8,8,8,8,8,8,8,7,3,6,6,6,7,3,-1,-1,-1,-1
-1,-1,-1,-1,-1,-1,-1,-1,-1,-1,-1,-1,-1,-1,-1,-1,3,1,1,1,1,1,1,1,1,1,1,1,1,1,1,1,1,1,1,1,3,3,3,3,3,3,3,3,3,8,8,8,8,8,8,8,8,8,8,8,8,8,8,8,7,3,6,6,7,7,3,-1,-1,-1
-1,-1,-1,-1,-1,-1,-1,-1,-1,-1,-1,-1,-1,-1,-1,3,1,1,1,1,1,1,1,1,1,1,1,1,1,1,1,1,1,1,3,3,6,6,6,6,6,6,6,6,6,3,3,8,8,8,8,8,8,8,8,8,8,8,8,8,8,3,6,7,7,7,7,3,-1,-1
-1,-1,-1,-1,-1,-1,-1,-1,-1,-1,-1,-1,-1,-1,3,1,1,1,1,8,8,8,8,8,1,1,1,1,1,1,1,1,3,3,6,6,6,6,6,6,6,6,6,6,6,6,6,3,8,8,8,8,8,8,8,8,8,8,8,8,8,8,3,7,7,7,7,3,-1,-1
-1,-1,-1,-1,-1,-1,-1,-1,-1,-1,-1,-1,-1,-1,3,1,8,8,8,8,8,8,8,8,8,8,8,8,8,1,3,3,7,6,6,6,6,6,6,6,6,6,6,6,6,6,6,7,3,8,8,8,8,8,8,8,8,8,8,8,8,8,3,7,7,8,8,3,-1,-1
-1,-1,-1,-1,-1,-1,-1,-1,-1,-1,-1,-1,-1,-1,3,8,8,8,8,8,8,8,8,8,8,8,8,8,8,3,7,7,7,7,7,6,1,1,1,1,1,1,6,6,6,6,6,6,7,3,8,8,8,8,8,8,8,8,8,8,8,8,3,7,8,8,8,8,3,-1
-1,-1,-1,-1,-1,-1,-1,-1,-1,-1,-1,-1,-1,-1,3,8,8,8,8,8,8,8,8,8,8,8,8,8,3,7,7,7,7,8,8,8,1,1,1,1,1,1,1,1,1,1,6,6,6,7,3,8,8,8,8,8,8,8,8,8,8,8,3,7,8,8,8,8,3,-1
-1,-1,-1,-1,-1,-1,-1,-1,-1,-1,-1,-1,-1,3,8,8,8,8,8,8,8,8,8,8,8,8,8,3,7,7,7,8,8,8,8,8,8,1,1,1,1,1,1,1,1,1,1,1,6,7,3,8,8,8,8,8,8,8,8,8,8,8,8,3,8,8,8,8,3,-1
-1,-1,-1,-1,-1,-1,-1,-1,-1,-1,-1,-1,-1,3,8,8,8,8,8,8,8,8,8,8,8,8,3,7,7,7,8,8,8,8,8,8,8,8,1,1,1,1,1,1,1,1,1,1,1,7,7,3,8,8,8,8,8,8,8,8,8,8,8,3,8,8,8,8,3,-1
-1,-1,-1,-1,-1,-1,-1,-1,-1,-1,-1,-1,-1,3,8,8,8,8,8,8,8,8,8,8,8,8,3,7,7,8,8,8,8,8,8,8,8,8,1,1,1,1,1,1,1,1,1,1,1,8,7,3,8,8,8,8,8,8,8,8,8,8,8,3,8,8,8,8,3,-1
-1,-1,-1,-1,-1,-1,-1,-1,-1,-1,-1,-1,-1,3,8,8,8,8,8,8,8,8,8,8,8,3,7,7,7,8,8,8,8,8,8,8,8,8,8,1,1,1,1,1,1,1,1,1,8,8,8,3,8,8,8,8,8,8,8,8,8,8,8,3,8,8,8,8,3,-1
-1,-1,-1,-1,-1,-1,-1,-1,-1,-1,-1,-1,-1,3,8,8,8,8,8,8,8,8,8,8,8,3,7,7,8,8,8,8,8,8,8,8,8,8,8,1,1,1,1,1,1,1,1,1,8,8,8,7,3,8,8,8,8,8,8,8,8,8,1,3,8,8,8,8,8,3
-1,-1,-1,-1,-1,-1,-1,-1,-1,-1,-1,-1,3,9,8,8,8,8,8,8,8,8,8,8,8,3,7,8,8,8,8,8,8,8,8,8,8,8,8,8,1,1,1,1,1,1,1,8,8,8,8,8,3,8,8,8,8,8,8,8,8,8,1,3,8,8,8,8,8,3
-1,-1,-1,-1,-1,-1,-1,-1,-1,-1,-1,-1,3,9,8,8,8,8,8,8,8,8,8,8,3,7,7,8,8,8,8,8,8,8,8,8,8,8,3,3,3,3,3,3,1,1,8,8,8,8,8,8,3,8,8,8,8,8,8,8,8,1,1,3,8,8,8,8,8,3
-1,-1,-1,-1,-1,-1,-1,-1,-1,-1,-1,-1,3,9,8,8,8,8,8,8,8,8,8,8,3,8,8,8,8,8,8,8,8,8,8,8,3,3,7,7,7,7,7,7,3,8,8,8,8,8,8,8,3,8,8,8,8,8,8,1,1,1,1,3,8,8,8,8,8,3
-1,-1,-1,-1,-1,-1,-1,-1,-1,-1,-1,-1,3,9,8,8,8,8,8,8,8,8,8,8,3,8,8,8,8,8,8,8,8,8,8,3,7,7,7,8,8,8,7,7,3,8,8,8,8,8,8,8,3,8,8,8,8,1,1,1,1,1,1,3,8,8,8,8,8,3
-1,-1,-1,-1,-1,-1,-1,-1,-1,-1,-1,-1,3,9,8,8,8,8,8,8,8,8,8,8,3,9,8,8,8,8,8,8,1,1,3,7,7,7,8,8,8,8,8,8,7,3,8,8,8,8,8,8,3,1,1,1,1,1,1,1,1,1,1,3,8,8,8,8,8,3
-1,-1,-1,-1,-1,-1,-1,-1,-1,-1,-1,-1,3,9,8,8,8,8,8,8,8,8,8,8,3,9,8,8,1,1,1,1,1,1,3,7,8,8,8,8,8,8,8,8,8,3,8,8,8,8,8,8,3,1,1,1,1,1,1,1,1,1,1,3,8,8,8,8,8,3
-1,-1,-1,-1,-1,-1,-1,-1,-1,-1,-1,-1,-1,3,9,8,8,8,8,8,8,8,8,8,3,9,1,1,1,1,1,1,1,1,3,7,8,8,8,8,8,3,8,8,8,3,8,8,8,8,8,8,3,1,1,1,1,1,1,1,1,1,1,3,8,8,8,8,8,3
-1,-1,-1,-1,-1,-1,-1,-1,-1,-1,-1,-1,-1,3,9,8,8,8,8,8,8,8,8,8,3,9,1,1,1,1,1,1,1,1,3,8,8,8,8,8,8,3,8,8,8,3,8,8,8,8,8,8,3,1,1,1,1,1,1,1,1,1,3,8,8,8,8,8,8,3
-1,-1,-1,-1,-1,-1,-1,-1,-1,-1,-1,-1,-1,3,9,8,8,8,8,8,8,8,8,8,3,9,1,1,1,1,1,1,1,1,3,8,8,8,8,8,8,8,3,3,3,8,8,8,8,8,8,8,3,1,1,1,1,1,1,1,1,1,3,8,8,8,8,8,1,3
-1,-1,-1,-1,-1,-1,-1,-1,-1,-1,-1,-1,-1,3,9,8,8,8,8,8,8,8,8,8,3,9,1,1,1,1,1,1,1,1,3,8,8,8,8,8,8,1,1,1,1,1,8,8,8,8,8,3,1,1,1,1,1,1,1,1,1,1,3,8,8,8,1,1,1,3
-1,-1,-1,-1,-1,-1,-1,-1,-1,-1,-1,-1,-1,3,9,8,8,8,8,8,8,8,8,8,3,9,1,1,1,1,1,1,1,1,3,9,8,8,8,8,8,1,1,1,1,1,1,8,8,8,9,3,1,1,1,1,1,1,1,1,1,1,3,1,1,1,1,1,1,3
-1,-1,-1,-1,-1,-1,-1,-1,-1,-1,-1,-1,-1,3,9,8,8,8,8,8,8,8,8,8,3,9,1,1,1,1,1,1,1,1,1,3,9,8,8,8,8,1,1,1,1,1,1,1,8,9,3,1,1,1,1,1,1,1,1,1,1,1,3,1,1,1,1,1,3,-1
-1,-1,-1,-1,-1,-1,-1,-1,-1,-1,-1,-1,-1,-1,3,9,8,8,8,8,8,8,8,8,8,3,9,1,1,1,1,1,1,1,1,3,9,8,8,8,1,1,1,1,1,1,1,1,9,9,3,8,1,1,1,1,1,1,1,1,1,3,1,1,1,1,1,1,3,-1
-1,-1,-1,-1,-1,-1,-1,-1,-1,-1,-1,-1,-1,-1,3,9,8,8,8,8,8,8,8,8,8,3,9,1,1,1,1,1,1,1,8,8,3,9,9,8,1,1,1,1,1,1,9,9,3,3,8,8,8,8,1,1,1,1,1,1,1,3,1,1,1,1,1,1,3,-1
-1,-1,-1,-1,-1,-1,-1,-1,-1,-1,-1,-1,-1,-1,3,9,8,8,8,8,8,8,8,8,8,1,3,9,1,1,1,1,1,8,8,8,8,3,3,9,9,9,9,9,9,9,3,3,8,8,8,8,8,8,8,8,8,8,8,8,3,1,1,1,1,1,1,1,3,-1
-1,-1,-1,-1,-1,-1,-1,-1,-1,-1,-1,-1,-1,-1,-1,3,9,8,8,8,8,8,8,8,1,1,3,9,1,1,1,1,1,8,8,8,8,8,8,3,3,3,3,3,3,3,8,8,8,8,8,8,8,8,8,8,8,8,8,8,3,1,1,1,1,1,1,1,3,-1
-1,-1,-1,-1,-1,-1,-1,-1,-1,-1,-1,-1,-1,-1,-1,3,9,8,8,8,8,8,8,8,1,1,3,9,1,1,1,1,8,8,8,8,8,8,8,8,8,8,8,8,8,8,8,8,8,8,8,8,8,8,8,8,8,8,8,3,1,1,1,1,1,1,9,3,-1,-1
-1,-1,-1,-1,-1,-1,-1,-1,-1,-1,-1,-1,-1,-1,-1,-1,3,9,8,8,8,8,8,1,1,1,1,3,9,1,1,1,8,8,8,8,8,8,8,8,8,8,8,8,8,8,8,8,8,8,8,8,8,8,8,8,8,8,3,1,1,1,1,1,1,1,9,3,-1,-1
-1,-1,-1,-1,-1,-1,-1,-1,-1,-1,-1,-1,-1,-1,-1,-1,3,9,8,8,8,8,8,1,1,1,1,1,3,9,1,8,8,8,8,8,8,8,8,8,8,8,8,8,8,8,8,8,8,8,8,8,8,8,8,8,9,3,1,1,1,1,1,1,1,9,3,-1,-1,-1
-1,-1,-1,-1,-1,-1,-1,-1,-1,-1,-1,-1,-1,-1,-1,-1,3,9,8,8,8,8,8,1,1,1,1,1,3,9,9,8,8,8,8,8,8,8,8,8,8,8,8,8,8,8,8,8,8,8,8,8,8,8,9,9,3,1,1,1,1,1,1,1,1,9,3,-1,-1,-1
-1,-1,-1,-1,-1,-1,-1,-1,-1,-1,-1,-1,-1,-1,-1,-1,-1,3,9,8,8,8,1,1,1,1,1,1,1,3,3,9,9,8,8,8,8,8,8,8,8,8,8,8,8,8,8,8,8,8,8,9,9,9,3,3,1,1,1,1,1,1,1,1,1,3,-1,-1,-1,-1
-1,-1,-1,-1,-1,-1,-1,-1,-1,-1,-1,-1,-1,-1,-1,-1,-1,3,9,8,8,8,1,1,1,1,1,1,1,1,1,3,3,9,9,9,8,8,8,8,8,8,8,8,8,8,8,8,9,9,9,3,3,3,8,8,8,8,1,1,1,1,1,1,9,3,-1,-1,-1,-1
-1,-1,-1,-1,-1,-1,-1,-1,-1,-1,-1,-1,-1,-1,-1,-1,-1,-1,3,9,8,8,1,1,1,1,1,1,1,1,1,1,1,3,3,3,9,9,9,9,9,9,9,9,9,9,9,9,3,3,3,8,8,8,8,8,8,8,8,8,8,1,1,9,3,-1,-1,-1,-1,-1
-1,-1,-1,-1,-1,-1,-1,-1,-1,-1,-1,-1,-1,-1,-1,-1,-1,-1,-1,3,9,8,1,1,1,1,1,1,1,1,1,1,1,1,8,8,3,3,3,3,3,3,3,3,3,3,3,3,8,8,8,8,8,8,8,8,8,8,8,8,8,8,9,3,-1,-1,-1,-1,-1,-1
-1,-1,-1,-1,-1,-1,-1,-1,-1,-1,-1,-1,-1,-1,-1,-1,-1,-1,-1,3,9,8,1,1,1,1,1,1,1,1,1,1,1,1,8,8,8,8,8,8,8,8,8,8,8,8,8,8,8,8,8,8,8,8,8,8,8,8,8,8,8,9,3,-1,-1,-1,-1,-1,-1,-1
-1,-1,-1,-1,-1,-1,-1,-1,-1,-1,-1,-1,-1,-1,-1,-1,-1,-1,-1,-1,3,9,9,1,1,1,1,1,1,1,1,1,1,1,8,8,8,8,8,8,8,8,8,8,8,8,8,8,8,8,8,8,8,8,8,8,8,8,8,8,9,3,-1,-1,-1,-1,-1,-1,-1,-1
-1,-1,-1,-1,-1,-1,-1,-1,-1,-1,-1,-1,-1,-1,-1,-1,-1,-1,-1,-1,-1,3,3,9,1,1,1,1,1,1,1,1,1,1,8,8,8,8,8,8,8,8,8,8,8,8,8,8,8,8,8,8,8,8,8,8,8,8,9,9,3,-1,-1,-1,-1,-1,-1,-1,-1,-1
-1,-1,-1,-1,-1,-1,-1,-1,-1,-1,-1,-1,-1,-1,-1,-1,-1,-1,-1,-1,-1,-1,-1,3,9,1,1,1,1,1,1,1,1,1,1,8,8,8,8,8,8,8,8,8,8,8,8,8,8,8,8,8,8,8,8,8,8,9,3,3,-1,-1,-1,-1,-1,-1,-1,-1,-1,-1
-1,-1,-1,-1,-1,-1,-1,-1,-1,-1,-1,-1,-1,-1,-1,-1,-1,-1,-1,-1,-1,-1,-1,-1,3,9,9,1,1,1,1,1,1,1,1,8,8,8,8,8,8,8,8,8,8,8,8,8,8,8,8,8,8,8,8,8,9,3,-1,-1,-1,-1,-1,-1,-1,-1,-1,-1,-1,-1
-1,-1,-1,-1,-1,-1,-1,-1,-1,-1,-1,-1,-1,-1,-1,-1,-1,-1,-1,-1,-1,-1,-1,-1,-1,3,3,9,9,1,1,1,1,1,1,8,8,8,8,8,8,8,8,8,8,8,8,8,8,8,8,8,8,9,9,9,3,-1,-1,-1,-1,-1,-1,-1,-1,-1,-1,-1,-1,-1
-1,-1,-1,-1,-1,-1,-1,-1,-1,-1,-1,-1,-1,-1,-1,-1,-1,-1,-1,-1,-1,-1,-1,-1,-1,-1,-1,3,3,9,9,9,9,9,1,8,8,8,8,8,8,8,8,8,8,8,8,8,9,9,9,9,9,3,3,3,-1,-1,-1,-1,-1,-1,-1,-1,-1,-1,-1,-1,-1,-1
-1,-1,-1,-1,-1,-1,-1,-1,-1,-1,-1,-1,-1,-1,-1,-1,-1,-1,-1,-1,-1,-1,-1,-1,-1,-1,-1,-1,-1,3,3,3,3,3,9,9,9,9,9,9,9,9,9,9,9,9,9,9,3,3,3,3,3,-1,-1,-1,-1,-1,-1,-1,-1,-1,-1,-1,-1,-1,-1,-1,-1,-1
-1,-1,-1,-1,-1,-1,-1,-1,-1,-1,-1,-1,-1,-1,-1,-1,-1,-1,-1,-1,-1,-1,-1,-1,-1,-1,-1,-1,-1,-1,-1,-1,-1,-1,3,3,3,3,3,3,3,3,3,3,3,3,3,3,-1,-1,-1,-1,-1,-1,-1,-1,-1,-1,-1,-1,-1,-1,-1,-1,-1,-1,-1,-1,-1,-1
0.345098,0.345098,0.345098
0.7411765,0.7411765,0.7411765
0.8392158,0.8392158,0.8392158
0.2352941,0.2352941,0.2352941
0.7568628,0.7568628,0.7568628
0.4901961,0.4901961,0.4901961
0.627451,0.627451,0.627451
0.3137255,0.3137255,0.3137255
0.4627451,0.4627451,0.4627451
1,1,1
