70,80,
-1,-1,0,0,0,0,-1,-1,-1,-1,-1,-1,-1,-1,-1,-1,-1,-1,-1,-1,-1,-1,-1,-1,-1,-1,-1,-1,-1,-1,-1,-1,-1,-1,-1,-1,-1,-1,-1,-1,-1,-1,-1,-1,-1,-1,-1,-1,-1,-1,-1,-1,-1,-1,-1,-1,-1,-1,-1,-1,-1,-1,-1,-1,-1,-1,-1,-1,-1,-1
-1,0,1,1,2,2,0,-1,-1,-1,-1,-1,-1,-1,-1,-1,-1,-1,-1,-1,-1,-1,-1,-1,-1,-1,-1,-1,-1,-1,-1,-1,-1,-1,-1,-1,-1,-1,-1,-1,-1,-1,-1,-1,-1,-1,-1,-1,-1,-1,-1,-1,-1,-1,-1,-1,-1,-1,-1,-1,-1,-1,-1,-1,-1,-1,-1,-1,-1,-1
0,1,1,1,1,2,2,0,-1,-1,-1,-1,-1,-1,-1,-1,-1,-1,-1,-1,-1,-1,-1,-1,-1,-1,-1,-1,-1,-1,-1,-1,-1,-1,-1,-1,-1,-1,-1,-1,-1,-1,-1,-1,-1,-1,-1,-1,-1,-1,-1,-1,-1,-1,-1,-1,-1,-1,-1,-1,-1,-1,-1,-1,-1,-1,-1,-1,-1,-1
0,1,1,1,1,1,2,2,0,-1,-1,-1,-1,-1,-1,-1,-1,-1,-1,-1,-1,-1,-1,-1,-1,-1,-1,-1,-1,-1,-1,-1,-1,-1,-1,-1,-1,-1,-1,-1,-1,-1,-1,-1,-1,-1,-1,-1,-1,-1,-1,-1,-1,-1,-1,-1,-1,-1,-1,-1,-1,-1,-1,-1,-1,-1,-1,-1,-1,-1
0,1,1,1,1,1,2,2,2,0,-1,-1,-1,-1,-1,-1,-1,-1,-1,-1,-1,-1,-1,-1,-1,-1,-1,-1,-1,-1,-1,-1,-1,-1,-1,-1,-1,-1,-1,-1,-1,-1,-1,-1,-1,-1,-1,-1,-1,-1,-1,-1,-1,-1,-1,-1,-1,-1,-1,-1,-1,-1,-1,-1,-1,-1,-1,-1,-1,-1
0,1,1,1,1,1,1,2,2,2,0,-1,-1,-1,-1,-1,-1,-1,-1,-1,-1,-1,-1,-1,-1,-1,-1,-1,-1,-1,-1,-1,-1,-1,-1,-1,-1,-1,-1,-1,-1,-1,-1,-1,-1,-1,-1,-1,-1,-1,-1,-1,-1,-1,-1,-1,-1,-1,-1,-1,-1,-1,-1,-1,-1,-1,-1,-1,-1,-1
-1,0,1,1,1,1,1,1,2,2,2,0,-1,-1,-1,-1,-1,-1,-1,-1,-1,-1,-1,-1,-1,-1,-1,-1,-1,-1,-1,-1,-1,-1,-1,-1,-1,-1,-1,-1,-1,-1,-1,-1,-1,-1,-1,-1,-1,-1,-1,-1,-1,-1,-1,-1,-1,-1,-1,-1,-1,-1,-1,-1,-1,-1,-1,-1,-1,-1
-1,-1,0,1,1,1,1,1,1,2,2,2,0,-1,-1,-1,-1,-1,-1,-1,-1,-1,-1,-1,-1,-1,-1,-1,-1,-1,-1,-1,-1,-1,-1,-1,-1,-1,-1,-1,-1,-1,-1,-1,-1,-1,-1,-1,-1,-1,-1,-1,-1,-1,-1,-1,-1,-1,-1,-1,-1,-1,-1,-1,-1,-1,-1,-1,-1,-1
-1,-1,-1,0,1,1,1,1,1,1,2,2,2,0,-1,-1,-1,-1,-1,-1,-1,3,3,3,3,3,-1,-1,-1,-1,-1,-1,-1,-1,-1,-1,-1,-1,-1,-1,-1,-1,-1,-1,-1,-1,-1,-1,-1,-1,-1,-1,-1,-1,-1,-1,-1,-1,-1,-1,-1,-1,-1,-1,-1,-1,-1,-1,-1,-1
-1,-1,-1,-1,0,1,1,1,1,1,1,2,2,2,0,-1,-1,-1,-1,-1,3,4,4,4,4,4,3,-1,-1,-1,-1,-1,-1,-1,-1,-1,-1,-1,-1,-1,-1,-1,-1,-1,-1,-1,-1,-1,-1,-1,-1,-1,-1,-1,-1,-1,-1,-1,-1,-1,-1,-1,-1,-1,-1,-1,-1,-1,-1,-1
-1,-1,-1,-1,-1,0,1,1,1,1,1,1,2,2,2,0,-1,-1,-1,3,5,4,4,4,4,4,3,-1,-1,-1,-1,-1,-1,-1,-1,-1,-1,-1,-1,-1,-1,-1,-1,-1,-1,-1,-1,-1,-1,-1,-1,-1,-1,-1,-1,-1,-1,-1,-1,-1,-1,-1,-1,-1,-1,-1,-1,-1,-1,-1
-1,-1,-1,-1,-1,0,1,1,1,1,1,1,1,2,2,2,0,-1,-1,3,5,4,4,4,4,4,3,-1,-1,-1,-1,-1,-1,-1,-1,-1,-1,-1,-1,-1,-1,-1,-1,-1,-1,-1,-1,-1,-1,-1,-1,-1,-1,-1,-1,-1,-1,-1,-1,-1,-1,-1,-1,-1,-1,-1,-1,-1,-1,-1
-1,-1,-1,-1,-1,-1,0,1,1,1,1,1,1,1,2,2,2,0,-1,3,5,4,4,4,4,4,3,-1,-1,-1,-1,-1,-1,-1,-1,-1,-1,-1,-1,-1,-1,-1,-1,-1,-1,-1,-1,-1,-1,-1,-1,-1,-1,-1,-1,-1,-1,-1,-1,-1,-1,-1,-1,-1,-1,-1,-1,-1,-1,-1
-1,-1,-1,-1,-1,-1,-1,0,1,1,1,1,1,1,1,2,2,1,0,3,5,4,4,4,4,3,-1,-1,-1,-1,-1,-1,-1,-1,-1,-1,-1,-1,-1,-1,-1,-1,-1,-1,-1,-1,-1,-1,-1,-1,-1,-1,-1,-1,-1,-1,-1,-1,-1,-1,-1,-1,-1,-1,-1,-1,-1,-1,-1,-1
-1,-1,-1,-1,-1,-1,-1,-1,0,1,1,1,1,1,1,1,2,1,1,3,5,4,4,4,4,3,-1,-1,-1,-1,-1,-1,-1,-1,-1,-1,-1,-1,-1,-1,-1,-1,-1,-1,-1,-1,-1,-1,-1,-1,-1,-1,-1,-1,-1,-1,-1,-1,-1,-1,-1,-1,-1,-1,-1,-1,-1,-1,-1,-1
-1,-1,-1,-1,-1,-1,-1,-1,-1,0,1,1,1,1,1,1,1,1,1,3,5,5,4,4,3,3,3,3,-1,-1,-1,-1,-1,-1,-1,-1,-1,-1,-1,-1,-1,-1,-1,-1,-1,-1,-1,-1,-1,-1,-1,-1,-1,-1,-1,-1,-1,-1,-1,-1,-1,-1,-1,-1,-1,-1,-1,-1,-1,-1
-1,-1,-1,-1,-1,-1,-1,-1,-1,-1,0,1,1,1,1,1,1,1,1,3,5,5,4,3,5,5,5,5,3,-1,-1,-1,-1,-1,-1,-1,-1,-1,-1,-1,-1,-1,-1,-1,-1,-1,-1,-1,-1,-1,-1,-1,-1,-1,-1,-1,-1,-1,-1,-1,-1,-1,-1,-1,-1,-1,-1,-1,-1,-1
-1,-1,-1,-1,-1,-1,-1,-1,3,3,3,0,1,1,1,1,1,1,1,1,3,5,3,5,5,5,4,4,4,3,-1,-1,-1,-1,-1,-1,-1,-1,-1,-1,-1,-1,-1,-1,-1,-1,-1,-1,-1,-1,-1,-1,-1,-1,-1,-1,-1,-1,-1,-1,-1,-1,-1,-1,-1,-1,-1,-1,-1,-1
-1,-1,-1,-1,-1,-1,-1,3,5,5,5,3,3,1,1,1,1,1,1,1,3,5,3,5,5,4,4,4,4,4,3,-1,-1,-1,-1,-1,-1,-1,-1,-1,-1,-1,-1,-1,-1,-1,-1,-1,-1,-1,-1,-1,-1,-1,-1,-1,-1,-1,-1,-1,-1,-1,-1,-1,-1,-1,-1,-1,-1,-1
-1,-1,-1,-1,-1,-1,-1,3,5,5,5,5,5,3,3,1,1,1,1,1,3,5,3,5,4,4,4,4,4,4,4,3,-1,-1,-1,-1,-1,-1,-1,-1,-1,-1,-1,-1,-1,-1,-1,-1,-1,-1,-1,-1,-1,-1,-1,-1,-1,-1,-1,-1,-1,-1,-1,-1,-1,-1,-1,-1,-1,-1
-1,-1,-1,-1,-1,-1,-1,3,4,4,4,4,5,5,5,3,3,3,1,3,3,3,3,5,4,4,4,4,4,4,4,3,-1,-1,-1,-1,-1,-1,-1,-1,-1,-1,-1,-1,-1,-1,-1,-1,-1,-1,-1,-1,-1,-1,-1,-1,-1,-1,-1,-1,-1,-1,-1,-1,-1,-1,-1,-1,-1,-1
-1,-1,-1,-1,-1,-1,-1,3,4,4,4,4,4,4,4,4,4,4,3,5,5,5,5,3,4,4,4,4,4,4,4,3,-1,-1,-1,-1,-1,-1,-1,-1,-1,-1,-1,-1,-1,-1,-1,-1,-1,-1,-1,-1,-1,-1,-1,-1,-1,-1,-1,-1,-1,-1,-1,-1,-1,-1,-1,-1,-1,-1
-1,-1,-1,-1,-1,-1,-1,3,4,4,4,4,4,4,4,4,4,4,3,5,5,4,4,5,3,4,4,4,4,3,3,-1,-1,-1,-1,-1,-1,-1,-1,-1,-1,-1,-1,-1,-1,-1,-1,-1,-1,-1,-1,-1,-1,-1,-1,-1,-1,-1,-1,-1,-1,-1,-1,-1,-1,-1,-1,-1,-1,-1
-1,-1,-1,-1,-1,-1,-1,-1,3,3,3,3,4,3,3,3,3,3,3,3,5,4,4,4,4,3,3,3,3,-1,-1,-1,-1,3,3,3,3,3,3,3,3,3,3,3,3,3,3,3,3,3,3,-1,-1,-1,-1,-1,-1,-1,-1,-1,-1,-1,-1,-1,-1,-1,-1,-1,-1,-1
-1,-1,-1,-1,-1,-1,-1,-1,-1,-1,-1,-1,3,5,5,5,5,5,5,5,3,4,4,4,4,3,1,1,1,0,3,3,3,6,6,7,7,7,7,7,7,7,7,7,7,7,7,7,7,7,7,3,3,-1,-1,-1,-1,-1,-1,-1,-1,-1,-1,-1,-1,-1,-1,-1,-1,-1
-1,-1,-1,-1,-1,-1,-1,-1,-1,-1,-1,3,5,5,5,5,5,5,4,4,4,3,4,4,4,3,1,1,3,3,6,6,6,6,6,6,7,7,7,7,7,7,7,7,7,7,7,7,7,7,7,7,7,3,-1,-1,-1,-1,-1,-1,-1,-1,-1,-1,-1,-1,-1,-1,-1,-1
-1,-1,-1,-1,-1,-1,-1,-1,-1,-1,-1,3,5,5,5,4,4,4,4,4,3,1,3,3,3,3,3,3,6,6,6,6,6,6,6,8,8,9,9,7,7,7,7,7,7,7,7,7,7,7,7,7,7,7,3,-1,-1,-1,-1,-1,-1,-1,-1,-1,-1,-1,-1,-1,-1,-1
-1,-1,-1,-1,-1,-1,-1,-1,-1,-1,-1,3,5,5,4,4,4,4,4,4,3,1,1,1,3,3,6,6,6,6,8,8,8,8,8,8,8,8,9,9,9,9,9,9,9,7,7,7,7,7,7,7,7,7,7,3,-1,-1,-1,-1,-1,-1,-1,-1,-1,-1,-1,-1,-1,-1
-1,-1,-1,-1,-1,-1,-1,-1,-1,-1,-1,-1,3,4,4,4,4,4,4,3,-1,0,1,3,6,6,6,6,8,8,8,8,8,8,8,8,8,8,9,9,9,9,9,9,9,9,9,9,9,7,7,7,7,7,7,7,3,-1,-1,-1,-1,-1,-1,-1,-1,-1,-1,-1,-1,-1
-1,-1,-1,-1,-1,-1,-1,-1,-1,-1,-1,-1,-1,3,4,4,4,4,4,3,-1,-1,3,6,6,6,8,8,8,8,8,8,8,8,8,8,8,8,8,9,9,9,9,9,9,9,9,9,9,9,9,7,7,7,7,7,7,3,3,-1,-1,-1,-1,-1,-1,-1,-1,-1,-1,-1
-1,-1,-1,-1,-1,-1,-1,-1,-1,-1,-1,-1,-1,-1,3,3,4,4,3,-1,-1,3,6,6,8,8,8,8,8,8,8,8,8,8,8,8,8,8,8,9,9,9,9,9,9,9,9,9,9,9,9,9,9,7,7,7,7,3,6,3,3,-1,-1,-1,-1,-1,-1,-1,-1,-1
-1,-1,-1,-1,-1,-1,-1,-1,-1,-1,-1,-1,-1,-1,-1,-1,3,3,-1,-1,3,6,6,8,8,8,8,8,8,8,8,8,8,8,8,8,8,8,8,8,9,9,9,9,9,9,9,9,9,9,9,9,9,9,7,7,7,7,3,6,6,3,-1,-1,-1,-1,-1,-1,-1,-1
-1,-1,-1,-1,-1,-1,-1,-1,-1,-1,-1,-1,-1,-1,-1,-1,-1,-1,-1,3,6,8,8,8,8,8,8,8,8,8,8,8,8,8,8,8,8,8,8,8,9,9,9,9,9,9,9,9,9,9,9,9,9,9,9,9,7,7,7,3,6,6,3,-1,-1,-1,-1,-1,-1,-1
-1,-1,-1,-1,-1,-1,-1,-1,-1,-1,-1,-1,-1,-1,-1,-1,-1,-1,3,6,8,8,8,8,8,8,8,8,8,8,8,8,8,8,8,8,8,8,8,8,9,9,9,9,9,9,9,9,9,9,9,9,9,9,9,9,9,7,7,3,6,6,6,3,-1,-1,-1,-1,-1,-1
-1,-1,-1,-1,-1,-1,-1,-1,-1,-1,-1,-1,-1,-1,-1,-1,-1,3,6,8,8,8,8,8,8,8,8,8,8,8,8,8,8,8,8,8,8,8,8,8,8,9,9,9,9,9,9,9,9,9,9,9,9,9,9,9,9,9,7,7,3,6,6,6,3,-1,-1,-1,-1,-1
-1,-1,-1,-1,-1,-1,-1,-1,-1,-1,-1,-1,-1,-1,-1,-1,-1,3,8,8,8,8,8,8,8,8,8,8,8,8,8,8,8,8,8,8,8,8,8,8,8,9,9,9,9,9,9,9,9,9,9,9,9,9,9,9,9,9,9,7,3,6,6,6,7,3,-1,-1,-1,-1
-1,-1,-1,-1,-1,-1,-1,-1,-1,-1,-1,-1,-1,-1,-1,-1,3,8,8,8,8,8,8,8,8,8,8,8,8,8,8,8,8,8,8,8,3,3,3,3,3,3,3,3,3,9,9,9,9,9,9,9,9,9,9,9,9,9,9,9,7,3,6,6,7,7,3,-1,-1,-1
-1,-1,-1,-1,-1,-1,-1,-1,-1,-1,-1,-1,-1,-1,-1,3,8,8,8,8,8,8,8,8,8,8,8,8,8,8,8,8,8,8,3,3,6,6,6,6,6,6,6,6,6,3,3,9,9,9,9,9,9,9,9,9,9,9,9,9,9,3,6,7,7,7,7,3,-1,-1
-1,-1,-1,-1,-1,-1,-1,-1,-1,-1,-1,-1,-1,-1,3,8,8,8,8,9,9,9,9,9,8,8,8,8,8,8,8,8,3,3,6,6,6,6,6,6,6,6,6,6,6,6,6,3,9,9,9,9,9,9,9,9,9,9,9,9,9,9,3,7,7,7,7,3,-1,-1
-1,-1,-1,-1,-1,-1,-1,-1,-1,-1,-1,-1,-1,-1,3,8,9,9,9,9,9,9,9,9,9,9,9,9,9,8,3,3,7,6,6,6,6,6,6,6,6,6,6,6,6,6,6,7,3,9,9,9,9,9,9,9,9,9,9,9,9,9,3,7,7,9,9,3,-1,-1
-1,-1,-1,-1,-1,-1,-1,-1,-1,-1,-1,-1,-1,-1,3,9,9,9,9,9,9,9,9,9,9,9,9,9,9,3,7,7,7,7,7,6,8,8,8,8,8,8,6,6,6,6,6,6,7,3,9,9,9,9,9,9,9,9,9,9,9,9,3,7,9,9,9,9,3,-1
-1,-1,-1,-1,-1,-1,-1,-1,-1,-1,-1,-1,-1,-1,3,9,9,9,9,9,9,9,9,9,9,9,9,9,3,7,7,7,7,9,9,9,8,8,8,8,8,8,8,8,8,8,6,6,6,7,3,9,9,9,9,9,9,9,9,9,9,9,3,7,9,9,9,9,3,-1
-1,-1,-1,-1,-1,-1,-1,-1,-1,-1,-1,-1,-1,3,9,9,9,9,9,9,9,9,9,9,9,9,9,3,7,7,7,9,9,9,9,9,9,8,8,8,8,8,8,8,8,8,8,8,6,7,3,9,9,9,9,9,9,9,9,9,9,9,9,3,9,9,9,9,3,-1
-1,-1,-1,-1,-1,-1,-1,-1,-1,-1,-1,-1,-1,3,9,9,9,9,9,9,9,9,9,9,9,9,3,7,7,7,9,9,9,9,9,9,9,9,8,8,8,8,8,8,8,8,8,8,8,7,7,3,9,9,9,9,9,9,9,9,9,9,9,3,9,9,9,9,3,-1
-1,-1,-1,-1,-1,-1,-1,-1,-1,-1,-1,-1,-1,3,9,9,9,9,9,9,9,9,9,9,9,9,3,7,7,9,9,9,9,9,9,9,9,9,8,8,8,8,8,8,8,8,8,8,8,9,7,3,9,9,9,9,9,9,9,9,9,9,9,3,9,9,9,9,3,-1
-1,-1,-1,-1,-1,-1,-1,-1,-1,-1,-1,-1,-1,3,9,9,9,9,9,9,9,9,9,9,9,3,7,7,7,9,9,9,9,9,9,9,9,9,9,8,8,8,8,8,8,8,8,8,9,9,9,3,9,9,9,9,9,9,9,9,9,9,9,3,9,9,9,9,3,-1
-1,-1,-1,-1,-1,-1,-1,-1,-1,-1,-1,-1,-1,3,9,9,9,9,9,9,9,9,9,9,9,3,7,7,9,9,9,9,9,9,9,9,9,9,9,8,8,8,8,8,8,8,8,8,9,9,9,7,3,9,9,9,9,9,9,9,9,9,8,3,9,9,9,9,9,3
-1,-1,-1,-1,-1,-1,-1,-1,-1,-1,-1,-1,3,10,9,9,9,9,9,9,9,9,9,9,9,3,7,9,9,9,9,9,9,9,9,9,9,9,9,9,8,8,8,8,8,8,8,9,9,9,9,9,3,9,9,9,9,9,9,9,9,9,8,3,9,9,9,9,9,3
-1,-1,-1,-1,-1,-1,-1,-1,-1,-1,-1,-1,3,10,9,9,9,9,9,9,9,9,9,9,3,7,7,9,9,9,9,9,9,9,9,9,9,9,3,3,3,3,3,3,8,8,9,9,9,9,9,9,3,9,9,9,9,9,9,9,9,8,8,3,9,9,9,9,9,3
-1,-1,-1,-1,-1,-1,-1,-1,-1,-1,-1,-1,3,10,9,9,9,9,9,9,9,9,9,9,3,9,9,9,9,9,9,9,9,9,9,9,3,3,7,7,7,7,7,7,3,9,9,9,9,9,9,9,3,9,9,9,9,9,9,8,8,8,8,3,9,9,9,9,9,3
-1,-1,-1,-1,-1,-1,-1,-1,-1,-1,-1,-1,3,10,9,9,9,9,9,9,9,9,9,9,3,9,9,9,9,9,9,9,9,9,9,3,7,7,7,9,9,9,7,7,3,9,9,9,9,9,9,9,3,9,9,9,9,8,8,8,8,8,8,3,9,9,9,9,9,3
-1,-1,-1,-1,-1,-1,-1,-1,-1,-1,-1,-1,3,10,9,9,9,9,9,9,9,9,9,9,3,10,9,9,9,9,9,9,8,8,3,7,7,7,9,9,9,9,9,9,7,3,9,9,9,9,9,9,3,8,8,8,8,8,8,8,8,8,8,3,9,9,9,9,9,3
-1,-1,-1,-1,-1,-1,-1,-1,-1,-1,-1,-1,3,10,9,9,9,9,9,9,9,9,9,9,3,10,9,9,8,8,8,8,8,8,3,7,9,9,9,9,9,9,9,9,9,3,9,9,9,9,9,9,3,8,8,8,8,8,8,8,8,8,8,3,9,9,9,9,9,3
-1,-1,-1,-1,-1,-1,-1,-1,-1,-1,-1,-1,-1,3,10,9,9,9,9,9,9,9,9,9,3,10,8,8,8,8,8,8,8,8,3,7,9,9,9,9,9,3,9,9,9,3,9,9,9,9,9,9,3,8,8,8,8,8,8,8,8,8,8,3,9,9,9,9,9,3
-1,-1,-1,-1,-1,-1,-1,-1,-1,-1,-1,-1,-1,3,10,9,9,9,9,9,9,9,9,9,3,10,8,8,8,8,8,8,8,8,3,9,9,9,9,9,9,3,9,9,9,3,9,9,9,9,9,9,3,8,8,8,8,8,8,8,8,8,3,9,9,9,9,9,9,3
-1,-1,-1,-1,-1,-1,-1,-1,-1,-1,-1,-1,-1,3,10,9,9,9,9,9,9,9,9,9,3,10,8,8,8,8,8,8,8,8,3,9,9,9,9,9,9,9,3,3,3,9,9,9,9,9,9,9,3,8,8,8,8,8,8,8,8,8,3,9,9,9,9,9,8,3
-1,-1,-1,-1,-1,-1,-1,-1,-1,-1,-1,-1,-1,3,10,9,9,9,9,9,9,9,9,9,3,10,8,8,8,8,8,8,8,8,3,9,9,9,9,9,9,8,8,8,8,8,9,9,9,9,9,3,8,8,8,8,8,8,8,8,8,8,3,9,9,9,8,8,8,3
-1,-1,-1,-1,-1,-1,-1,-1,-1,-1,-1,-1,-1,3,10,9,9,9,9,9,9,9,9,9,3,10,8,8,8,8,8,8,8,8,3,10,9,9,9,9,9,8,8,8,8,8,8,9,9,9,10,3,8,8,8,8,8,8,8,8,8,8,3,8,8,8,8,8,8,3
-1,-1,-1,-1,-1,-1,-1,-1,-1,-1,-1,-1,-1,3,10,9,9,9,9,9,9,9,9,9,3,10,8,8,8,8,8,8,8,8,8,3,10,9,9,9,9,8,8,8,8,8,8,8,9,10,3,8,8,8,8,8,8,8,8,8,8,8,3,8,8,8,8,8,3,-1
-1,-1,-1,-1,-1,-1,-1,-1,-1,-1,-1,-1,-1,-1,3,10,9,9,9,9,9,9,9,9,9,3,10,8,8,8,8,8,8,8,8,3,10,9,9,9,8,8,8,8,8,8,8,8,10,10,3,9,8,8,8,8,8,8,8,8,8,3,8,8,8,8,8,8,3,-1
-1,-1,-1,-1,-1,-1,-1,-1,-1,-1,-1,-1,-1,-1,3,10,9,9,9,9,9,9,9,9,9,3,10,8,8,8,8,8,8,8,9,9,3,10,10,9,8,8,8,8,8,8,10,10,3,3,9,9,9,9,8,8,8,8,8,8,8,3,8,8,8,8,8,8,3,-1
-1,-1,-1,-1,-1,-1,-1,-1,-1,-1,-1,-1,-1,-1,3,10,9,9,9,9,9,9,9,9,9,8,3,10,8,8,8,8,8,9,9,9,9,3,3,10,10,10,10,10,10,10,3,3,9,9,9,9,9,9,9,9,9,9,9,9,3,8,8,8,8,8,8,8,3,-1
-1,-1,-1,-1,-1,-1,-1,-1,-1,-1,-1,-1,-1,-1,-1,3,10,9,9,9,9,9,9,9,8,8,3,10,8,8,8,8,8,9,9,9,9,9,9,3,3,3,3,3,3,3,9,9,9,9,9,9,9,9,9,9,9,9,9,9,3,8,8,8,8,8,8,8,3,-1
-1,-1,-1,-1,-1,-1,-1,-1,-1,-1,-1,-1,-1,-1,-1,3,10,9,9,9,9,9,9,9,8,8,3,10,8,8,8,8,9,9,9,9,9,9,9,9,9,9,9,9,9,9,9,9,9,9,9,9,9,9,9,9,9,9,9,3,8,8,8,8,8,8,10,3,-1,-1
-1,-1,-1,-1,-1,-1,-1,-1,-1,-1,-1,-1,-1,-1,-1,-1,3,10,9,9,9,9,9,8,8,8,8,3,10,8,8,8,9,9,9,9,9,9,9,9,9,9,9,9,9,9,9,9,9,9,9,9,9,9,9,9,9,9,3,8,8,8,8,8,8,8,10,3,-1,-1
-1,-1,-1,-1,-1,-1,-1,-1,-1,-1,-1,-1,-1,-1,-1,-1,3,10,9,9,9,9,9,8,8,8,8,8,3,10,8,9,9,9,9,9,9,9,9,9,9,9,9,9,9,9,9,9,9,9,9,9,9,9,9,9,10,3,8,8,8,8,8,8,8,10,3,-1,-1,-1
-1,-1,-1,-1,-1,-1,-1,-1,-1,-1,-1,-1,-1,-1,-1,-1,3,10,9,9,9,9,9,8,8,8,8,8,3,10,10,9,9,9,9,9,9,9,9,9,9,9,9,9,9,9,9,9,9,9,9,9,9,9,10,10,3,8,8,8,8,8,8,8,8,10,3,-1,-1,-1
-1,-1,-1,-1,-1,-1,-1,-1,-1,-1,-1,-1,-1,-1,-1,-1,-1,3,10,9,9,9,8,8,8,8,8,8,8,3,3,10,10,9,9,9,9,9,9,9,9,9,9,9,9,9,9,9,9,9,9,10,10,10,3,3,8,8,8,8,8,8,8,8,8,3,-1,-1,-1,-1
-1,-1,-1,-1,-1,-1,-1,-1,-1,-1,-1,-1,-1,-1,-1,-1,-1,3,10,9,9,9,8,8,8,8,8,8,8,8,8,3,3,10,10,10,9,9,9,9,9,9,9,9,9,9,9,9,10,10,10,3,3,3,9,9,9,9,8,8,8,8,8,8,10,3,-1,-1,-1,-1
-1,-1,-1,-1,-1,-1,-1,-1,-1,-1,-1,-1,-1,-1,-1,-1,-1,-1,3,10,9,9,8,8,8,8,8,8,8,8,8,8,8,3,3,3,10,10,10,10,10,10,10,10,10,10,10,10,3,3,3,9,9,9,9,9,9,9,9,9,9,8,8,10,3,-1,-1,-1,-1,-1
-1,-1,-1,-1,-1,-1,-1,-1,-1,-1,-1,-1,-1,-1,-1,-1,-1,-1,-1,3,10,9,8,8,8,8,8,8,8,8,8,8,8,8,9,9,3,3,3,3,3,3,3,3,3,3,3,3,9,9,9,9,9,9,9,9,9,9,9,9,9,9,10,3,-1,-1,-1,-1,-1,-1
-1,-1,-1,-1,-1,-1,-1,-1,-1,-1,-1,-1,-1,-1,-1,-1,-1,-1,-1,3,10,9,8,8,8,8,8,8,8,8,8,8,8,8,9,9,9,9,9,9,9,9,9,9,9,9,9,9,9,9,9,9,9,9,9,9,9,9,9,9,9,10,3,-1,-1,-1,-1,-1,-1,-1
-1,-1,-1,-1,-1,-1,-1,-1,-1,-1,-1,-1,-1,-1,-1,-1,-1,-1,-1,-1,3,10,10,8,8,8,8,8,8,8,8,8,8,8,9,9,9,9,9,9,9,9,9,9,9,9,9,9,9,9,9,9,9,9,9,9,9,9,9,9,10,3,-1,-1,-1,-1,-1,-1,-1,-1
-1,-1,-1,-1,-1,-1,-1,-1,-1,-1,-1,-1,-1,-1,-1,-1,-1,-1,-1,-1,-1,3,3,10,8,8,8,8,8,8,8,8,8,8,9,9,9,9,9,9,9,9,9,9,9,9,9,9,9,9,9,9,9,9,9,9,9,9,10,10,3,-1,-1,-1,-1,-1,-1,-1,-1,-1
-1,-1,-1,-1,-1,-1,-1,-1,-1,-1,-1,-1,-1,-1,-1,-1,-1,-1,-1,-1,-1,-1,-1,3,10,8,8,8,8,8,8,8,8,8,8,9,9,9,9,9,9,9,9,9,9,9,9,9,9,9,9,9,9,9,9,9,9,10,3,3,-1,-1,-1,-1,-1,-1,-1,-1,-1,-1
-1,-1,-1,-1,-1,-1,-1,-1,-1,-1,-1,-1,-1,-1,-1,-1,-1,-1,-1,-1,-1,-1,-1,-1,3,10,10,8,8,8,8,8,8,8,8,9,9,9,9,9,9,9,9,9,9,9,9,9,9,9,9,9,9,9,9,9,10,3,-1,-1,-1,-1,-1,-1,-1,-1,-1,-1,-1,-1
-1,-1,-1,-1,-1,-1,-1,-1,-1,-1,-1,-1,-1,-1,-1,-1,-1,-1,-1,-1,-1,-1,-1,-1,-1,3,3,10,10,8,8,8,8,8,8,9,9,9,9,9,9,9,9,9,9,9,9,9,9,9,9,9,9,10,10,10,3,-1,-1,-1,-1,-1,-1,-1,-1,-1,-1,-1,-1,-1
-1,-1,-1,-1,-1,-1,-1,-1,-1,-1,-1,-1,-1,-1,-1,-1,-1,-1,-1,-1,-1,-1,-1,-1,-1,-1,-1,3,3,10,10,10,10,10,8,9,9,9,9,9,9,9,9,9,9,9,9,9,10,10,10,10,10,3,3,3,-1,-1,-1,-1,-1,-1,-1,-1,-1,-1,-1,-1,-1,-1
-1,-1,-1,-1,-1,-1,-1,-1,-1,-1,-1,-1,-1,-1,-1,-1,-1,-1,-1,-1,-1,-1,-1,-1,-1,-1,-1,-1,-1,3,3,3,3,3,10,10,10,10,10,10,10,10,10,10,10,10,10,10,3,3,3,3,3,-1,-1,-1,-1,-1,-1,-1,-1,-1,-1,-1,-1,-1,-1,-1,-1,-1
-1,-1,-1,-1,-1,-1,-1,-1,-1,-1,-1,-1,-1,-1,-1,-1,-1,-1,-1,-1,-1,-1,-1,-1,-1,-1,-1,-1,-1,-1,-1,-1,-1,-1,3,3,3,3,3,3,3,3,3,3,3,3,3,3,-1,-1,-1,-1,-1,-1,-1,-1,-1,-1,-1,-1,-1,-1,-1,-1,-1,-1,-1,-1,-1,-1
0.5568628,0.2941177,0.05490196
1,0.6784314,0.3882353
1,0.8000001,0.6196079
0.5843138,0.0509804,0.2588235
0.5921569,0.7960785,1
0.2196079,0.5450981,0.937255
0.9764706,0.4431373,0.6509804
0.7764707,0.07058824,0.345098
1,0.6078432,0.7607844
0.9490197,0.2117647,0.4980392
1,1,1
