44,68,
-1,-1,-1,-1,-1,-1,-1,-1,-1,-1,-1,-1,-1,-1,-1,-1,-1,-1,-1,-1,-1,0,0,-1,-1,-1,-1,-1,-1,-1,-1,-1,-1,-1,-1,-1,-1,-1,-1,-1,-1,-1,-1,-1
-1,-1,-1,-1,-1,-1,-1,-1,-1,-1,-1,-1,-1,-1,-1,-1,-1,-1,-1,-1,-1,0,0,-1,-1,-1,-1,-1,-1,-1,-1,-1,-1,-1,-1,-1,-1,-1,-1,-1,-1,-1,-1,-1
-1,-1,-1,-1,-1,-1,-1,-1,-1,-1,-1,-1,-1,-1,-1,-1,-1,-1,-1,-1,0,1,1,0,-1,-1,-1,-1,-1,-1,-1,-1,-1,-1,-1,-1,-1,-1,-1,-1,-1,-1,-1,-1
-1,-1,-1,-1,-1,-1,-1,-1,-1,-1,-1,-1,-1,-1,-1,-1,-1,-1,-1,-1,0,1,2,0,-1,-1,-1,-1,-1,-1,-1,-1,-1,-1,-1,-1,-1,-1,-1,-1,-1,-1,-1,-1
-1,-1,-1,-1,-1,-1,-1,-1,-1,-1,-1,-1,-1,-1,-1,-1,-1,-1,-1,0,1,2,2,1,0,-1,-1,-1,-1,-1,-1,-1,-1,-1,-1,-1,-1,-1,-1,-1,-1,-1,-1,-1
-1,-1,-1,-1,-1,-1,-1,-1,-1,-1,-1,-1,-1,-1,-1,-1,-1,-1,-1,0,1,1,1,1,0,-1,-1,-1,-1,-1,-1,-1,-1,-1,-1,-1,-1,-1,-1,-1,-1,-1,-1,-1
-1,-1,-1,-1,-1,-1,-1,-1,-1,-1,-1,-1,-1,-1,-1,-1,-1,-1,-1,0,1,1,1,1,0,-1,-1,-1,-1,-1,-1,-1,-1,-1,-1,-1,-1,-1,-1,-1,-1,-1,-1,-1
-1,-1,-1,-1,-1,-1,-1,-1,-1,-1,-1,-1,-1,-1,-1,-1,-1,-1,0,1,1,1,2,1,1,0,-1,-1,-1,-1,-1,-1,-1,-1,-1,-1,-1,-1,-1,-1,-1,-1,-1,-1
-1,-1,-1,-1,-1,-1,-1,-1,-1,-1,-1,-1,-1,-1,-1,-1,-1,-1,0,1,1,2,2,1,1,0,-1,-1,-1,-1,-1,-1,-1,-1,-1,-1,-1,-1,-1,-1,-1,-1,-1,-1
-1,-1,-1,-1,-1,-1,-1,-1,-1,-1,-1,-1,-1,-1,-1,-1,-1,-1,0,1,1,1,1,1,1,0,-1,-1,-1,-1,-1,-1,-1,-1,-1,-1,-1,-1,-1,-1,-1,-1,-1,-1
-1,-1,-1,-1,-1,-1,-1,-1,-1,-1,-1,-1,-1,-1,-1,-1,-1,0,1,1,1,1,1,1,1,1,0,-1,-1,-1,-1,-1,-1,-1,-1,-1,-1,-1,-1,-1,-1,-1,-1,-1
-1,-1,-1,-1,-1,-1,-1,-1,-1,-1,-1,-1,-1,-1,-1,-1,-1,0,1,1,1,1,2,1,1,1,0,-1,-1,-1,-1,-1,-1,-1,-1,-1,-1,-1,-1,-1,-1,-1,-1,-1
-1,-1,-1,-1,-1,-1,-1,-1,-1,-1,-1,-1,-1,-1,-1,-1,0,1,1,1,1,2,2,1,1,3,3,0,-1,-1,-1,-1,-1,-1,-1,-1,-1,-1,-1,-1,-1,-1,-1,-1
-1,-1,-1,-1,-1,-1,-1,-1,-1,-1,-1,-1,-1,-1,-1,-1,0,1,2,1,1,1,1,1,1,3,2,0,-1,-1,-1,-1,-1,-1,-1,-1,-1,-1,-1,-1,-1,-1,-1,-1
-1,-1,-1,-1,-1,-1,-1,-1,-1,-1,-1,-1,-1,-1,-1,-1,0,2,2,1,1,1,1,1,3,2,2,0,-1,-1,-1,-1,-1,-1,-1,-1,-1,-1,-1,-1,-1,-1,-1,-1
-1,-1,-1,-1,-1,-1,-1,-1,-1,-1,-1,-1,-1,-1,-1,0,1,1,1,1,1,1,2,1,3,3,3,3,0,-1,-1,-1,-1,-1,-1,-1,-1,-1,-1,-1,-1,-1,-1,-1
-1,-1,-1,-1,-1,-1,-1,-1,-1,-1,-1,-1,-1,-1,-1,0,1,1,1,1,1,2,2,3,3,3,3,3,0,-1,-1,-1,-1,-1,-1,-1,-1,-1,-1,-1,-1,-1,-1,-1
-1,-1,-1,-1,-1,-1,-1,-1,-1,-1,-1,-1,-1,-1,0,1,1,1,2,1,1,1,1,3,3,3,2,3,3,0,-1,-1,-1,-1,-1,-1,-1,-1,-1,-1,-1,-1,-1,-1
-1,-1,-1,-1,-1,-1,-1,-1,-1,-1,-1,-1,-1,-1,0,1,1,2,2,1,1,1,3,3,3,2,2,3,3,0,-1,-1,-1,-1,-1,-1,-1,-1,-1,-1,-1,-1,-1,-1
-1,-1,-1,-1,-1,-1,-1,-1,-1,-1,-1,-1,-1,-1,0,1,1,1,1,1,1,1,2,3,3,3,3,3,3,0,-1,-1,-1,-1,-1,-1,-1,-1,-1,-1,-1,-1,-1,-1
-1,-1,-1,-1,-1,-1,-1,-1,-1,-1,-1,-1,-1,0,1,1,1,1,1,1,1,2,2,3,3,3,3,3,3,3,0,-1,-1,-1,-1,-1,-1,-1,-1,-1,-1,-1,-1,-1
-1,-1,-1,-1,-1,-1,-1,-1,-1,-1,-1,-1,-1,0,1,1,1,1,2,1,1,3,3,3,3,3,2,3,3,3,0,-1,-1,-1,-1,-1,-1,-1,-1,-1,-1,-1,-1,-1
-1,-1,-1,-1,-1,-1,-1,-1,-1,-1,-1,-1,0,1,1,1,1,2,2,1,1,3,3,3,3,2,2,3,3,3,3,0,-1,-1,-1,-1,-1,-1,-1,-1,-1,-1,-1,-1
-1,-1,-1,-1,-1,-1,-1,-1,-1,-1,-1,-1,0,1,2,1,1,1,1,1,1,3,2,3,3,3,3,3,3,3,2,0,-1,-1,-1,-1,-1,-1,-1,-1,-1,-1,-1,-1
-1,-1,-1,-1,-1,-1,-1,-1,-1,-1,-1,-1,0,2,2,1,1,1,1,1,3,2,2,3,3,3,3,3,3,2,2,0,-1,-1,-1,-1,-1,-1,-1,-1,-1,-1,-1,-1
-1,-1,-1,-1,-1,-1,-1,-1,-1,-1,-1,0,1,1,1,1,1,1,2,1,3,3,3,3,3,3,2,3,3,3,3,3,0,-1,-1,-1,-1,-1,-1,-1,-1,-1,-1,-1
-1,-1,-1,-1,-1,-1,-1,-1,-1,-1,-1,0,1,1,1,1,1,2,2,1,3,3,3,3,3,2,2,3,3,3,3,3,0,-1,-1,-1,-1,-1,-1,-1,-1,-1,-1,-1
-1,-1,-1,-1,-1,-1,-1,-1,-1,-1,-1,0,1,1,2,1,1,1,1,3,3,3,2,1,0,0,0,0,1,1,3,3,0,-1,-1,-1,-1,-1,-1,-1,-1,-1,-1,-1
-1,-1,-1,-1,-1,-1,-1,-1,-1,-1,0,1,1,2,2,1,1,1,1,3,3,2,2,1,0,4,4,0,0,1,2,3,3,0,-1,-1,-1,-1,-1,-1,-1,-1,-1,-1
-1,-1,-1,-1,-1,-1,-1,-1,-1,-1,0,1,1,1,1,1,1,1,2,3,3,3,3,1,0,4,4,4,0,0,2,1,3,0,-1,-1,-1,-1,-1,-1,-1,-1,-1,-1
-1,-1,-1,-1,-1,-1,-1,-1,-1,0,1,1,1,1,1,1,1,2,2,3,3,3,3,1,0,4,4,4,4,0,1,1,3,3,0,-1,-1,-1,-1,-1,-1,-1,-1,-1
-1,-1,-1,-1,-1,-1,-1,0,0,0,0,0,1,1,2,1,1,3,3,3,3,3,2,1,0,4,4,4,4,0,1,1,3,2,0,-1,-1,-1,-1,-1,-1,-1,-1,-1
-1,-1,-1,-1,-1,0,0,0,4,4,4,0,0,2,2,1,1,1,1,1,1,2,2,1,0,4,4,4,4,0,2,1,1,1,1,0,-1,-1,-1,-1,-1,-1,-1,-1
-1,-1,-1,-1,0,0,4,4,4,4,4,4,0,0,1,1,1,0,0,0,0,0,1,1,0,0,4,4,4,0,2,1,0,0,0,0,0,-1,-1,-1,-1,-1,-1,-1
-1,-1,-1,-1,0,4,4,4,4,4,4,4,4,0,0,1,1,0,4,4,4,0,1,1,1,0,4,4,4,0,1,0,0,4,4,4,0,0,0,-1,-1,-1,-1,-1
-1,-1,-1,0,0,4,4,4,4,4,4,4,4,4,0,0,0,4,4,4,4,4,0,1,1,0,4,4,4,0,0,0,4,4,4,4,4,4,0,0,-1,-1,-1,-1
-1,-1,-1,0,4,4,4,5,4,4,4,4,4,4,4,4,4,4,4,4,4,4,0,1,0,4,4,4,4,4,4,4,4,5,4,4,4,4,4,0,-1,-1,-1,-1
-1,-1,0,0,4,4,5,5,5,4,4,4,4,4,4,4,4,4,4,4,4,4,0,0,0,4,4,6,6,6,6,6,5,5,5,4,4,4,4,0,0,-1,-1,-1
-1,-1,0,4,4,4,4,5,4,4,4,4,4,4,4,4,4,4,4,4,4,4,4,4,6,6,6,6,6,6,6,6,6,5,6,4,4,4,4,4,0,-1,-1,-1
-1,-1,0,4,4,4,4,4,4,4,4,4,4,4,4,7,4,4,4,4,4,6,6,6,6,6,6,6,6,6,6,6,6,6,6,6,6,4,4,4,0,-1,-1,-1
-1,-1,0,4,4,4,4,4,4,4,4,4,4,4,7,7,7,4,6,6,6,6,6,6,6,6,6,6,6,6,6,6,6,6,6,6,6,6,6,4,0,-1,-1,-1
-1,-1,0,0,4,4,4,4,4,4,4,4,4,4,4,7,6,6,6,6,6,6,6,6,6,6,6,6,6,6,6,6,6,6,6,6,6,6,6,6,0,-1,-1,-1
-1,-1,-1,0,4,4,4,4,4,4,4,4,4,4,6,6,6,6,6,6,6,6,6,6,6,6,8,6,6,6,6,6,6,6,6,6,6,6,6,6,0,-1,-1,-1
-1,-1,-1,0,4,4,4,4,4,4,4,4,6,6,6,6,6,6,6,6,6,6,6,6,6,8,8,8,9,9,9,9,9,9,9,9,9,9,9,6,0,-1,-1,-1
-1,-1,-1,0,0,4,4,4,4,4,4,6,6,6,6,6,6,6,6,6,6,6,6,6,6,9,8,9,9,9,9,9,9,9,10,9,9,9,9,9,0,-1,-1,-1
-1,-1,0,0,4,4,4,4,4,6,6,6,6,6,6,6,6,6,6,6,6,6,6,9,9,9,9,9,9,9,9,9,9,10,10,10,9,9,9,9,0,0,-1,-1
-1,0,0,4,4,4,4,4,6,6,6,6,11,6,6,6,6,6,6,6,6,9,9,9,9,9,9,9,9,9,9,9,9,9,10,9,9,9,9,9,9,0,0,-1
-1,0,4,4,4,4,4,4,6,6,6,11,11,11,6,6,6,6,6,6,9,9,9,9,9,9,9,9,9,9,9,9,9,9,9,9,9,9,9,9,9,12,0,-1
-1,0,4,4,4,4,4,6,6,6,6,6,11,6,6,6,6,6,6,9,9,9,9,9,9,9,9,9,9,9,9,9,9,9,9,9,9,9,9,9,9,12,0,-1
0,0,4,4,4,4,4,6,6,6,6,6,6,6,6,6,6,6,9,9,9,9,9,9,9,9,9,9,9,9,9,9,9,9,9,9,9,9,9,9,9,12,0,0
0,4,4,4,4,4,8,6,6,6,6,6,6,6,6,6,6,9,9,9,9,9,9,9,9,9,9,9,9,9,9,9,9,9,9,9,9,9,9,9,9,12,12,0
0,0,4,4,4,8,8,8,6,6,6,6,6,6,6,6,9,9,9,9,9,9,10,9,9,9,9,9,9,9,9,9,9,9,9,9,9,9,9,9,9,12,0,0
-1,0,4,4,4,4,8,6,6,6,6,6,6,6,6,6,9,9,9,9,9,10,10,10,9,9,9,9,9,9,9,9,9,9,9,9,7,9,9,9,12,12,0,-1
-1,0,4,4,4,4,6,6,6,6,6,6,6,6,6,9,9,9,9,9,9,9,10,9,9,9,9,9,9,9,9,9,9,9,9,7,7,7,9,9,12,12,0,-1
-1,0,4,4,4,4,6,6,6,6,6,6,6,6,6,9,9,9,9,9,9,9,9,9,9,9,9,9,9,9,9,9,9,9,9,9,7,9,9,12,12,12,0,-1
-1,0,4,4,4,6,6,6,6,6,6,6,6,6,9,9,9,9,9,9,9,9,9,9,9,9,9,9,9,9,9,9,9,9,9,9,9,9,12,12,12,12,0,-1
-1,0,0,4,4,4,6,6,6,6,6,6,6,9,9,9,9,9,9,9,9,9,9,9,9,9,9,9,9,9,9,9,9,9,9,9,9,9,12,12,12,0,0,-1
-1,-1,0,4,4,4,6,6,6,6,6,6,6,9,9,9,9,9,9,9,9,9,9,9,9,9,9,9,9,9,9,9,9,9,9,9,9,12,12,12,12,0,-1,-1
-1,-1,0,0,4,4,6,6,5,6,6,6,6,9,9,9,9,9,9,9,9,9,9,9,9,9,9,9,9,9,11,9,9,9,9,9,12,12,12,12,0,0,-1,-1
-1,-1,-1,0,4,4,6,5,5,5,6,6,6,9,9,9,9,9,9,9,9,9,9,9,9,9,9,9,9,11,11,11,9,9,9,12,12,12,12,12,0,-1,-1,-1
-1,-1,-1,0,0,4,4,6,5,6,6,6,9,9,9,9,9,9,9,9,9,9,9,9,9,9,9,9,9,9,11,9,9,9,12,12,12,12,12,0,0,-1,-1,-1
-1,-1,-1,-1,0,0,4,6,6,6,6,6,9,9,9,9,9,9,9,9,9,8,9,9,9,9,9,9,9,9,9,9,9,12,12,12,12,12,0,0,-1,-1,-1,-1
-1,-1,-1,-1,-1,0,0,6,6,6,6,6,9,9,9,9,9,9,9,9,8,8,8,9,9,9,9,9,9,9,9,9,12,12,12,12,12,0,0,-1,-1,-1,-1,-1
-1,-1,-1,-1,-1,-1,0,0,6,6,6,6,6,9,9,9,9,9,9,9,9,8,9,9,9,9,9,9,9,9,12,12,12,12,12,12,0,0,-1,-1,-1,-1,-1,-1
-1,-1,-1,-1,-1,-1,-1,0,0,0,6,6,6,9,9,9,9,9,9,9,9,9,9,9,9,9,9,12,12,12,12,12,12,12,0,0,0,-1,-1,-1,-1,-1,-1,-1
-1,-1,-1,-1,-1,-1,-1,-1,-1,0,0,0,0,6,9,9,9,9,9,9,9,9,9,9,12,12,12,12,12,12,12,0,0,0,0,-1,-1,-1,-1,-1,-1,-1,-1,-1
-1,-1,-1,-1,-1,-1,-1,-1,-1,-1,-1,-1,0,0,0,0,9,9,9,9,12,12,12,12,12,12,12,12,0,0,0,0,-1,-1,-1,-1,-1,-1,-1,-1,-1,-1,-1,-1
-1,-1,-1,-1,-1,-1,-1,-1,-1,-1,-1,-1,-1,-1,-1,-1,0,0,0,0,0,0,0,0,0,0,0,0,-1,-1,-1,-1,-1,-1,-1,-1,-1,-1,-1,-1,-1,-1,-1,-1
0,0,0
0.8941177,0.8156863,0.5764706
0.8666667,0.6901961,0.3843138
0.9450981,0.9490197,0.8117648
0.9529412,0.6078432,0.6313726
1,0.4078432,0.5058824
0.9568628,0.7019608,0.7294118
1,0.9019608,0.4078432
0.9294118,0.4078432,1
0.9607844,0.7960785,0.8352942
0.4078432,1,0.9019608
0.4078432,1,0.5176471
0.9607844,0.8901961,0.9294118
