66,70,
-1,-1,-1,-1,-1,-1,-1,-1,-1,-1,-1,-1,-1,-1,-1,-1,-1,-1,-1,-1,-1,-1,-1,-1,-1,-1,-1,-1,-1,-1,-1,-1,-1,-1,-1,0,0,0,0,0,-1,-1,-1,-1,-1,-1,-1,-1,-1,-1,-1,-1,-1,-1,-1,-1,-1,-1,-1,-1,-1,-1,-1,-1,-1,-1
-1,-1,-1,-1,-1,-1,-1,-1,-1,-1,-1,-1,-1,-1,-1,-1,-1,-1,-1,-1,-1,-1,-1,-1,-1,-1,-1,-1,-1,-1,-1,-1,-1,-1,0,0,1,1,1,1,0,-1,-1,-1,-1,-1,-1,-1,-1,-1,-1,-1,-1,-1,-1,-1,-1,-1,-1,-1,-1,-1,-1,-1,-1,-1
-1,-1,-1,-1,-1,-1,-1,-1,-1,-1,-1,-1,-1,-1,-1,-1,-1,-1,-1,-1,-1,-1,-1,-1,-1,-1,-1,-1,-1,-1,-1,-1,-1,-1,0,1,1,1,1,1,0,0,-1,-1,-1,-1,-1,-1,-1,-1,-1,-1,-1,-1,-1,-1,-1,-1,-1,-1,-1,-1,-1,-1,-1,-1
-1,-1,-1,-1,-1,-1,-1,-1,-1,-1,-1,-1,-1,-1,-1,-1,-1,-1,-1,-1,-1,-1,-1,-1,-1,-1,-1,-1,-1,-1,-1,-1,-1,-1,0,1,1,1,1,1,1,0,-1,-1,-1,-1,-1,-1,-1,-1,-1,-1,-1,-1,-1,-1,-1,-1,-1,-1,-1,-1,-1,-1,-1,-1
-1,-1,-1,-1,-1,-1,-1,-1,-1,-1,-1,-1,-1,-1,-1,-1,-1,-1,-1,-1,-1,-1,-1,-1,-1,-1,-1,-1,-1,-1,-1,-1,-1,-1,0,1,1,1,1,1,1,0,-1,-1,-1,-1,-1,-1,-1,-1,-1,-1,-1,-1,-1,-1,-1,-1,-1,-1,-1,-1,-1,-1,-1,-1
-1,-1,-1,-1,-1,-1,-1,-1,-1,-1,-1,-1,-1,-1,-1,-1,-1,-1,-1,-1,-1,-1,-1,-1,-1,-1,-1,-1,-1,-1,-1,-1,-1,-1,0,1,1,1,1,1,1,0,-1,-1,-1,-1,-1,-1,-1,-1,-1,-1,-1,-1,-1,-1,-1,-1,-1,-1,-1,-1,-1,-1,-1,-1
-1,-1,-1,-1,-1,-1,-1,-1,-1,-1,-1,-1,-1,-1,-1,-1,-1,-1,-1,-1,-1,-1,-1,-1,-1,-1,-1,-1,-1,-1,-1,-1,-1,-1,0,1,1,1,1,1,1,0,-1,-1,-1,-1,-1,-1,-1,-1,-1,-1,-1,-1,-1,-1,-1,-1,-1,-1,-1,-1,-1,-1,-1,-1
-1,-1,-1,-1,-1,-1,-1,-1,-1,-1,-1,-1,-1,-1,-1,-1,-1,-1,-1,-1,-1,-1,-1,-1,-1,-1,-1,-1,-1,-1,-1,-1,-1,-1,0,1,1,2,2,1,1,0,-1,-1,-1,-1,-1,-1,-1,-1,-1,-1,-1,-1,-1,-1,-1,-1,-1,-1,-1,-1,-1,-1,-1,-1
-1,-1,-1,-1,-1,-1,-1,-1,-1,-1,-1,-1,-1,-1,-1,-1,-1,-1,-1,-1,-1,-1,-1,-1,-1,-1,-1,-1,-1,-1,-1,-1,0,0,0,1,1,2,2,2,1,0,0,0,0,0,-1,-1,-1,-1,-1,-1,-1,-1,-1,-1,-1,-1,-1,-1,-1,-1,-1,-1,-1,-1
-1,-1,-1,-1,-1,-1,-1,-1,-1,-1,-1,-1,-1,-1,-1,-1,-1,-1,-1,-1,-1,-1,-1,-1,-1,-1,-1,-1,-1,-1,0,0,0,3,0,1,2,2,2,2,2,0,3,4,4,0,0,0,-1,-1,-1,-1,-1,-1,-1,-1,-1,-1,-1,-1,-1,-1,-1,-1,-1,-1
-1,-1,-1,-1,-1,-1,-1,-1,-1,-1,-1,-1,-1,-1,-1,-1,-1,-1,-1,-1,-1,-1,-1,-1,0,0,0,0,-1,0,0,4,3,3,0,1,2,2,2,2,2,0,3,4,4,4,4,4,0,0,-1,-1,-1,-1,-1,-1,-1,-1,-1,-1,-1,-1,-1,-1,-1,-1
-1,-1,-1,-1,-1,-1,-1,-1,-1,-1,-1,-1,-1,-1,-1,-1,-1,-1,-1,-1,-1,-1,-1,-1,0,4,4,4,0,0,4,4,3,3,0,1,2,2,2,2,2,0,3,4,4,4,4,4,4,0,0,0,-1,-1,-1,-1,-1,-1,-1,-1,-1,-1,-1,-1,-1,-1
-1,-1,-1,-1,-1,-1,-1,-1,-1,-1,-1,-1,-1,-1,-1,-1,-1,-1,-1,-1,-1,-1,-1,0,0,4,4,4,4,4,4,4,3,3,0,1,2,2,2,2,2,0,3,3,4,4,4,4,4,4,4,0,0,-1,-1,-1,-1,-1,-1,-1,-1,-1,-1,-1,-1,-1
-1,-1,-1,-1,-1,-1,-1,-1,-1,-1,-1,-1,-1,-1,-1,-1,-1,-1,-1,0,0,0,0,0,4,4,4,4,4,4,4,4,3,3,0,1,2,2,2,2,2,0,0,3,3,3,4,4,4,4,4,4,4,0,0,-1,-1,-1,-1,-1,-1,-1,-1,-1,-1,-1
-1,-1,-1,-1,-1,-1,-1,-1,-1,-1,-1,-1,-1,-1,-1,-1,-1,-1,0,0,4,4,3,3,3,3,3,3,3,3,3,4,3,0,0,1,2,2,2,2,2,1,0,3,3,3,3,3,3,4,4,4,4,4,4,0,0,-1,-1,-1,-1,-1,-1,-1,-1,-1
-1,-1,-1,-1,-1,-1,-1,-1,-1,-1,-1,-1,-1,-1,-1,-1,0,0,0,4,4,3,3,3,0,0,0,0,0,0,3,3,3,0,1,1,2,2,2,2,2,1,0,3,3,3,3,3,3,3,3,4,4,4,4,4,0,0,-1,-1,-1,-1,-1,-1,-1,-1
-1,-1,-1,-1,-1,-1,-1,-1,-1,-1,-1,-1,-1,-1,-1,0,0,4,4,4,3,3,3,0,0,1,1,1,1,0,0,3,3,0,1,1,2,2,5,2,2,2,0,0,0,3,3,3,3,3,3,3,3,4,4,4,4,4,0,-1,-1,-1,-1,-1,-1,-1
-1,-1,-1,-1,-1,-1,-1,-1,-1,-1,-1,-1,-1,-1,0,0,4,4,4,3,3,3,0,0,1,1,1,1,1,1,0,0,0,0,1,2,2,5,5,5,2,2,1,1,0,0,0,0,3,3,3,3,3,3,4,4,4,4,0,0,-1,-1,-1,-1,-1,-1
-1,-1,-1,-1,-1,-1,-1,-1,-1,-1,-1,-1,-1,0,0,4,4,4,4,3,3,3,0,1,1,2,2,2,2,1,1,1,1,1,2,2,5,5,5,5,5,2,2,2,1,1,1,0,0,0,0,3,3,3,3,4,4,4,4,0,-1,-1,-1,-1,-1,-1
-1,-1,-1,-1,-1,-1,-1,-1,-1,-1,-1,0,0,0,4,4,4,4,4,3,3,3,0,1,2,2,2,2,2,2,2,2,2,2,2,2,5,5,2,5,5,2,2,2,2,2,2,1,1,1,0,0,3,3,3,3,4,4,4,0,0,-1,-1,-1,-1,-1
-1,-1,-1,-1,-1,-1,-1,-1,-1,0,0,4,4,4,4,4,4,4,4,4,3,3,0,1,2,2,2,2,2,2,2,2,2,2,2,2,2,2,2,2,2,2,2,2,2,2,2,2,2,1,1,0,0,3,3,3,3,4,4,4,0,-1,-1,-1,-1,-1
-1,-1,-1,-1,-1,-1,-1,-1,-1,0,4,4,4,4,4,4,4,4,4,4,3,3,0,1,2,2,2,2,2,2,2,2,2,2,2,2,2,2,2,2,2,2,2,2,2,2,2,2,2,2,1,1,0,3,3,3,3,4,4,4,0,0,-1,-1,-1,-1
-1,-1,-1,-1,-1,-1,-1,0,0,4,4,4,3,3,3,3,3,4,3,3,3,3,0,1,2,2,2,2,2,2,2,2,2,2,2,2,2,2,2,2,2,2,2,2,2,2,2,2,2,2,2,1,0,0,3,3,3,3,4,4,4,0,0,-1,-1,-1
-1,-1,-1,-1,-1,-1,-1,0,4,3,3,3,3,3,3,3,3,3,3,3,3,0,0,1,2,2,2,2,2,2,2,2,2,2,2,2,2,2,2,2,2,2,2,2,2,2,2,2,2,2,2,1,1,0,0,3,3,3,3,4,4,4,0,-1,-1,-1
-1,-1,-1,-1,-1,-1,0,0,3,3,0,0,0,0,0,0,3,3,3,3,0,0,1,1,2,2,2,2,2,2,2,2,2,2,2,2,2,2,2,2,2,2,2,2,2,2,2,2,2,2,2,2,1,1,0,0,0,3,3,3,3,4,4,0,-1,-1
-1,-1,-1,-1,-1,-1,0,3,3,0,0,1,1,1,1,0,0,0,0,0,0,1,1,2,2,2,2,2,2,2,2,2,2,2,2,2,2,2,2,2,2,2,2,2,2,2,2,2,2,2,2,2,2,1,1,1,0,0,0,0,0,3,3,0,-1,-1
-1,-1,-1,-1,-1,0,0,3,0,0,1,1,1,1,1,1,1,1,1,1,1,1,2,2,2,2,2,2,2,2,2,2,2,2,2,6,2,2,2,2,2,2,2,2,2,2,2,2,2,2,2,2,2,2,2,1,1,1,1,1,0,0,0,0,0,-1
-1,-1,-1,-1,0,0,4,3,0,1,1,1,1,2,2,2,1,1,1,1,2,2,2,2,2,2,2,2,2,2,2,2,2,2,6,6,6,7,7,7,7,7,7,7,7,7,7,7,7,7,2,2,2,2,2,2,2,2,1,1,1,1,0,0,0,-1
-1,-1,-1,-1,0,4,4,3,0,1,1,2,2,2,2,2,2,2,2,2,2,2,2,2,2,2,2,2,2,2,2,7,7,6,6,6,6,6,7,7,7,7,7,7,7,7,7,7,7,7,7,7,7,8,2,2,2,2,2,2,2,1,1,0,0,-1
-1,-1,-1,0,0,4,4,3,0,1,2,2,2,2,2,2,2,2,9,2,2,2,2,2,2,2,2,7,7,7,7,7,7,6,6,7,6,6,7,7,7,7,7,7,7,7,7,7,7,7,7,7,8,8,8,2,2,2,2,2,2,2,1,1,0,-1
-1,-1,-1,0,4,4,4,3,0,0,2,2,2,2,2,2,2,9,9,9,2,2,2,2,2,7,7,7,7,7,7,7,7,7,7,7,7,7,7,7,7,7,7,7,7,7,7,7,7,7,7,8,8,8,8,8,2,2,2,2,2,2,2,1,0,0
-1,-1,0,0,4,4,4,3,3,0,1,2,2,2,2,2,9,9,9,9,9,2,2,7,7,7,7,7,7,7,7,7,7,7,7,7,7,7,7,7,7,7,7,7,7,7,7,7,7,7,7,8,8,7,8,8,7,2,2,2,2,2,2,2,0,0
-1,-1,0,4,4,4,4,4,3,0,0,2,2,2,2,2,9,9,2,9,9,2,7,7,7,7,7,7,7,7,7,7,7,7,7,7,7,7,7,7,7,7,7,7,7,7,7,7,7,7,7,7,7,7,7,7,7,7,2,2,2,2,2,2,1,0
-1,0,0,4,4,4,4,4,3,3,0,1,2,2,2,2,2,2,2,2,2,7,7,7,7,7,7,7,7,7,7,7,7,7,7,7,7,7,7,7,7,7,7,7,7,7,7,7,7,7,7,7,7,7,7,7,7,7,7,2,2,2,2,2,1,0
-1,0,4,4,4,4,4,4,3,3,3,0,2,2,2,2,2,2,2,7,7,7,7,7,7,7,7,7,7,7,7,7,7,7,7,7,7,7,7,7,7,7,7,7,7,7,7,7,7,7,7,7,7,7,7,7,7,7,7,2,2,2,2,2,2,0
-1,0,4,4,4,4,4,4,4,3,3,0,1,2,2,2,2,2,7,7,7,7,7,7,7,7,7,7,7,7,7,7,7,7,7,7,0,0,0,0,0,0,0,0,7,7,7,7,7,7,7,7,7,7,7,7,7,7,7,7,2,2,2,2,2,0
0,0,4,4,4,4,4,4,4,3,3,0,1,2,2,2,2,7,7,7,7,7,7,7,7,7,7,7,7,7,7,7,7,7,0,0,0,-1,-1,0,0,4,3,0,0,2,2,7,7,7,7,7,7,7,7,7,7,7,7,7,7,2,2,2,2,0
0,4,4,4,4,4,4,4,4,3,3,0,1,2,2,2,7,7,7,7,7,7,7,7,7,7,7,7,7,7,7,7,0,0,0,-1,-1,-1,-1,-1,0,4,3,3,0,0,2,2,7,7,7,7,7,7,7,7,7,7,7,7,7,2,2,2,2,0
0,4,4,4,4,4,4,4,3,3,3,0,1,2,2,2,7,7,7,7,7,7,7,7,7,7,7,7,7,7,0,0,0,-1,-1,-1,-1,-1,-1,-1,0,4,4,3,3,0,2,2,7,7,7,7,7,7,7,7,7,7,7,7,7,2,2,2,2,0
0,4,4,4,4,4,4,3,3,3,3,0,1,2,2,7,7,7,8,7,7,7,7,7,7,7,7,7,7,0,0,-1,-1,-1,-1,-1,-1,-1,-1,-1,0,4,4,3,3,0,0,2,2,7,7,7,7,7,7,7,7,7,7,7,6,7,2,2,2,0
0,4,4,4,4,4,3,3,3,3,0,1,1,2,2,7,7,8,8,8,7,7,7,7,7,7,7,0,0,-1,-1,-1,-1,-1,-1,-1,-1,-1,-1,0,0,4,4,3,3,3,0,2,2,7,7,7,7,7,7,10,7,7,7,6,6,6,2,2,0,0
0,4,4,4,4,3,3,3,3,0,0,1,2,2,7,7,8,8,8,8,8,7,7,7,7,7,7,0,-1,-1,-1,-1,-1,-1,-1,-1,-1,-1,0,0,4,4,3,3,3,3,0,2,2,7,7,7,7,7,7,10,7,7,6,6,6,6,6,2,0,-1
0,4,4,4,4,3,3,3,0,0,1,1,2,2,7,7,8,8,7,8,8,7,7,7,7,7,0,-1,-1,-1,-1,-1,-1,-1,-1,-1,-1,0,0,4,4,4,3,3,3,3,0,2,2,7,7,7,7,7,7,10,10,7,6,6,7,6,6,0,0,-1
0,4,4,4,4,3,3,0,0,1,1,2,2,2,7,7,7,7,7,7,7,7,7,7,7,0,0,-1,-1,-1,-1,-1,-1,-1,-1,-1,0,0,4,4,4,4,3,3,3,3,0,2,2,2,7,7,7,7,7,10,10,7,7,7,7,7,2,0,0,-1
0,4,4,4,3,3,0,0,1,1,2,2,2,7,7,7,7,7,7,7,7,7,7,7,7,0,0,-1,-1,-1,-1,-1,-1,-1,0,0,0,4,4,4,4,3,3,3,3,3,0,2,2,2,7,7,7,7,7,10,10,7,7,7,7,7,2,0,-1,-1
0,0,4,4,3,3,0,1,1,2,2,2,2,7,7,7,7,7,7,7,7,7,7,7,7,0,0,0,-1,-1,-1,-1,-1,0,0,4,4,4,4,4,3,3,3,3,3,0,2,2,2,7,7,7,7,7,10,10,10,7,7,7,7,7,0,0,-1,-1
-1,0,4,4,3,3,0,1,2,2,2,2,2,7,7,7,7,7,7,7,10,7,7,7,0,0,4,0,0,0,0,0,0,4,4,4,4,4,4,3,3,3,3,3,0,0,2,2,2,7,7,7,7,10,10,10,10,9,7,7,7,7,0,-1,-1,-1
-1,0,4,3,3,0,0,1,2,2,2,2,7,7,7,7,7,7,7,10,10,7,7,7,0,4,4,4,4,4,4,4,4,4,4,4,4,4,3,3,3,3,3,0,0,2,2,2,2,7,7,7,10,10,10,10,9,9,9,7,7,0,0,-1,-1,-1
-1,0,4,3,3,0,1,2,2,2,2,2,7,7,7,7,7,7,10,10,7,7,7,7,0,3,4,4,4,4,4,4,4,4,4,4,3,3,3,3,3,3,0,0,2,2,2,2,7,7,7,7,10,10,10,9,9,9,9,9,7,0,-1,-1,-1,-1
-1,0,0,3,3,0,1,2,2,2,2,2,7,7,7,7,7,7,10,10,7,7,7,7,0,0,4,4,4,4,4,4,4,3,3,3,3,3,3,3,3,0,0,2,2,2,2,7,7,7,7,10,10,10,10,9,9,7,9,9,7,0,-1,-1,-1,-1
-1,-1,0,3,3,0,1,2,2,2,2,2,7,7,7,7,7,10,10,7,7,7,7,7,2,0,3,3,3,3,3,3,3,3,3,3,3,3,3,0,0,0,2,2,2,2,7,7,7,7,10,10,10,10,10,10,7,7,7,7,0,-1,-1,-1,-1,-1
-1,-1,0,3,3,0,1,2,2,2,2,7,7,7,7,7,7,10,10,7,7,7,7,7,2,0,0,3,3,3,3,3,3,3,3,3,3,0,0,0,2,2,2,2,2,7,7,7,7,10,10,10,10,10,10,7,7,7,7,7,0,-1,-1,-1,-1,-1
-1,-1,0,0,3,0,1,2,2,2,2,5,7,7,7,7,7,10,10,7,7,7,7,7,2,2,0,0,0,3,3,3,3,3,0,0,0,0,2,2,2,2,2,7,7,7,7,7,7,10,10,10,10,10,10,7,7,7,0,0,-1,-1,-1,-1,-1,-1
-1,-1,-1,0,3,0,0,2,2,2,5,5,5,7,7,7,7,10,10,7,7,7,7,7,7,2,2,2,0,0,0,0,0,0,0,2,2,2,2,2,2,2,7,7,7,7,7,7,7,10,10,10,10,10,7,7,7,0,0,-1,-1,-1,-1,-1,-1,-1
-1,-1,-1,-1,0,3,0,2,2,5,5,5,5,5,7,7,7,10,10,10,7,7,7,7,7,2,2,2,2,2,2,2,2,2,2,2,2,2,2,2,7,7,7,7,7,7,7,7,7,7,10,10,7,7,7,7,0,0,-1,-1,-1,-1,-1,-1,-1,-1
-1,-1,-1,-1,0,3,0,2,2,5,5,2,5,5,7,7,7,10,10,10,7,7,7,7,7,7,2,2,2,2,2,2,2,2,2,2,2,2,7,7,7,7,7,7,7,7,7,7,7,7,7,7,7,7,7,0,0,-1,-1,-1,-1,-1,-1,-1,-1,-1
-1,-1,-1,-1,0,0,0,2,2,2,2,2,2,7,7,7,7,10,10,10,10,7,7,7,7,7,7,7,7,2,2,2,2,2,2,7,7,7,7,7,7,7,7,7,7,7,7,7,7,7,7,7,7,7,0,0,-1,-1,-1,-1,-1,-1,-1,-1,-1,-1
-1,-1,-1,-1,-1,0,0,0,2,2,2,2,2,7,7,7,7,10,10,10,10,10,10,7,7,7,7,7,7,7,7,7,7,7,7,7,7,7,7,7,7,7,7,7,7,7,7,7,7,7,7,7,7,0,0,-1,-1,-1,-1,-1,-1,-1,-1,-1,-1,-1
-1,-1,-1,-1,-1,-1,0,0,2,2,2,2,2,7,7,7,7,7,10,10,10,10,10,10,10,10,7,7,7,7,7,7,7,7,7,7,7,7,7,7,7,7,8,7,7,7,7,7,7,7,7,7,0,0,-1,-1,-1,-1,-1,-1,-1,-1,-1,-1,-1,-1
-1,-1,-1,-1,-1,-1,-1,0,2,2,2,2,2,2,7,7,7,7,10,10,10,10,10,10,10,10,10,10,10,7,7,7,7,7,7,7,7,7,7,7,7,8,8,8,7,7,7,7,7,7,7,7,0,-1,-1,-1,-1,-1,-1,-1,-1,-1,-1,-1,-1,-1
-1,-1,-1,-1,-1,-1,-1,-1,0,2,2,2,2,2,7,7,7,7,7,10,10,10,10,10,10,10,10,10,10,10,7,7,7,7,7,7,7,7,7,7,8,8,8,8,8,7,7,7,7,7,0,0,-1,-1,-1,-1,-1,-1,-1,-1,-1,-1,-1,-1,-1,-1
-1,-1,-1,-1,-1,-1,-1,-1,0,0,2,2,2,2,7,7,7,7,7,7,7,10,10,10,10,10,10,10,10,10,7,7,7,7,7,7,7,7,7,7,8,8,7,8,8,7,7,7,0,0,0,-1,-1,-1,-1,-1,-1,-1,-1,-1,-1,-1,-1,-1,-1,-1
-1,-1,-1,-1,-1,-1,-1,-1,-1,0,0,2,2,2,2,7,7,7,7,7,7,7,7,10,10,10,10,10,10,7,7,7,7,7,7,7,7,7,7,7,7,7,7,7,7,7,7,0,0,-1,-1,-1,-1,-1,-1,-1,-1,-1,-1,-1,-1,-1,-1,-1,-1,-1
-1,-1,-1,-1,-1,-1,-1,-1,-1,-1,-1,0,0,2,2,2,7,7,7,7,7,7,7,7,6,7,7,7,7,7,7,7,7,7,7,7,7,7,7,7,7,7,7,7,7,0,0,0,-1,-1,-1,-1,-1,-1,-1,-1,-1,-1,-1,-1,-1,-1,-1,-1,-1,-1
-1,-1,-1,-1,-1,-1,-1,-1,-1,-1,-1,-1,0,0,0,2,2,7,7,7,7,7,7,6,6,6,7,7,7,7,7,7,7,7,7,7,7,7,7,7,7,7,7,7,0,0,-1,-1,-1,-1,-1,-1,-1,-1,-1,-1,-1,-1,-1,-1,-1,-1,-1,-1,-1,-1
-1,-1,-1,-1,-1,-1,-1,-1,-1,-1,-1,-1,-1,-1,0,0,2,2,7,7,7,7,6,6,6,6,6,7,7,7,7,7,7,7,7,7,7,7,7,7,7,7,0,0,0,-1,-1,-1,-1,-1,-1,-1,-1,-1,-1,-1,-1,-1,-1,-1,-1,-1,-1,-1,-1,-1
-1,-1,-1,-1,-1,-1,-1,-1,-1,-1,-1,-1,-1,-1,-1,-1,0,0,0,7,7,7,6,6,7,6,6,7,7,7,7,7,7,7,7,7,7,7,7,7,0,0,0,-1,-1,-1,-1,-1,-1,-1,-1,-1,-1,-1,-1,-1,-1,-1,-1,-1,-1,-1,-1,-1,-1,-1
-1,-1,-1,-1,-1,-1,-1,-1,-1,-1,-1,-1,-1,-1,-1,-1,-1,-1,0,0,0,7,7,7,7,7,7,7,7,7,7,7,7,7,7,7,7,7,0,0,0,-1,-1,-1,-1,-1,-1,-1,-1,-1,-1,-1,-1,-1,-1,-1,-1,-1,-1,-1,-1,-1,-1,-1,-1,-1
-1,-1,-1,-1,-1,-1,-1,-1,-1,-1,-1,-1,-1,-1,-1,-1,-1,-1,-1,-1,0,0,0,7,7,7,7,7,7,7,7,7,7,0,0,0,0,0,0,-1,-1,-1,-1,-1,-1,-1,-1,-1,-1,-1,-1,-1,-1,-1,-1,-1,-1,-1,-1,-1,-1,-1,-1,-1,-1,-1
-1,-1,-1,-1,-1,-1,-1,-1,-1,-1,-1,-1,-1,-1,-1,-1,-1,-1,-1,-1,-1,-1,0,0,0,0,0,0,0,0,0,0,0,0,0,-1,-1,-1,-1,-1,-1,-1,-1,-1,-1,-1,-1,-1,-1,-1,-1,-1,-1,-1,-1,-1,-1,-1,-1,-1,-1,-1,-1,-1,-1,-1
0,0,0
0.6039216,0.05490196,0.3372549
0.9607844,0.4313726,0.7019608
0.9607844,0.572549,0.2745098
0.9607844,0.7176471,0.5294118
0,0.8509805,0.7098039
0.8509805,0,0.4078432
0.9607844,0.6588235,0.8000001
0.9450981,0.8705883,0.2941177
0,0.6666667,0.8509805
0.9568628,0.8000001,0.8862746
