44,68,
-1,-1,-1,-1,-1,-1,-1,-1,-1,-1,-1,-1,-1,-1,-1,-1,-1,-1,-1,-1,-1,0,0,-1,-1,-1,-1,-1,-1,-1,-1,-1,-1,-1,-1,-1,-1,-1,-1,-1,-1,-1,-1,-1
-1,-1,-1,-1,-1,-1,-1,-1,-1,-1,-1,-1,-1,-1,-1,-1,-1,-1,-1,-1,-1,0,0,-1,-1,-1,-1,-1,-1,-1,-1,-1,-1,-1,-1,-1,-1,-1,-1,-1,-1,-1,-1,-1
-1,-1,-1,-1,-1,-1,-1,-1,-1,-1,-1,-1,-1,-1,-1,-1,-1,-1,-1,-1,0,1,1,0,-1,-1,-1,-1,-1,-1,-1,-1,-1,-1,-1,-1,-1,-1,-1,-1,-1,-1,-1,-1
-1,-1,-1,-1,-1,-1,-1,-1,-1,-1,-1,-1,-1,-1,-1,-1,-1,-1,-1,-1,0,1,2,0,-1,-1,-1,-1,-1,-1,-1,-1,-1,-1,-1,-1,-1,-1,-1,-1,-1,-1,-1,-1
-1,-1,-1,-1,-1,-1,-1,-1,-1,-1,-1,-1,-1,-1,-1,-1,-1,-1,-1,0,1,2,2,1,0,-1,-1,-1,-1,-1,-1,-1,-1,-1,-1,-1,-1,-1,-1,-1,-1,-1,-1,-1
-1,-1,-1,-1,-1,-1,-1,-1,-1,-1,-1,-1,-1,-1,-1,-1,-1,-1,-1,0,1,1,1,1,0,-1,-1,-1,-1,-1,-1,-1,-1,-1,-1,-1,-1,-1,-1,-1,-1,-1,-1,-1
-1,-1,-1,-1,-1,-1,-1,-1,-1,-1,-1,-1,-1,-1,-1,-1,-1,-1,-1,0,1,1,1,1,0,-1,-1,-1,-1,-1,-1,-1,-1,-1,-1,-1,-1,-1,-1,-1,-1,-1,-1,-1
-1,-1,-1,-1,-1,-1,-1,-1,-1,-1,-1,-1,-1,-1,-1,-1,-1,-1,0,1,1,1,2,1,1,0,-1,-1,-1,-1,-1,-1,-1,-1,-1,-1,-1,-1,-1,-1,-1,-1,-1,-1
-1,-1,-1,-1,-1,-1,-1,-1,-1,-1,-1,-1,-1,-1,-1,-1,-1,-1,0,1,1,2,2,1,1,0,-1,-1,-1,-1,-1,-1,-1,-1,-1,-1,-1,-1,-1,-1,-1,-1,-1,-1
-1,-1,-1,-1,-1,-1,-1,-1,-1,-1,-1,-1,-1,-1,-1,-1,-1,-1,0,1,1,1,1,1,1,0,-1,-1,-1,-1,-1,-1,-1,-1,-1,-1,-1,-1,-1,-1,-1,-1,-1,-1
-1,-1,-1,-1,-1,-1,-1,-1,-1,-1,-1,-1,-1,-1,-1,-1,-1,0,1,1,1,1,1,1,1,1,0,-1,-1,-1,-1,-1,-1,-1,-1,-1,-1,-1,-1,-1,-1,-1,-1,-1
-1,-1,-1,-1,-1,-1,-1,-1,-1,-1,-1,-1,-1,-1,-1,-1,-1,0,1,1,1,1,2,1,1,1,0,-1,-1,-1,-1,-1,-1,-1,-1,-1,-1,-1,-1,-1,-1,-1,-1,-1
-1,-1,-1,-1,-1,-1,-1,-1,-1,-1,-1,-1,-1,-1,-1,-1,0,1,1,1,1,2,2,1,1,3,3,0,-1,-1,-1,-1,-1,-1,-1,-1,-1,-1,-1,-1,-1,-1,-1,-1
-1,-1,-1,-1,-1,-1,-1,-1,-1,-1,-1,-1,-1,-1,-1,-1,0,1,2,1,1,1,1,1,1,3,2,0,-1,-1,-1,-1,-1,-1,-1,-1,-1,-1,-1,-1,-1,-1,-1,-1
-1,-1,-1,-1,-1,-1,-1,-1,-1,-1,-1,-1,-1,-1,-1,-1,0,2,2,1,1,1,1,1,3,2,2,0,-1,-1,-1,-1,-1,-1,-1,-1,-1,-1,-1,-1,-1,-1,-1,-1
-1,-1,-1,-1,-1,-1,-1,-1,-1,-1,-1,-1,-1,-1,-1,0,1,1,1,1,1,1,2,1,3,3,3,3,0,-1,-1,-1,-1,-1,-1,-1,-1,-1,-1,-1,-1,-1,-1,-1
-1,-1,-1,-1,-1,-1,-1,-1,-1,-1,-1,-1,-1,-1,-1,0,1,1,1,1,1,2,2,3,3,3,3,3,0,-1,-1,-1,-1,-1,-1,-1,-1,-1,-1,-1,-1,-1,-1,-1
-1,-1,-1,-1,-1,-1,-1,-1,-1,-1,-1,-1,-1,-1,0,1,1,1,2,1,1,1,1,3,3,3,2,3,3,0,-1,-1,-1,-1,-1,-1,-1,-1,-1,-1,-1,-1,-1,-1
-1,-1,-1,-1,-1,-1,-1,-1,-1,-1,-1,-1,-1,-1,0,1,1,2,2,1,1,1,3,3,3,2,2,3,3,0,-1,-1,-1,-1,-1,-1,-1,-1,-1,-1,-1,-1,-1,-1
-1,-1,-1,-1,-1,-1,-1,-1,-1,-1,-1,-1,-1,-1,0,1,1,1,1,1,1,1,2,3,3,3,3,3,3,0,-1,-1,-1,-1,-1,-1,-1,-1,-1,-1,-1,-1,-1,-1
-1,-1,-1,-1,-1,-1,-1,-1,-1,-1,-1,-1,-1,0,1,1,1,1,1,1,1,2,2,3,3,3,3,3,3,3,0,-1,-1,-1,-1,-1,-1,-1,-1,-1,-1,-1,-1,-1
-1,-1,-1,-1,-1,-1,-1,-1,-1,-1,-1,-1,-1,0,1,1,1,1,2,1,1,3,3,3,3,3,2,3,3,3,0,-1,-1,-1,-1,-1,-1,-1,-1,-1,-1,-1,-1,-1
-1,-1,-1,-1,-1,-1,-1,-1,-1,-1,-1,-1,0,1,1,1,1,2,2,1,1,3,3,3,3,2,2,3,3,3,3,0,-1,-1,-1,-1,-1,-1,-1,-1,-1,-1,-1,-1
-1,-1,-1,-1,-1,-1,-1,-1,-1,-1,-1,-1,0,1,2,1,1,1,1,1,1,3,2,3,3,3,3,3,3,3,2,0,-1,-1,-1,-1,-1,-1,-1,-1,-1,-1,-1,-1
-1,-1,-1,-1,-1,-1,-1,-1,-1,-1,-1,-1,0,2,2,1,1,1,1,1,3,2,2,3,3,3,3,3,3,2,2,0,-1,-1,-1,-1,-1,-1,-1,-1,-1,-1,-1,-1
-1,-1,-1,-1,-1,-1,-1,-1,-1,-1,-1,0,1,1,1,1,1,1,2,1,3,3,3,3,3,3,2,3,3,3,3,3,0,-1,-1,-1,-1,-1,-1,-1,-1,-1,-1,-1
-1,-1,-1,-1,-1,-1,-1,-1,-1,-1,-1,0,1,1,1,1,1,2,2,1,3,3,3,3,3,2,2,3,3,3,3,3,0,-1,-1,-1,-1,-1,-1,-1,-1,-1,-1,-1
-1,-1,-1,-1,-1,-1,-1,-1,-1,-1,-1,0,1,1,2,1,1,1,1,3,3,3,2,1,0,0,0,0,1,1,3,3,0,-1,-1,-1,-1,-1,-1,-1,-1,-1,-1,-1
-1,-1,-1,-1,-1,-1,-1,-1,-1,-1,0,1,1,2,2,1,1,1,1,3,3,2,2,1,0,4,4,0,0,1,2,3,3,0,-1,-1,-1,-1,-1,-1,-1,-1,-1,-1
-1,-1,-1,-1,-1,-1,-1,-1,-1,-1,0,1,1,1,1,1,1,1,2,3,3,3,3,1,0,4,4,4,0,0,2,1,3,0,-1,-1,-1,-1,-1,-1,-1,-1,-1,-1
-1,-1,-1,-1,-1,-1,-1,-1,-1,0,1,1,1,1,1,1,1,2,2,3,3,3,3,1,0,4,4,4,4,0,1,1,3,3,0,-1,-1,-1,-1,-1,-1,-1,-1,-1
-1,-1,-1,-1,-1,-1,-1,0,0,0,0,0,1,1,2,1,1,3,3,3,3,3,2,1,0,4,4,4,4,0,1,1,3,2,0,-1,-1,-1,-1,-1,-1,-1,-1,-1
-1,-1,-1,-1,-1,0,0,0,4,4,4,0,0,2,2,1,1,1,1,1,1,2,2,1,0,4,4,4,4,0,2,1,1,1,1,0,-1,-1,-1,-1,-1,-1,-1,-1
-1,-1,-1,-1,0,0,4,4,4,4,4,4,0,0,1,1,1,0,0,0,0,0,1,1,0,0,4,4,4,0,2,1,0,0,0,0,0,-1,-1,-1,-1,-1,-1,-1
-1,-1,-1,-1,0,4,4,4,4,4,4,4,4,0,0,1,1,0,4,4,4,0,1,1,1,0,4,4,4,0,1,0,0,4,4,4,0,0,0,-1,-1,-1,-1,-1
-1,-1,-1,0,0,4,4,4,4,4,4,4,4,4,0,0,0,4,4,4,4,4,0,1,1,0,4,4,4,0,0,0,4,4,4,4,4,4,0,0,-1,-1,-1,-1
-1,-1,-1,0,4,4,4,5,4,4,4,4,4,4,4,4,4,4,4,4,4,4,0,1,0,4,4,4,4,4,4,4,4,5,4,4,4,4,4,0,-1,-1,-1,-1
-1,-1,0,0,4,4,5,5,5,4,4,4,4,4,4,4,4,4,4,4,4,4,0,0,0,4,4,6,6,6,6,6,5,5,5,4,4,4,4,0,0,-1,-1,-1
-1,-1,0,4,4,4,4,5,4,4,4,4,4,4,4,4,4,4,4,4,4,4,4,4,6,6,6,6,6,6,6,6,6,5,6,4,4,4,4,4,0,-1,-1,-1
-1,-1,0,4,4,4,4,4,4,4,4,4,4,4,4,7,4,4,4,4,4,6,6,6,6,6,6,6,6,6,6,6,6,6,6,6,6,4,4,4,0,-1,-1,-1
-1,-1,0,4,4,4,4,4,4,4,4,4,4,4,7,7,7,4,6,6,6,6,6,6,6,6,6,6,6,6,6,6,6,6,6,6,6,6,6,4,0,-1,-1,-1
-1,-1,0,0,4,4,4,4,4,4,4,4,4,4,4,7,6,6,6,6,6,6,6,6,6,6,6,6,6,6,6,6,6,6,6,6,6,6,6,6,0,-1,-1,-1
-1,-1,-1,0,4,4,4,4,4,4,4,4,4,4,6,6,6,6,6,6,6,6,6,6,6,6,8,6,6,6,6,6,6,6,6,6,6,6,6,6,0,-1,-1,-1
-1,-1,-1,0,4,4,4,4,4,4,4,4,6,6,6,6,6,6,6,6,6,6,6,6,6,8,8,8,9,9,9,9,9,9,9,9,9,9,9,6,0,-1,-1,-1
-1,-1,-1,0,0,4,4,4,4,4,4,6,6,6,6,6,6,6,6,6,6,6,6,6,6,9,8,9,9,9,9,9,9,9,1,9,9,9,9,9,0,-1,-1,-1
-1,-1,0,0,4,4,4,4,4,6,6,6,6,6,6,6,6,6,6,6,6,6,6,9,9,9,9,9,9,9,9,9,9,1,1,1,9,9,9,9,0,0,-1,-1
-1,0,0,4,4,4,4,4,6,6,6,6,10,6,6,6,6,6,6,6,6,9,9,9,9,9,9,9,9,9,9,9,9,9,1,9,9,9,9,9,9,0,0,-1
-1,0,4,4,4,4,4,4,6,6,6,10,10,10,6,6,6,6,6,6,9,9,9,9,9,9,9,9,9,9,9,9,9,9,9,9,9,9,9,9,9,11,0,-1
-1,0,4,4,4,4,4,6,6,6,6,6,10,6,6,6,6,6,6,9,9,9,9,9,9,9,9,9,9,9,9,9,9,9,9,9,9,9,9,9,9,11,0,-1
0,0,4,4,4,4,4,6,6,6,6,6,6,6,6,6,6,6,9,9,9,9,9,9,9,9,9,9,9,9,9,9,9,9,9,9,9,9,9,9,9,11,0,0
0,4,4,4,4,4,8,6,6,6,6,6,6,6,6,6,6,9,9,9,9,9,9,9,9,9,9,9,9,9,9,9,9,9,9,9,9,9,9,9,9,11,11,0
0,0,4,4,4,8,8,8,6,6,6,6,6,6,6,6,9,9,9,9,9,9,1,9,9,9,9,9,9,9,9,9,9,9,9,9,9,9,9,9,9,11,0,0
-1,0,4,4,4,4,8,6,6,6,6,6,6,6,6,6,9,9,9,9,9,1,1,1,9,9,9,9,9,9,9,9,9,9,9,9,7,9,9,9,11,11,0,-1
-1,0,4,4,4,4,6,6,6,6,6,6,6,6,6,9,9,9,9,9,9,9,1,9,9,9,9,9,9,9,9,9,9,9,9,7,7,7,9,9,11,11,0,-1
-1,0,4,4,4,4,6,6,6,6,6,6,6,6,6,9,9,9,9,9,9,9,9,9,9,9,9,9,9,9,9,9,9,9,9,9,7,9,9,11,11,11,0,-1
-1,0,4,4,4,6,6,6,6,6,6,6,6,6,9,9,9,9,9,9,9,9,9,9,9,9,9,9,9,9,9,9,9,9,9,9,9,9,11,11,11,11,0,-1
-1,0,0,4,4,4,6,6,6,6,6,6,6,9,9,9,9,9,9,9,9,9,9,9,9,9,9,9,9,9,9,9,9,9,9,9,9,9,11,11,11,0,0,-1
-1,-1,0,4,4,4,6,6,6,6,6,6,6,9,9,9,9,9,9,9,9,9,9,9,9,9,9,9,9,9,9,9,9,9,9,9,9,11,11,11,11,0,-1,-1
-1,-1,0,0,4,4,6,6,5,6,6,6,6,9,9,9,9,9,9,9,9,9,9,9,9,9,9,9,9,9,10,9,9,9,9,9,11,11,11,11,0,0,-1,-1
-1,-1,-1,0,4,4,6,5,5,5,6,6,6,9,9,9,9,9,9,9,9,9,9,9,9,9,9,9,9,10,10,10,9,9,9,11,11,11,11,11,0,-1,-1,-1
-1,-1,-1,0,0,4,4,6,5,6,6,6,9,9,9,9,9,9,9,9,9,9,9,9,9,9,9,9,9,9,10,9,9,9,11,11,11,11,11,0,0,-1,-1,-1
-1,-1,-1,-1,0,0,4,6,6,6,6,6,9,9,9,9,9,9,9,9,9,8,9,9,9,9,9,9,9,9,9,9,9,11,11,11,11,11,0,0,-1,-1,-1,-1
-1,-1,-1,-1,-1,0,0,6,6,6,6,6,9,9,9,9,9,9,9,9,8,8,8,9,9,9,9,9,9,9,9,9,11,11,11,11,11,0,0,-1,-1,-1,-1,-1
-1,-1,-1,-1,-1,-1,0,0,6,6,6,6,6,9,9,9,9,9,9,9,9,8,9,9,9,9,9,9,9,9,11,11,11,11,11,11,0,0,-1,-1,-1,-1,-1,-1
-1,-1,-1,-1,-1,-1,-1,0,0,0,6,6,6,9,9,9,9,9,9,9,9,9,9,9,9,9,9,11,11,11,11,11,11,11,0,0,0,-1,-1,-1,-1,-1,-1,-1
-1,-1,-1,-1,-1,-1,-1,-1,-1,0,0,0,0,6,9,9,9,9,9,9,9,9,9,9,11,11,11,11,11,11,11,0,0,0,0,-1,-1,-1,-1,-1,-1,-1,-1,-1
-1,-1,-1,-1,-1,-1,-1,-1,-1,-1,-1,-1,0,0,0,0,9,9,9,9,11,11,11,11,11,11,11,11,0,0,0,0,-1,-1,-1,-1,-1,-1,-1,-1,-1,-1,-1,-1
-1,-1,-1,-1,-1,-1,-1,-1,-1,-1,-1,-1,-1,-1,-1,-1,0,0,0,0,0,0,0,0,0,0,0,0,-1,-1,-1,-1,-1,-1,-1,-1,-1,-1,-1,-1,-1,-1,-1,-1
0,0,0
0.8117648,0.8117648,0.8117648
0.7098039,0.7098039,0.7098039
0.9333334,0.9333334,0.9333334
0.7137255,0.7137255,0.7137255
0.5960785,0.5960785,0.5960785
0.7803922,0.7803922,0.7803922
0.8784314,0.8784314,0.8784314
0.6313726,0.6313726,0.6313726
0.8509805,0.8509805,0.8509805
0.7686275,0.7686275,0.7686275
0.9137256,0.9137256,0.9137256
