66,70,
-1,-1,-1,-1,-1,-1,-1,-1,-1,-1,-1,-1,-1,-1,-1,-1,-1,-1,-1,-1,-1,-1,-1,-1,-1,-1,-1,-1,-1,-1,-1,-1,-1,-1,-1,0,0,0,0,0,-1,-1,-1,-1,-1,-1,-1,-1,-1,-1,-1,-1,-1,-1,-1,-1,-1,-1,-1,-1,-1,-1,-1,-1,-1,-1
-1,-1,-1,-1,-1,-1,-1,-1,-1,-1,-1,-1,-1,-1,-1,-1,-1,-1,-1,-1,-1,-1,-1,-1,-1,-1,-1,-1,-1,-1,-1,-1,-1,-1,0,0,1,1,1,1,0,-1,-1,-1,-1,-1,-1,-1,-1,-1,-1,-1,-1,-1,-1,-1,-1,-1,-1,-1,-1,-1,-1,-1,-1,-1
-1,-1,-1,-1,-1,-1,-1,-1,-1,-1,-1,-1,-1,-1,-1,-1,-1,-1,-1,-1,-1,-1,-1,-1,-1,-1,-1,-1,-1,-1,-1,-1,-1,-1,0,1,1,1,1,1,0,0,-1,-1,-1,-1,-1,-1,-1,-1,-1,-1,-1,-1,-1,-1,-1,-1,-1,-1,-1,-1,-1,-1,-1,-1
-1,-1,-1,-1,-1,-1,-1,-1,-1,-1,-1,-1,-1,-1,-1,-1,-1,-1,-1,-1,-1,-1,-1,-1,-1,-1,-1,-1,-1,-1,-1,-1,-1,-1,0,1,1,1,1,1,1,0,-1,-1,-1,-1,-1,-1,-1,-1,-1,-1,-1,-1,-1,-1,-1,-1,-1,-1,-1,-1,-1,-1,-1,-1
-1,-1,-1,-1,-1,-1,-1,-1,-1,-1,-1,-1,-1,-1,-1,-1,-1,-1,-1,-1,-1,-1,-1,-1,-1,-1,-1,-1,-1,-1,-1,-1,-1,-1,0,1,1,1,1,1,1,0,-1,-1,-1,-1,-1,-1,-1,-1,-1,-1,-1,-1,-1,-1,-1,-1,-1,-1,-1,-1,-1,-1,-1,-1
-1,-1,-1,-1,-1,-1,-1,-1,-1,-1,-1,-1,-1,-1,-1,-1,-1,-1,-1,-1,-1,-1,-1,-1,-1,-1,-1,-1,-1,-1,-1,-1,-1,-1,0,1,1,1,1,1,1,0,-1,-1,-1,-1,-1,-1,-1,-1,-1,-1,-1,-1,-1,-1,-1,-1,-1,-1,-1,-1,-1,-1,-1,-1
-1,-1,-1,-1,-1,-1,-1,-1,-1,-1,-1,-1,-1,-1,-1,-1,-1,-1,-1,-1,-1,-1,-1,-1,-1,-1,-1,-1,-1,-1,-1,-1,-1,-1,0,1,1,1,1,1,1,0,-1,-1,-1,-1,-1,-1,-1,-1,-1,-1,-1,-1,-1,-1,-1,-1,-1,-1,-1,-1,-1,-1,-1,-1
-1,-1,-1,-1,-1,-1,-1,-1,-1,-1,-1,-1,-1,-1,-1,-1,-1,-1,-1,-1,-1,-1,-1,-1,-1,-1,-1,-1,-1,-1,-1,-1,-1,-1,0,1,1,2,2,1,1,0,-1,-1,-1,-1,-1,-1,-1,-1,-1,-1,-1,-1,-1,-1,-1,-1,-1,-1,-1,-1,-1,-1,-1,-1
-1,-1,-1,-1,-1,-1,-1,-1,-1,-1,-1,-1,-1,-1,-1,-1,-1,-1,-1,-1,-1,-1,-1,-1,-1,-1,-1,-1,-1,-1,-1,-1,0,0,0,1,1,2,2,2,1,0,0,0,0,0,-1,-1,-1,-1,-1,-1,-1,-1,-1,-1,-1,-1,-1,-1,-1,-1,-1,-1,-1,-1
-1,-1,-1,-1,-1,-1,-1,-1,-1,-1,-1,-1,-1,-1,-1,-1,-1,-1,-1,-1,-1,-1,-1,-1,-1,-1,-1,-1,-1,-1,0,0,0,3,0,1,2,2,2,2,2,0,3,4,4,0,0,0,-1,-1,-1,-1,-1,-1,-1,-1,-1,-1,-1,-1,-1,-1,-1,-1,-1,-1
-1,-1,-1,-1,-1,-1,-1,-1,-1,-1,-1,-1,-1,-1,-1,-1,-1,-1,-1,-1,-1,-1,-1,-1,0,0,0,0,-1,0,0,4,3,3,0,1,2,2,2,2,2,0,3,4,4,4,4,4,0,0,-1,-1,-1,-1,-1,-1,-1,-1,-1,-1,-1,-1,-1,-1,-1,-1
-1,-1,-1,-1,-1,-1,-1,-1,-1,-1,-1,-1,-1,-1,-1,-1,-1,-1,-1,-1,-1,-1,-1,-1,0,4,4,4,0,0,4,4,3,3,0,1,2,2,2,2,2,0,3,4,4,4,4,4,4,0,0,0,-1,-1,-1,-1,-1,-1,-1,-1,-1,-1,-1,-1,-1,-1
-1,-1,-1,-1,-1,-1,-1,-1,-1,-1,-1,-1,-1,-1,-1,-1,-1,-1,-1,-1,-1,-1,-1,0,0,4,4,4,4,4,4,4,3,3,0,1,2,2,2,2,2,0,3,3,4,4,4,4,4,4,4,0,0,-1,-1,-1,-1,-1,-1,-1,-1,-1,-1,-1,-1,-1
-1,-1,-1,-1,-1,-1,-1,-1,-1,-1,-1,-1,-1,-1,-1,-1,-1,-1,-1,0,0,0,0,0,4,4,4,4,4,4,4,4,3,3,0,1,2,2,2,2,2,0,0,3,3,3,4,4,4,4,4,4,4,0,0,-1,-1,-1,-1,-1,-1,-1,-1,-1,-1,-1
-1,-1,-1,-1,-1,-1,-1,-1,-1,-1,-1,-1,-1,-1,-1,-1,-1,-1,0,0,4,4,3,3,3,3,3,3,3,3,3,4,3,0,0,1,2,2,2,2,2,1,0,3,3,3,3,3,3,4,4,4,4,4,4,0,0,-1,-1,-1,-1,-1,-1,-1,-1,-1
-1,-1,-1,-1,-1,-1,-1,-1,-1,-1,-1,-1,-1,-1,-1,-1,0,0,0,4,4,3,3,3,0,0,0,0,0,0,3,3,3,0,1,1,2,2,2,2,2,1,0,3,3,3,3,3,3,3,3,4,4,4,4,4,0,0,-1,-1,-1,-1,-1,-1,-1,-1
-1,-1,-1,-1,-1,-1,-1,-1,-1,-1,-1,-1,-1,-1,-1,0,0,4,4,4,3,3,3,0,0,1,1,1,1,0,0,3,3,0,1,1,2,2,5,2,2,2,0,0,0,3,3,3,3,3,3,3,3,4,4,4,4,4,0,-1,-1,-1,-1,-1,-1,-1
-1,-1,-1,-1,-1,-1,-1,-1,-1,-1,-1,-1,-1,-1,0,0,4,4,4,3,3,3,0,0,1,1,1,1,1,1,0,0,0,0,1,2,2,5,5,5,2,2,1,1,0,0,0,0,3,3,3,3,3,3,4,4,4,4,0,0,-1,-1,-1,-1,-1,-1
-1,-1,-1,-1,-1,-1,-1,-1,-1,-1,-1,-1,-1,0,0,4,4,4,4,3,3,3,0,1,1,2,2,2,2,1,1,1,1,1,2,2,5,5,5,5,5,2,2,2,1,1,1,0,0,0,0,3,3,3,3,4,4,4,4,0,-1,-1,-1,-1,-1,-1
-1,-1,-1,-1,-1,-1,-1,-1,-1,-1,-1,0,0,0,4,4,4,4,4,3,3,3,0,1,2,2,2,2,2,2,2,2,2,2,2,2,5,5,2,5,5,2,2,2,2,2,2,1,1,1,0,0,3,3,3,3,4,4,4,0,0,-1,-1,-1,-1,-1
-1,-1,-1,-1,-1,-1,-1,-1,-1,0,0,4,4,4,4,4,4,4,4,4,3,3,0,1,2,2,2,2,2,2,2,2,2,2,2,2,2,2,2,2,2,2,2,2,2,2,2,2,2,1,1,0,0,3,3,3,3,4,4,4,0,-1,-1,-1,-1,-1
-1,-1,-1,-1,-1,-1,-1,-1,-1,0,4,4,4,4,4,4,4,4,4,4,3,3,0,1,2,2,2,2,2,2,2,2,2,2,2,2,2,2,2,2,2,2,2,2,2,2,2,2,2,2,1,1,0,3,3,3,3,4,4,4,0,0,-1,-1,-1,-1
-1,-1,-1,-1,-1,-1,-1,0,0,4,4,4,3,3,3,3,3,4,3,3,3,3,0,1,2,2,2,2,2,2,2,2,2,2,2,2,2,2,2,2,2,2,2,2,2,2,2,2,2,2,2,1,0,0,3,3,3,3,4,4,4,0,0,-1,-1,-1
-1,-1,-1,-1,-1,-1,-1,0,4,3,3,3,3,3,3,3,3,3,3,3,3,0,0,1,2,2,2,2,2,2,2,2,2,2,2,2,2,2,2,2,2,2,2,2,2,2,2,2,2,2,2,1,1,0,0,3,3,3,3,4,4,4,0,-1,-1,-1
-1,-1,-1,-1,-1,-1,0,0,3,3,0,0,0,0,0,0,3,3,3,3,0,0,1,1,2,2,2,2,2,2,2,2,2,2,2,2,2,2,2,2,2,2,2,2,2,2,2,2,2,2,2,2,1,1,0,0,0,3,3,3,3,4,4,0,-1,-1
-1,-1,-1,-1,-1,-1,0,3,3,0,0,1,1,1,1,0,0,0,0,0,0,1,1,2,2,2,2,2,2,2,2,2,2,2,2,2,2,2,2,2,2,2,2,2,2,2,2,2,2,2,2,2,2,1,1,1,0,0,0,0,0,3,3,0,-1,-1
-1,-1,-1,-1,-1,0,0,3,0,0,1,1,1,1,1,1,1,1,1,1,1,1,2,2,2,2,2,2,2,2,2,2,2,2,2,6,2,2,2,2,2,2,2,2,2,2,2,2,2,2,2,2,2,2,2,1,1,1,1,1,0,0,0,0,0,-1
-1,-1,-1,-1,0,0,4,3,0,1,1,1,1,2,2,2,1,1,1,1,2,2,2,2,2,2,2,2,2,2,2,2,2,2,6,6,6,7,7,7,7,7,7,7,7,7,7,7,7,7,2,2,2,2,2,2,2,2,1,1,1,1,0,0,0,-1
-1,-1,-1,-1,0,4,4,3,0,1,1,2,2,2,2,2,2,2,2,2,2,2,2,2,2,2,2,2,2,2,2,7,7,6,6,6,6,6,7,7,7,7,7,7,7,7,7,7,7,7,7,7,7,8,2,2,2,2,2,2,2,1,1,0,0,-1
-1,-1,-1,0,0,4,4,3,0,1,2,2,2,2,2,2,2,2,9,2,2,2,2,2,2,2,2,7,7,7,7,7,7,6,6,7,6,6,7,7,7,7,7,7,7,7,7,7,7,7,7,7,8,8,8,2,2,2,2,2,2,2,1,1,0,-1
-1,-1,-1,0,4,4,4,3,0,0,2,2,2,2,2,2,2,9,9,9,2,2,2,2,2,7,7,7,7,7,7,7,7,7,7,7,7,7,7,7,7,7,7,7,7,7,7,7,7,7,7,8,8,8,8,8,2,2,2,2,2,2,2,1,0,0
-1,-1,0,0,4,4,4,3,3,0,1,2,2,2,2,2,9,9,9,9,9,2,2,7,7,7,7,7,7,7,7,7,7,7,7,7,7,7,7,7,7,7,7,7,7,7,7,7,7,7,7,8,8,7,8,8,7,2,2,2,2,2,2,2,0,0
-1,-1,0,4,4,4,4,4,3,0,0,2,2,2,2,2,9,9,2,9,9,2,7,7,7,7,7,7,7,7,7,7,7,7,7,7,7,7,7,7,7,7,7,7,7,7,7,7,7,7,7,7,7,7,7,7,7,7,2,2,2,2,2,2,1,0
-1,0,0,4,4,4,4,4,3,3,0,1,2,2,2,2,2,2,2,2,2,7,7,7,7,7,7,7,7,7,7,7,7,7,7,7,7,7,7,7,7,7,7,7,7,7,7,7,7,7,7,7,7,7,7,7,7,7,7,2,2,2,2,2,1,0
-1,0,4,4,4,4,4,4,3,3,3,0,2,2,2,2,2,2,2,7,7,7,7,7,7,7,7,7,7,7,7,7,7,7,7,7,7,7,7,7,7,7,7,7,7,7,7,7,7,7,7,7,7,7,7,7,7,7,7,2,2,2,2,2,2,0
-1,0,4,4,4,4,4,4,4,3,3,0,1,2,2,2,2,2,7,7,7,7,7,7,7,7,7,7,7,7,7,7,7,7,7,7,0,0,0,0,0,0,0,0,7,7,7,7,7,7,7,7,7,7,7,7,7,7,7,7,2,2,2,2,2,0
0,0,4,4,4,4,4,4,4,3,3,0,1,2,2,2,2,7,7,7,7,7,7,7,7,7,7,7,7,7,7,7,7,7,0,0,0,-1,-1,0,0,4,3,0,0,2,2,7,7,7,7,7,7,7,7,7,7,7,7,7,7,2,2,2,2,0
0,4,4,4,4,4,4,4,4,3,3,0,1,2,2,2,7,7,7,7,7,7,7,7,7,7,7,7,7,7,7,7,0,0,0,-1,-1,-1,-1,-1,0,4,3,3,0,0,2,2,7,7,7,7,7,7,7,7,7,7,7,7,7,2,2,2,2,0
0,4,4,4,4,4,4,4,3,3,3,0,1,2,2,2,7,7,7,7,7,7,7,7,7,7,7,7,7,7,0,0,0,-1,-1,-1,-1,-1,-1,-1,0,4,4,3,3,0,2,2,7,7,7,7,7,7,7,7,7,7,7,7,7,2,2,2,2,0
0,4,4,4,4,4,4,3,3,3,3,0,1,2,2,7,7,7,8,7,7,7,7,7,7,7,7,7,7,0,0,-1,-1,-1,-1,-1,-1,-1,-1,-1,0,4,4,3,3,0,0,2,2,7,7,7,7,7,7,7,7,7,7,7,6,7,2,2,2,0
0,4,4,4,4,4,3,3,3,3,0,1,1,2,2,7,7,8,8,8,7,7,7,7,7,7,7,0,0,-1,-1,-1,-1,-1,-1,-1,-1,-1,-1,0,0,4,4,3,3,3,0,2,2,7,7,7,7,7,7,10,7,7,7,6,6,6,2,2,0,0
0,4,4,4,4,3,3,3,3,0,0,1,2,2,7,7,8,8,8,8,8,7,7,7,7,7,7,0,-1,-1,-1,-1,-1,-1,-1,-1,-1,-1,0,0,4,4,3,3,3,3,0,2,2,7,7,7,7,7,7,10,7,7,6,6,6,6,6,2,0,-1
0,4,4,4,4,3,3,3,0,0,1,1,2,2,7,7,8,8,7,8,8,7,7,7,7,7,0,-1,-1,-1,-1,-1,-1,-1,-1,-1,-1,0,0,4,4,4,3,3,3,3,0,2,2,7,7,7,7,7,7,10,10,7,6,6,7,6,6,0,0,-1
0,4,4,4,4,3,3,0,0,1,1,2,2,2,7,7,7,7,7,7,7,7,7,7,7,0,0,-1,-1,-1,-1,-1,-1,-1,-1,-1,0,0,4,4,4,4,3,3,3,3,0,2,2,2,7,7,7,7,7,10,10,7,7,7,7,7,2,0,0,-1
0,4,4,4,3,3,0,0,1,1,2,2,2,7,7,7,7,7,7,7,7,7,7,7,7,0,0,-1,-1,-1,-1,-1,-1,-1,0,0,0,4,4,4,4,3,3,3,3,3,0,2,2,2,7,7,7,7,7,10,10,7,7,7,7,7,2,0,-1,-1
0,0,4,4,3,3,0,1,1,2,2,2,2,7,7,7,7,7,7,7,7,7,7,7,7,0,0,0,-1,-1,-1,-1,-1,0,0,4,4,4,4,4,3,3,3,3,3,0,2,2,2,7,7,7,7,7,10,10,10,7,7,7,7,7,0,0,-1,-1
-1,0,4,4,3,3,0,1,2,2,2,2,2,7,7,7,7,7,7,7,10,7,7,7,0,0,4,0,0,0,0,0,0,4,4,4,4,4,4,3,3,3,3,3,0,0,2,2,2,7,7,7,7,10,10,10,10,9,7,7,7,7,0,-1,-1,-1
-1,0,4,3,3,0,0,1,2,2,2,2,7,7,7,7,7,7,7,10,10,7,7,7,0,4,4,4,4,4,4,4,4,4,4,4,4,4,3,3,3,3,3,0,0,2,2,2,2,7,7,7,10,10,10,10,9,9,9,7,7,0,0,-1,-1,-1
-1,0,4,3,3,0,1,2,2,2,2,2,7,7,7,7,7,7,10,10,7,7,7,7,0,3,4,4,4,4,4,4,4,4,4,4,3,3,3,3,3,3,0,0,2,2,2,2,7,7,7,7,10,10,10,9,9,9,9,9,7,0,-1,-1,-1,-1
-1,0,0,3,3,0,1,2,2,2,2,2,7,7,7,7,7,7,10,10,7,7,7,7,0,0,4,4,4,4,4,4,4,3,3,3,3,3,3,3,3,0,0,2,2,2,2,7,7,7,7,10,10,10,10,9,9,7,9,9,7,0,-1,-1,-1,-1
-1,-1,0,3,3,0,1,2,2,2,2,2,7,7,7,7,7,10,10,7,7,7,7,7,2,0,3,3,3,3,3,3,3,3,3,3,3,3,3,0,0,0,2,2,2,2,7,7,7,7,10,10,10,10,10,10,7,7,7,7,0,-1,-1,-1,-1,-1
-1,-1,0,3,3,0,1,2,2,2,2,7,7,7,7,7,7,10,10,7,7,7,7,7,2,0,0,3,3,3,3,3,3,3,3,3,3,0,0,0,2,2,2,2,2,7,7,7,7,10,10,10,10,10,10,7,7,7,7,7,0,-1,-1,-1,-1,-1
-1,-1,0,0,3,0,1,2,2,2,2,5,7,7,7,7,7,10,10,7,7,7,7,7,2,2,0,0,0,3,3,3,3,3,0,0,0,0,2,2,2,2,2,7,7,7,7,7,7,10,10,10,10,10,10,7,7,7,0,0,-1,-1,-1,-1,-1,-1
-1,-1,-1,0,3,0,0,2,2,2,5,5,5,7,7,7,7,10,10,7,7,7,7,7,7,2,2,2,0,0,0,0,0,0,0,2,2,2,2,2,2,2,7,7,7,7,7,7,7,10,10,10,10,10,7,7,7,0,0,-1,-1,-1,-1,-1,-1,-1
-1,-1,-1,-1,0,3,0,2,2,5,5,5,5,5,7,7,7,10,10,10,7,7,7,7,7,2,2,2,2,2,2,2,2,2,2,2,2,2,2,2,7,7,7,7,7,7,7,7,7,7,10,10,7,7,7,7,0,0,-1,-1,-1,-1,-1,-1,-1,-1
-1,-1,-1,-1,0,3,0,2,2,5,5,2,5,5,7,7,7,10,10,10,7,7,7,7,7,7,2,2,2,2,2,2,2,2,2,2,2,2,7,7,7,7,7,7,7,7,7,7,7,7,7,7,7,7,7,0,0,-1,-1,-1,-1,-1,-1,-1,-1,-1
-1,-1,-1,-1,0,0,0,2,2,2,2,2,2,7,7,7,7,10,10,10,10,7,7,7,7,7,7,7,7,2,2,2,2,2,2,7,7,7,7,7,7,7,7,7,7,7,7,7,7,7,7,7,7,7,0,0,-1,-1,-1,-1,-1,-1,-1,-1,-1,-1
-1,-1,-1,-1,-1,0,0,0,2,2,2,2,2,7,7,7,7,10,10,10,10,10,10,7,7,7,7,7,7,7,7,7,7,7,7,7,7,7,7,7,7,7,7,7,7,7,7,7,7,7,7,7,7,0,0,-1,-1,-1,-1,-1,-1,-1,-1,-1,-1,-1
-1,-1,-1,-1,-1,-1,0,0,2,2,2,2,2,7,7,7,7,7,10,10,10,10,10,10,10,10,7,7,7,7,7,7,7,7,7,7,7,7,7,7,7,7,8,7,7,7,7,7,7,7,7,7,0,0,-1,-1,-1,-1,-1,-1,-1,-1,-1,-1,-1,-1
-1,-1,-1,-1,-1,-1,-1,0,2,2,2,2,2,2,7,7,7,7,10,10,10,10,10,10,10,10,10,10,10,7,7,7,7,7,7,7,7,7,7,7,7,8,8,8,7,7,7,7,7,7,7,7,0,-1,-1,-1,-1,-1,-1,-1,-1,-1,-1,-1,-1,-1
-1,-1,-1,-1,-1,-1,-1,-1,0,2,2,2,2,2,7,7,7,7,7,10,10,10,10,10,10,10,10,10,10,10,7,7,7,7,7,7,7,7,7,7,8,8,8,8,8,7,7,7,7,7,0,0,-1,-1,-1,-1,-1,-1,-1,-1,-1,-1,-1,-1,-1,-1
-1,-1,-1,-1,-1,-1,-1,-1,0,0,2,2,2,2,7,7,7,7,7,7,7,10,10,10,10,10,10,10,10,10,7,7,7,7,7,7,7,7,7,7,8,8,7,8,8,7,7,7,0,0,0,-1,-1,-1,-1,-1,-1,-1,-1,-1,-1,-1,-1,-1,-1,-1
-1,-1,-1,-1,-1,-1,-1,-1,-1,0,0,2,2,2,2,7,7,7,7,7,7,7,7,10,10,10,10,10,10,7,7,7,7,7,7,7,7,7,7,7,7,7,7,7,7,7,7,0,0,-1,-1,-1,-1,-1,-1,-1,-1,-1,-1,-1,-1,-1,-1,-1,-1,-1
-1,-1,-1,-1,-1,-1,-1,-1,-1,-1,-1,0,0,2,2,2,7,7,7,7,7,7,7,7,6,7,7,7,7,7,7,7,7,7,7,7,7,7,7,7,7,7,7,7,7,0,0,0,-1,-1,-1,-1,-1,-1,-1,-1,-1,-1,-1,-1,-1,-1,-1,-1,-1,-1
-1,-1,-1,-1,-1,-1,-1,-1,-1,-1,-1,-1,0,0,0,2,2,7,7,7,7,7,7,6,6,6,7,7,7,7,7,7,7,7,7,7,7,7,7,7,7,7,7,7,0,0,-1,-1,-1,-1,-1,-1,-1,-1,-1,-1,-1,-1,-1,-1,-1,-1,-1,-1,-1,-1
-1,-1,-1,-1,-1,-1,-1,-1,-1,-1,-1,-1,-1,-1,0,0,2,2,7,7,7,7,6,6,6,6,6,7,7,7,7,7,7,7,7,7,7,7,7,7,7,7,0,0,0,-1,-1,-1,-1,-1,-1,-1,-1,-1,-1,-1,-1,-1,-1,-1,-1,-1,-1,-1,-1,-1
-1,-1,-1,-1,-1,-1,-1,-1,-1,-1,-1,-1,-1,-1,-1,-1,0,0,0,7,7,7,6,6,7,6,6,7,7,7,7,7,7,7,7,7,7,7,7,7,0,0,0,-1,-1,-1,-1,-1,-1,-1,-1,-1,-1,-1,-1,-1,-1,-1,-1,-1,-1,-1,-1,-1,-1,-1
-1,-1,-1,-1,-1,-1,-1,-1,-1,-1,-1,-1,-1,-1,-1,-1,-1,-1,0,0,0,7,7,7,7,7,7,7,7,7,7,7,7,7,7,7,7,7,0,0,0,-1,-1,-1,-1,-1,-1,-1,-1,-1,-1,-1,-1,-1,-1,-1,-1,-1,-1,-1,-1,-1,-1,-1,-1,-1
-1,-1,-1,-1,-1,-1,-1,-1,-1,-1,-1,-1,-1,-1,-1,-1,-1,-1,-1,-1,0,0,0,7,7,7,7,7,7,7,7,7,7,0,0,0,0,0,0,-1,-1,-1,-1,-1,-1,-1,-1,-1,-1,-1,-1,-1,-1,-1,-1,-1,-1,-1,-1,-1,-1,-1,-1,-1,-1,-1
-1,-1,-1,-1,-1,-1,-1,-1,-1,-1,-1,-1,-1,-1,-1,-1,-1,-1,-1,-1,-1,-1,0,0,0,0,0,0,0,0,0,0,0,0,0,-1,-1,-1,-1,-1,-1,-1,-1,-1,-1,-1,-1,-1,-1,-1,-1,-1,-1,-1,-1,-1,-1,-1,-1,-1,-1,-1,-1,-1,-1,-1
0,0,0
0.2509804,0.2509804,0.2509804
0.6196079,0.6196079,0.6196079
0.654902,0.654902,0.654902
0.7686275,0.7686275,0.7686275
0.5803922,0.5803922,0.5803922
0.3019608,0.3019608,0.3019608
0.764706,0.764706,0.764706
0.8313726,0.8313726,0.8313726
0.4862745,0.4862745,0.4862745
0.854902,0.854902,0.854902
