90,90,
0,0,0,0,0,0,0,0,0,0,0,0,0,0,0,1,1,2,2,2,2,2,2,2,2,2,2,2,2,2,2,3,3,3,3,2,2,2,4,2,2,2,2,4,4,2,2,2,2,2,2,2,2,2,2,1,4,4,1,2,2,2,1,4,4,4,4,1,2,2,2,2,4,2,2,4,2,2,2,3,3,2,2,2,2,1,1,0,0,0
0,0,0,0,0,0,0,0,0,0,0,0,0,0,1,2,2,2,2,2,2,2,2,2,2,2,2,2,3,3,3,3,3,4,4,4,4,4,4,4,4,4,4,2,2,2,2,2,2,2,2,2,1,1,1,1,1,1,1,1,1,1,1,4,4,4,1,2,2,2,2,2,4,2,2,2,4,2,2,2,3,3,2,2,2,2,2,1,0,0
0,0,0,0,0,0,0,0,0,0,0,0,1,1,2,2,2,2,2,2,2,2,2,2,2,2,3,3,3,3,2,4,4,2,2,2,2,2,4,2,2,2,2,2,2,2,2,1,1,1,1,1,1,4,4,4,1,4,4,4,4,4,1,4,4,1,2,2,2,2,2,2,2,4,2,2,4,2,2,2,2,3,3,2,2,2,2,1,0,0
0,0,0,0,0,0,0,0,0,0,0,1,2,2,2,2,2,2,2,2,2,2,2,2,3,3,3,3,2,2,4,2,2,2,2,2,2,2,4,2,2,2,2,2,2,1,1,4,4,4,4,4,4,4,4,1,4,4,1,1,1,4,4,1,1,2,2,2,2,2,2,2,2,4,2,2,4,2,2,2,2,2,3,3,2,2,2,2,1,0
0,0,0,0,0,0,0,0,0,1,1,2,2,2,2,2,2,2,2,2,2,2,3,3,3,3,2,2,2,4,2,2,2,2,2,2,2,2,4,2,2,2,2,2,1,4,4,4,4,4,4,1,1,1,1,1,4,1,0,0,0,1,4,1,2,2,2,2,2,2,2,2,2,2,4,4,4,4,4,2,2,2,2,3,3,2,2,2,1,0
0,0,0,0,0,0,0,0,1,2,2,2,2,2,2,2,2,2,2,2,3,3,3,3,2,2,2,2,2,4,2,2,2,2,2,2,2,4,2,2,2,2,2,1,4,4,4,4,4,4,1,4,4,4,4,4,4,1,0,0,0,1,4,1,1,2,2,2,2,2,2,2,2,2,2,2,4,2,2,4,2,2,2,2,3,2,2,2,2,1
0,0,0,0,0,0,1,1,2,2,2,2,2,2,2,2,2,2,3,3,3,3,2,4,4,4,4,4,4,4,4,2,2,2,4,4,4,2,2,2,2,2,1,4,4,4,4,4,4,1,4,4,4,4,4,4,4,4,1,0,1,4,4,4,4,1,1,2,2,2,2,2,2,2,2,4,2,2,2,2,4,2,2,2,3,3,2,2,2,1
0,0,0,0,0,1,2,2,2,2,2,2,2,2,2,2,3,3,3,3,2,2,4,2,2,2,2,2,4,2,2,4,4,4,2,2,2,2,2,2,2,1,4,4,4,4,1,1,1,1,4,4,4,4,1,1,1,1,4,1,4,1,1,4,4,1,5,1,2,2,2,2,2,2,2,4,2,2,2,2,2,4,2,2,2,3,3,2,2,1
0,0,0,0,1,2,2,2,2,2,2,2,2,2,3,3,3,3,2,2,2,4,2,2,2,2,2,4,2,2,2,2,2,2,2,2,2,2,1,1,1,4,4,4,1,1,2,2,2,1,4,4,4,1,6,6,1,4,4,4,1,6,6,1,4,1,5,5,1,2,2,2,2,2,2,2,4,2,2,2,2,2,4,2,2,2,3,3,2,1
0,0,0,1,2,2,2,2,2,2,2,2,3,3,3,3,2,2,2,2,2,4,2,2,2,4,4,2,2,2,2,2,2,2,2,2,1,1,7,1,4,4,4,1,2,2,2,1,1,1,4,4,4,1,6,1,4,4,1,4,4,1,6,1,4,1,5,5,1,2,2,2,2,2,2,2,2,4,2,2,2,2,4,2,2,1,1,1,1,-1
0,0,1,2,2,2,2,2,2,2,3,3,3,3,2,2,2,2,2,2,2,2,4,4,4,2,2,2,2,2,2,2,2,2,1,1,7,7,1,4,4,4,1,2,2,1,1,4,4,4,1,4,4,1,1,4,4,1,6,1,4,4,1,4,4,1,5,5,5,1,2,2,2,2,2,2,2,4,2,1,1,1,1,1,1,-1,-1,-1,-1,-1
0,1,2,2,2,2,2,2,2,3,3,3,2,2,2,2,2,2,2,2,2,2,2,2,2,2,2,2,2,1,1,1,1,1,5,7,7,1,4,4,1,1,2,1,1,4,4,4,4,4,1,4,4,4,1,4,1,6,6,6,1,4,4,4,1,5,5,1,1,1,2,2,2,1,1,1,1,1,1,-1,-1,-1,-1,-1,-1,-1,-1,-1,-1,-1
1,2,2,2,2,2,2,3,3,3,3,2,2,2,2,2,2,2,2,2,2,2,2,2,2,2,2,1,1,5,5,5,5,5,7,7,1,4,4,1,2,2,1,4,4,4,4,4,4,4,4,1,4,4,4,4,1,6,6,6,1,4,4,1,1,1,1,-1,-1,1,1,1,1,-1,-1,-1,-1,-1,-1,-1,-1,-1,-1,-1,-1,-1,-1,-1,-1,-1
2,2,2,2,2,2,3,3,3,2,2,2,2,2,2,2,2,2,2,2,2,2,2,2,2,1,1,5,5,5,5,5,5,7,7,1,4,4,1,2,1,1,4,4,4,4,4,4,4,4,1,8,1,4,4,1,6,1,1,6,1,4,1,4,1,-1,-1,-1,-1,-1,-1,-1,-1,-1,-1,-1,-1,-1,-1,-1,-1,-1,-1,-1,-1,-1,-1,-1,-1,-1
2,2,2,2,2,3,3,3,2,2,2,2,2,2,2,2,2,2,2,2,2,2,2,1,1,5,5,5,5,5,5,5,7,7,1,4,4,1,2,1,4,4,4,4,4,4,4,4,4,1,8,8,1,4,4,1,1,4,4,1,1,1,4,4,1,-1,-1,-1,-1,-1,-1,-1,-1,-1,-1,-1,-1,-1,-1,-1,-1,-1,-1,-1,-1,-1,-1,-1,-1,-1
2,2,2,2,3,3,2,2,2,2,2,2,2,2,2,2,2,2,2,2,1,1,1,9,9,1,5,5,5,5,5,7,7,1,4,4,1,2,1,4,4,4,4,4,4,4,4,4,1,8,8,8,8,1,4,4,4,4,4,1,4,1,4,4,1,-1,-1,-1,-1,-1,-1,-1,-1,-1,-1,-1,-1,-1,-1,-1,-1,-1,-1,-1,-1,-1,-1,-1,-1,-1
2,2,2,3,3,2,2,2,2,2,2,2,2,2,2,2,1,1,1,1,9,9,9,9,9,9,1,1,5,5,7,7,1,4,4,1,2,1,4,4,1,1,1,1,4,4,1,1,8,8,8,8,8,8,1,4,4,4,1,1,4,1,4,1,-1,-1,-1,-1,-1,-1,-1,-1,-1,-1,-1,-1,-1,-1,-1,-1,-1,-1,-1,-1,-1,-1,-1,-1,-1,-1
2,2,3,3,1,1,1,1,1,1,1,1,1,1,1,1,1,9,9,9,9,9,9,9,9,9,9,9,1,7,7,1,4,4,1,2,1,4,4,1,7,7,7,7,1,1,5,1,8,8,8,8,8,8,1,4,4,4,1,1,4,4,1,-1,-1,-1,-1,-1,-1,-1,-1,-1,-1,-1,-1,-1,-1,-1,-1,-1,-1,-1,-1,-1,-1,-1,-1,-1,-1,-1
1,1,1,1,-1,-1,-1,-1,-1,-1,-1,-1,-1,-1,-1,-1,-1,1,9,9,9,9,9,9,9,9,9,9,9,1,1,4,4,1,2,1,4,1,1,7,7,7,7,7,7,5,5,1,8,8,8,8,8,8,8,1,1,1,7,1,4,4,1,-1,-1,-1,-1,-1,-1,-1,-1,-1,-1,-1,-1,-1,-1,-1,-1,-1,-1,-1,-1,-1,-1,-1,-1,-1,-1,-1
-1,-1,-1,-1,-1,-1,-1,-1,-1,-1,-1,-1,-1,-1,-1,-1,-1,1,9,9,9,1,1,9,9,9,9,9,9,1,4,4,1,2,1,4,1,1,7,7,7,7,7,7,5,5,1,8,8,8,8,8,8,8,8,8,1,7,7,1,1,1,1,-1,-1,-1,-1,-1,-1,-1,-1,-1,-1,-1,-1,-1,-1,-1,-1,-1,-1,-1,-1,-1,-1,-1,-1,-1,-1,-1
-1,-1,-1,-1,-1,-1,-1,-1,-1,-1,-1,-1,1,1,1,1,-1,-1,1,9,1,4,4,1,1,9,9,9,9,1,4,1,2,1,4,1,10,1,7,7,7,7,7,7,5,5,1,8,8,8,8,8,8,8,8,8,1,7,1,5,1,1,1,-1,-1,-1,-1,-1,-1,-1,-1,-1,-1,-1,-1,-1,-1,-1,-1,-1,-1,-1,-1,-1,-1,-1,-1,-1,-1,-1
-1,-1,-1,-1,-1,-1,-1,-1,-1,1,1,1,9,9,9,9,1,1,1,9,1,4,4,4,4,1,9,9,9,9,1,2,1,4,1,10,1,7,7,7,7,7,7,5,5,1,8,8,8,8,8,8,8,8,8,8,1,7,1,5,1,4,4,1,-1,-1,-1,-1,-1,-1,-1,-1,-1,-1,-1,-1,-1,-1,-1,-1,-1,-1,-1,-1,-1,-1,-1,-1,-1,-1
-1,-1,-1,-1,-1,-1,-1,-1,-1,-1,1,1,1,9,9,9,9,9,1,1,4,4,6,6,4,4,1,1,9,9,1,1,4,1,10,10,1,7,7,7,7,7,5,5,5,1,8,8,8,8,8,8,8,8,8,8,1,1,5,1,4,4,4,4,1,-1,-1,-1,-1,-1,-1,-1,-1,-1,-1,-1,-1,-1,-1,-1,-1,-1,-1,-1,-1,-1,-1,-1,-1,-1
-1,-1,-1,-1,-1,-1,-1,-1,-1,-1,-1,-1,-1,1,9,9,9,9,1,4,4,4,6,6,4,4,11,4,1,9,9,1,4,1,10,1,7,7,7,7,7,5,5,5,1,8,8,8,8,8,8,8,8,8,8,8,1,5,1,4,4,1,1,1,4,1,-1,-1,-1,-1,-1,-1,-1,-1,-1,1,1,1,-1,-1,-1,-1,-1,-1,-1,-1,-1,-1,-1,-1
-1,-1,-1,-1,-1,-1,-1,-1,-1,-1,-1,-1,-1,-1,1,1,9,1,11,4,6,6,4,4,6,6,11,4,4,1,1,-1,1,10,10,1,7,7,7,7,5,5,5,1,8,8,8,8,8,8,8,8,8,8,8,8,1,1,4,1,1,-1,-1,-1,1,1,-1,-1,-1,-1,-1,-1,-1,1,1,4,4,1,-1,-1,-1,-1,-1,-1,-1,-1,-1,-1,-1,-1
-1,-1,-1,-1,-1,-1,-1,-1,-1,-1,-1,-1,-1,-1,-1,-1,1,1,4,11,6,6,4,4,6,6,11,4,4,11,1,1,1,10,10,1,7,7,7,5,5,5,1,8,8,8,8,8,8,8,8,8,8,8,8,8,1,1,1,1,1,-1,-1,-1,-1,-1,1,-1,-1,-1,-1,1,1,4,6,6,4,1,-1,-1,-1,-1,-1,-1,-1,-1,-1,-1,-1,-1
-1,-1,-1,-1,-1,-1,-1,-1,-1,-1,-1,-1,-1,-1,-1,-1,-1,1,4,4,11,4,0,0,0,0,11,4,4,11,1,1,10,10,1,7,7,7,5,5,5,1,8,8,8,8,8,8,8,8,8,8,8,1,1,1,12,12,12,12,12,1,-1,-1,-1,-1,-1,-1,-1,-1,1,6,6,4,6,6,4,1,-1,-1,-1,-1,-1,-1,-1,-1,-1,-1,-1,-1
-1,-1,-1,-1,-1,-1,-1,-1,-1,-1,-1,-1,-1,-1,-1,-1,-1,1,4,4,4,11,0,0,0,0,11,4,4,11,1,1,10,10,1,7,5,5,5,5,1,8,8,8,8,8,8,8,8,8,1,1,1,12,12,12,12,12,12,12,12,12,1,-1,-1,-1,-1,-1,-1,1,4,6,6,4,4,6,6,4,1,-1,-1,-1,-1,-1,-1,-1,-1,-1,-1,-1
-1,-1,-1,-1,-1,-1,-1,-1,-1,-1,-1,-1,-1,-1,-1,-1,-1,1,1,1,1,4,11,0,0,0,11,4,11,1,1,4,10,10,1,5,5,5,1,1,8,8,8,8,8,8,8,8,1,1,12,12,12,12,12,12,12,12,12,12,12,12,1,-1,-1,-1,-1,-1,1,4,11,0,0,0,4,6,6,4,1,-1,-1,-1,-1,-1,-1,-1,-1,-1,-1,-1
-1,-1,-1,-1,-1,-1,-1,-1,-1,-1,-1,-1,1,1,1,1,-1,-1,-1,1,9,1,4,11,0,0,11,4,11,1,1,4,10,10,1,5,1,1,8,8,8,8,8,8,8,8,1,1,12,12,12,12,12,12,12,12,12,12,12,12,12,12,12,1,-1,-1,-1,1,4,11,0,0,0,4,4,4,4,11,1,-1,-1,-1,-1,-1,-1,-1,-1,-1,-1,-1
-1,-1,-1,-1,-1,1,1,1,-1,-1,-1,-1,-1,1,4,4,1,-1,-1,1,9,9,1,4,11,11,4,4,11,1,4,4,10,1,1,1,8,8,8,8,8,8,8,8,1,1,12,12,12,12,12,12,12,12,12,12,12,12,12,12,12,12,12,1,-1,-1,-1,1,4,11,0,0,0,4,11,11,11,1,-1,-1,-1,-1,-1,-1,-1,-1,-1,-1,-1,-1
-1,-1,1,1,1,9,9,1,1,1,-1,-1,-1,-1,1,4,1,1,-1,1,1,1,1,1,4,4,4,4,11,1,4,4,10,1,1,8,8,8,8,8,8,8,1,1,12,12,12,12,12,12,12,12,12,12,12,12,12,12,12,12,12,12,12,12,1,-1,-1,1,11,4,4,4,4,11,1,1,1,-1,-1,-1,-1,-1,-1,-1,-1,-1,-1,-1,-1,-1
-1,1,9,9,9,9,1,-1,-1,-1,-1,-1,-1,-1,1,4,4,4,1,1,1,1,9,9,1,4,4,11,1,4,4,4,10,1,1,8,8,8,8,8,1,1,12,12,12,12,12,12,12,12,12,12,12,12,12,12,12,12,12,12,12,12,12,12,1,-1,1,4,4,4,4,4,11,1,-1,-1,-1,-1,-1,-1,-1,-1,-1,-1,-1,-1,-1,-1,-1,-1
1,9,9,9,9,1,-1,-1,-1,-1,-1,-1,-1,-1,-1,1,4,4,4,1,1,9,9,9,1,4,4,11,1,4,4,4,10,1,1,8,8,8,8,1,12,12,12,12,12,12,12,12,12,12,12,12,12,12,12,12,12,12,12,12,12,12,12,12,12,1,1,4,4,4,11,11,1,-1,-1,-1,-1,-1,-1,-1,-1,-1,-1,-1,-1,-1,-1,-1,-1,-1
9,9,9,9,1,-1,-1,-1,-1,-1,-1,-1,-1,-1,-1,1,4,4,1,4,1,9,9,9,1,4,11,11,1,4,4,4,10,1,1,8,8,8,1,12,12,12,12,12,12,12,12,12,12,12,12,12,12,12,1,1,1,1,1,12,12,12,12,12,12,1,4,4,4,11,1,1,-1,-1,-1,-1,-1,-1,-1,-1,-1,-1,-1,-1,-1,-1,-1,-1,-1,-1
9,9,9,1,-1,-1,-1,-1,-1,-1,-1,-1,-1,-1,-1,1,4,4,1,4,1,9,9,9,9,1,11,11,1,4,4,4,10,1,1,8,8,1,12,12,12,12,12,12,12,12,12,12,12,12,12,1,1,12,12,12,12,12,12,1,1,12,12,12,12,12,1,4,11,1,-1,-1,-1,-1,-1,-1,-1,-1,-1,-1,-1,-1,-1,-1,-1,-1,-1,-1,-1,-1
9,9,9,1,-1,-1,-1,-1,-1,-1,-1,-1,-1,-1,-1,1,4,4,1,4,1,9,9,9,9,9,1,1,4,4,4,4,10,1,1,8,1,12,12,12,12,12,12,12,12,12,12,12,12,12,12,12,12,12,12,12,12,12,12,12,12,1,1,12,12,12,1,11,1,-1,-1,-1,-1,-1,-1,-1,-1,-1,-1,-1,-1,-1,-1,-1,-1,-1,-1,-1,-1,-1
9,9,9,1,-1,-1,-1,-1,-1,-1,-1,-1,-1,-1,-1,1,4,4,1,4,4,1,9,9,9,9,9,1,4,4,4,4,10,1,1,1,12,12,12,12,12,12,12,12,12,12,12,12,12,12,12,12,12,12,12,12,12,12,12,12,12,12,12,1,12,12,12,1,-1,-1,-1,-1,-1,-1,-1,-1,-1,-1,-1,-1,-1,-1,-1,-1,-1,-1,-1,-1,-1,-1
9,9,9,1,-1,1,1,-1,-1,-1,-1,-1,-1,-1,-1,1,4,4,1,4,4,4,1,9,9,9,9,1,4,4,4,4,10,1,1,12,12,12,12,1,1,1,1,1,12,12,12,12,12,12,12,12,12,12,12,12,12,12,12,12,12,12,12,12,12,12,12,12,1,-1,-1,-1,-1,-1,-1,-1,-1,-1,-1,-1,-1,-1,-1,-1,-1,-1,-1,-1,-1,-1
9,9,9,1,-1,1,4,1,1,-1,-1,-1,-1,-1,1,4,4,4,4,1,4,4,4,1,9,9,1,4,4,4,4,4,10,1,12,12,12,1,1,4,1,1,12,12,12,12,12,12,12,12,12,12,12,12,12,12,12,12,12,12,12,12,12,12,12,12,12,12,1,-1,-1,-1,-1,-1,-1,-1,-1,-1,-1,-1,-1,-1,-1,-1,-1,-1,-1,-1,-1,-1
9,9,9,1,-1,-1,1,4,4,1,1,-1,-1,-1,1,4,4,4,4,1,4,4,4,4,1,9,1,4,4,4,4,4,10,1,12,12,1,4,4,1,12,12,12,12,12,12,12,12,12,12,12,12,12,12,12,12,12,12,12,12,12,12,12,12,12,12,12,12,1,-1,-1,-1,-1,-1,-1,-1,-1,-1,-1,-1,-1,-1,-1,-1,-1,-1,-1,-1,-1,-1
9,9,9,9,1,-1,1,4,4,4,4,1,-1,-1,1,4,4,4,4,1,4,4,4,4,4,1,1,4,4,4,4,4,10,1,12,1,4,10,1,12,12,12,12,12,12,12,12,12,12,12,12,12,12,12,12,12,12,12,12,12,12,12,12,12,12,12,12,12,12,1,-1,-1,-1,-1,-1,-1,-1,-1,-1,-1,-1,-1,-1,-1,-1,-1,-1,-1,-1,-1
9,9,9,9,1,-1,-1,1,4,4,4,4,1,-1,1,4,4,4,4,4,1,4,4,4,4,4,1,4,4,4,4,4,10,1,1,4,10,10,1,12,12,12,12,12,12,1,12,12,12,12,12,12,12,12,12,12,12,12,12,12,12,12,1,12,12,12,12,12,12,1,-1,-1,-1,-1,-1,-1,-1,-1,-1,-1,-1,-1,-1,-1,-1,-1,-1,-1,-1,-1
1,9,9,9,1,-1,-1,1,4,4,4,4,4,1,1,4,4,4,4,4,9,1,4,4,4,4,4,1,4,4,4,4,10,1,4,4,10,1,12,12,12,12,12,12,12,12,1,1,1,12,12,12,1,12,12,12,12,12,12,12,12,12,12,1,12,12,12,12,12,12,1,1,-1,-1,-1,-1,-1,-1,-1,-1,-1,-1,-1,-1,-1,-1,-1,-1,-1,-1
1,4,9,9,9,1,-1,-1,1,4,4,4,4,4,1,4,4,4,4,4,9,1,1,4,4,4,4,4,1,4,4,4,1,4,4,10,10,1,12,12,12,12,12,12,12,12,12,1,1,1,1,1,12,1,1,12,12,12,12,12,12,12,12,1,8,12,12,12,12,12,1,9,1,-1,-1,-1,-1,1,1,1,-1,-1,-1,-1,-1,-1,-1,-1,-1,-1
-1,1,4,9,9,9,1,-1,1,4,4,4,4,4,4,4,4,4,4,9,1,12,12,1,4,4,4,4,4,1,4,4,1,4,10,10,1,12,12,12,12,12,12,12,12,12,12,12,8,1,10,1,1,12,1,1,12,12,12,12,12,12,1,8,8,12,12,12,12,12,1,9,9,1,-1,-1,-1,-1,1,9,1,-1,-1,-1,-1,-1,-1,-1,-1,-1
-1,-1,1,4,4,9,1,-1,1,4,4,4,4,4,4,4,4,4,4,9,1,12,12,8,1,4,4,4,4,4,1,4,4,4,10,10,1,12,12,12,12,12,12,12,12,12,12,12,12,8,1,10,10,1,1,1,1,12,12,12,12,12,1,8,12,12,12,12,12,12,1,9,9,9,1,-1,-1,-1,-1,1,9,1,-1,-1,-1,-1,-1,-1,-1,-1
1,1,1,1,4,4,9,1,4,4,4,4,4,4,4,4,4,4,9,1,12,12,8,8,8,1,4,4,4,4,4,1,4,10,10,1,12,12,12,12,12,12,12,12,12,12,12,12,12,8,1,10,10,10,1,1,4,1,12,12,12,1,8,8,12,12,12,12,12,12,1,1,9,9,1,-1,-1,-1,-1,1,9,9,1,-1,-1,-1,-1,-1,-1,-1
4,4,4,4,1,4,4,1,4,4,4,4,9,9,9,9,9,9,9,1,12,12,8,8,8,8,1,4,4,4,4,4,1,10,10,1,12,12,1,5,5,5,5,5,5,5,12,12,12,12,8,1,10,10,10,1,1,4,1,12,12,1,8,12,12,12,12,12,12,12,1,10,1,9,9,1,-1,-1,-1,1,9,9,9,1,-1,-1,-1,-1,-1,-1
1,1,4,4,4,1,4,4,4,4,4,9,1,1,1,1,1,1,1,1,1,8,8,1,1,1,1,1,1,1,4,4,4,1,10,1,12,1,5,5,13,13,14,13,5,5,5,5,12,12,8,1,1,10,10,10,1,4,4,1,12,8,8,12,12,12,12,12,12,12,1,10,10,1,9,1,-1,-1,-1,1,9,9,9,1,-1,-1,-1,-1,-1,-1
-1,-1,1,4,4,4,1,4,4,9,9,1,4,4,4,4,4,4,4,4,4,1,1,10,10,10,10,10,10,10,1,1,4,4,1,1,1,5,5,13,13,14,13,14,13,5,5,5,7,7,8,8,1,1,10,10,10,1,4,1,12,8,12,12,12,12,12,12,12,12,12,1,10,1,9,9,1,-1,-1,1,9,9,9,1,-1,-1,-1,-1,-1,-1
-1,-1,-1,1,4,4,4,1,9,1,1,4,4,4,4,4,4,4,4,4,4,4,4,1,1,10,10,10,10,10,10,10,1,1,4,1,1,7,14,0,0,14,0,14,0,0,7,7,7,1,12,8,1,4,1,10,10,10,1,4,1,8,12,12,12,12,12,12,12,12,12,1,10,10,1,9,1,-1,-1,1,9,9,9,1,-1,-1,-1,-1,-1,-1
-1,-1,-1,-1,1,9,9,9,1,1,1,1,4,4,4,4,4,4,4,4,4,4,4,4,4,1,1,10,10,10,10,10,4,4,1,1,1,7,14,14,14,14,0,14,14,14,7,1,1,12,12,8,1,4,1,10,10,10,1,4,1,5,5,5,5,5,1,12,12,12,12,1,10,10,1,9,1,-1,-1,1,9,9,9,1,-1,-1,-1,-1,-1,-1
-1,-1,-1,-1,-1,1,1,1,4,4,4,4,1,1,1,1,4,4,4,4,4,4,4,4,4,4,4,1,1,10,10,10,10,4,1,1,1,1,1,1,1,1,1,1,1,1,1,1,12,8,12,8,1,4,4,1,4,10,10,1,1,5,5,13,13,5,5,1,12,12,12,1,10,10,1,9,1,-1,1,9,9,9,9,1,-1,-1,-1,-1,-1,-1
-1,-1,-1,1,1,4,4,4,4,4,4,4,4,4,4,4,1,4,4,4,4,4,4,4,4,4,4,4,4,1,10,10,10,10,4,4,1,1,1,1,1,1,1,1,1,1,12,12,8,12,12,8,8,1,4,1,4,10,10,1,1,1,14,13,14,13,5,5,1,12,12,1,10,10,10,1,9,1,1,9,9,9,9,1,-1,-1,-1,-1,-1,-1
-1,-1,1,4,4,4,4,4,4,4,10,4,4,4,4,4,4,1,1,10,10,10,4,4,4,4,4,4,4,4,1,10,10,10,10,10,4,4,1,1,8,8,8,8,8,8,8,8,12,12,12,8,8,1,4,4,4,10,10,10,1,12,1,14,0,14,13,5,5,1,12,1,10,10,10,1,9,1,9,9,9,9,1,-1,-1,-1,-1,-1,-1,-1
-1,-1,-1,1,1,1,1,1,1,1,10,10,10,10,10,4,4,4,4,1,10,10,10,10,10,10,4,4,4,4,4,1,10,10,10,10,10,4,4,4,1,8,8,12,12,12,12,15,15,15,15,15,8,1,4,4,4,10,10,10,1,12,1,1,14,14,13,5,5,1,12,1,10,10,10,1,1,9,9,9,9,1,-1,-1,-1,-1,-1,-1,-1,-1
-1,-1,-1,-1,-1,1,1,1,1,1,1,1,10,10,10,10,10,4,4,4,1,10,10,10,10,10,10,10,4,4,4,4,1,10,10,10,10,10,4,4,4,1,15,15,15,15,15,15,15,15,12,8,8,1,4,4,4,4,10,10,1,8,12,1,1,14,14,5,5,1,12,1,10,10,10,1,9,9,9,9,1,1,1,-1,-1,-1,-1,-1,-1,-1
-1,-1,-1,-1,-1,1,9,9,9,1,4,4,1,1,10,10,10,10,10,4,4,1,10,10,10,10,10,10,10,10,4,4,4,1,10,10,10,10,10,4,4,4,1,8,8,12,12,12,12,12,12,8,8,1,4,10,4,4,10,10,10,1,8,12,1,1,14,5,5,1,12,1,10,10,10,1,9,9,9,1,4,4,4,1,-1,-1,-1,-1,-1,-1
-1,-1,-1,-1,-1,1,4,4,4,9,1,4,4,4,1,10,10,10,10,10,10,4,1,10,10,10,10,10,10,10,10,4,4,4,1,10,10,10,10,10,4,4,4,1,8,8,12,12,12,12,12,8,8,1,4,10,4,4,10,10,10,1,12,8,12,1,1,1,5,1,1,1,10,10,10,1,9,9,4,4,4,4,4,4,1,-1,-1,-1,-1,-1
-1,-1,-1,-1,-1,1,4,4,4,4,4,1,4,4,10,1,10,10,10,10,10,10,4,1,10,10,10,10,10,10,10,10,10,4,4,1,10,10,10,10,10,4,4,10,1,8,8,12,12,12,12,8,8,1,4,10,10,4,10,10,10,1,12,12,8,12,1,1,1,1,1,1,10,10,10,1,4,4,4,10,10,10,10,4,4,1,-1,-1,-1,-1
-1,-1,-1,-1,-1,1,4,4,4,4,4,4,1,4,4,10,1,10,10,10,10,10,10,4,1,10,10,10,10,10,10,10,10,10,4,4,1,10,10,10,10,10,4,4,10,1,8,8,12,12,12,8,8,1,4,10,10,4,10,10,10,1,15,15,12,8,8,8,1,1,1,1,10,10,10,1,4,10,10,10,10,10,10,10,4,1,-1,-1,-1,-1
-1,-1,-1,-1,1,4,4,4,4,4,4,4,1,4,4,10,10,10,10,10,10,10,10,10,4,1,10,10,10,10,10,10,10,10,10,4,1,10,10,10,10,10,10,4,4,10,1,8,8,12,12,8,8,1,4,4,10,10,4,10,10,10,1,15,15,12,12,12,8,8,8,1,10,10,10,1,4,10,10,1,1,1,1,10,10,1,-1,-1,-1,-1
-1,-1,-1,-1,1,4,4,4,4,4,4,4,4,1,4,10,10,10,10,10,10,10,10,10,10,1,10,10,10,10,10,10,10,10,10,4,4,1,10,10,10,10,10,10,4,4,10,1,8,8,12,8,8,1,4,4,10,10,4,10,10,10,1,12,15,15,12,8,8,8,8,1,10,10,10,1,10,10,1,-1,-1,-1,-1,1,10,1,-1,-1,-1,-1
-1,-1,-1,-1,1,4,4,4,4,4,4,4,4,1,4,4,10,10,10,10,10,10,10,10,10,4,1,10,10,10,10,10,10,10,10,4,4,1,10,10,10,10,10,10,10,4,4,10,1,8,8,8,1,4,4,4,10,10,4,10,10,10,1,12,12,12,15,8,8,8,1,10,10,10,10,4,10,1,-1,-1,-1,-1,-1,-1,1,1,-1,-1,-1,-1
-1,-1,-1,-1,1,4,4,4,4,4,4,4,10,1,4,4,10,10,10,10,10,10,10,10,10,10,4,1,10,10,10,10,10,10,10,10,4,4,1,10,10,10,10,10,10,10,4,10,10,1,8,8,1,4,4,4,10,10,10,4,10,10,1,12,12,12,12,15,8,8,1,10,10,10,10,4,10,1,-1,-1,-1,-1,-1,-1,-1,1,-1,-1,-1,-1
-1,-1,-1,-1,1,4,4,4,4,4,4,4,10,1,4,4,10,10,10,10,10,10,10,10,10,10,4,1,10,10,10,10,10,10,10,10,4,4,1,10,10,10,10,10,10,10,10,4,10,10,1,8,1,4,4,4,10,10,10,4,10,10,1,12,12,12,12,8,15,15,1,10,10,10,4,10,1,-1,-1,-1,-1,-1,-1,-1,-1,-1,-1,-1,-1,-1
-1,-1,-1,-1,1,4,4,4,4,4,4,4,10,10,1,4,4,10,10,10,10,10,10,10,10,10,10,4,1,10,10,10,10,10,10,10,4,4,4,1,10,10,10,10,10,10,10,4,10,10,1,8,1,4,10,4,10,10,10,4,10,10,1,12,12,12,8,8,8,8,1,10,10,10,4,10,1,-1,-1,-1,-1,-1,-1,-1,-1,-1,-1,-1,-1,-1
-1,-1,-1,-1,1,4,4,4,4,4,4,4,10,10,1,4,4,10,10,10,10,10,10,10,10,10,10,4,1,10,10,10,10,10,10,10,4,4,4,1,10,10,10,10,10,10,10,10,4,10,10,1,1,4,10,4,4,10,10,4,10,10,1,12,12,12,8,8,8,1,10,10,10,4,10,1,-1,-1,-1,-1,-1,-1,-1,-1,-1,-1,-1,-1,-1,-1
-1,-1,-1,1,4,4,4,4,4,4,4,4,10,10,10,1,4,10,10,10,10,10,10,10,10,10,10,10,4,1,10,10,10,10,10,10,10,4,4,1,10,10,10,10,10,10,10,10,4,10,10,1,1,4,10,4,4,10,10,4,10,10,1,12,12,12,8,8,8,1,10,10,10,4,10,1,-1,-1,-1,-1,-1,-1,-1,-1,-1,-1,-1,-1,-1,-1
-1,-1,-1,1,4,4,4,10,10,4,4,4,10,10,10,10,1,4,10,10,10,10,10,10,10,10,10,10,4,1,10,10,10,10,10,10,10,4,4,4,1,10,10,10,10,10,10,10,10,4,10,10,1,4,10,4,4,10,10,10,10,10,1,12,12,8,8,8,1,10,10,10,10,10,10,1,-1,-1,-1,-1,-1,-1,-1,-1,-1,-1,-1,-1,-1,-1
-1,-1,-1,1,4,4,4,10,10,4,4,4,10,10,10,10,1,4,10,10,10,10,10,10,10,10,10,10,10,4,1,10,10,10,10,10,10,4,4,4,1,10,10,10,10,10,10,10,10,4,10,10,1,4,10,10,4,10,10,10,10,10,1,8,8,8,8,8,1,10,10,10,10,10,1,-1,-1,-1,-1,-1,-1,-1,-1,-1,-1,-1,-1,-1,-1,-1
-1,-1,-1,1,4,4,4,10,10,4,4,4,10,10,10,10,1,4,10,10,10,10,10,10,10,10,10,10,10,4,1,10,10,10,10,10,10,4,4,4,1,10,10,10,10,10,10,10,10,4,10,10,1,4,10,10,4,10,10,10,10,10,1,8,8,8,8,1,10,10,10,10,10,10,1,-1,-1,-1,-1,-1,-1,-1,-1,-1,-1,-1,-1,-1,-1,-1
-1,-1,-1,-1,1,4,4,10,10,10,4,4,4,10,10,10,10,1,4,10,10,10,10,10,10,10,10,10,10,4,4,10,10,10,10,10,10,10,4,4,4,1,10,10,10,10,10,10,10,10,4,10,10,1,10,10,4,10,10,10,10,10,1,4,8,8,8,1,10,10,10,10,10,10,1,-1,-1,-1,-1,-1,-1,-1,-1,-1,-1,-1,-1,-1,-1,-1
-1,-1,-1,-1,1,4,4,10,10,10,4,4,4,10,10,10,10,1,4,10,10,10,10,10,10,10,10,10,10,10,4,4,10,10,10,10,10,10,4,4,4,1,10,10,10,10,10,10,10,10,4,10,10,1,10,10,4,10,10,10,10,10,1,4,4,4,1,10,10,10,10,10,10,10,1,-1,-1,-1,-1,-1,-1,-1,-1,-1,-1,-1,-1,-1,-1,-1
-1,-1,-1,-1,1,4,4,10,10,10,4,4,4,10,10,10,10,10,1,4,10,10,10,10,10,10,10,10,10,10,10,4,10,10,10,10,10,10,10,4,4,1,10,10,10,10,10,10,10,10,4,10,10,1,10,10,4,10,10,10,10,10,1,4,4,4,1,10,10,10,10,10,10,1,4,1,-1,-1,-1,-1,-1,-1,-1,-1,-1,-1,-1,-1,-1,-1
-1,-1,-1,-1,1,4,4,10,10,10,10,4,4,4,10,10,10,10,1,4,10,10,10,10,10,10,10,10,10,10,10,4,4,10,10,10,10,10,10,4,4,4,1,10,10,10,10,10,10,10,10,10,10,1,10,10,4,10,10,10,10,1,4,4,4,1,4,10,10,10,10,10,10,1,4,1,-1,-1,-1,-1,-1,-1,-1,-1,-1,-1,-1,-1,-1,-1
-1,-1,-1,-1,1,4,4,10,10,10,10,4,4,4,10,10,10,10,10,1,10,10,10,10,10,10,10,10,10,10,10,10,4,10,10,10,10,10,10,10,4,4,1,10,10,10,10,10,10,10,10,10,10,1,10,4,10,10,10,10,10,1,4,4,1,4,10,10,10,10,10,10,1,4,4,1,-1,-1,-1,-1,-1,-1,-1,-1,-1,-1,-1,-1,-1,-1
-1,-1,-1,-1,-1,1,4,4,10,10,10,4,4,4,10,10,10,10,10,10,1,10,10,10,10,10,10,10,10,10,10,10,4,10,10,10,10,10,10,10,4,4,1,10,10,10,10,10,10,10,10,10,1,10,10,4,10,10,10,10,10,1,4,1,4,10,10,10,10,10,10,10,1,4,1,1,-1,-1,-1,-1,-1,-1,-1,-1,-1,-1,-1,-1,-1,-1
-1,-1,-1,-1,-1,1,4,4,10,10,10,10,4,4,4,10,10,10,10,10,10,1,10,10,10,10,10,10,10,10,10,10,4,4,10,10,10,10,10,10,4,4,4,1,10,10,10,10,10,10,10,10,1,10,10,4,10,10,10,10,10,1,1,4,4,10,10,10,10,10,10,1,4,4,1,1,-1,-1,-1,-1,-1,-1,-1,-1,-1,-1,-1,-1,-1,-1
-1,-1,-1,-1,-1,1,4,4,10,10,10,10,4,4,4,10,10,10,10,10,10,10,1,10,10,10,10,10,10,10,10,10,10,4,10,10,10,10,10,10,10,4,4,1,10,10,10,10,10,10,10,10,1,10,4,10,10,10,10,10,1,1,4,4,10,10,10,10,10,10,10,1,4,4,1,1,-1,-1,-1,-1,-1,-1,-1,-1,-1,-1,-1,-1,-1,-1
-1,-1,-1,-1,-1,-1,1,4,4,10,10,10,10,4,4,4,10,10,10,10,10,10,1,10,10,10,10,10,10,10,10,10,10,4,4,10,10,10,10,10,10,4,4,1,10,10,10,10,10,10,10,10,10,10,4,10,10,10,10,10,1,4,4,10,10,10,10,10,10,10,1,4,10,4,1,1,-1,-1,-1,-1,-1,-1,-1,-1,-1,-1,-1,-1,-1,-1
-1,-1,-1,-1,-1,-1,1,4,4,10,10,10,10,4,4,4,10,10,10,10,10,10,10,1,10,10,10,10,10,10,10,10,10,10,4,10,10,10,10,10,10,10,4,4,1,10,10,10,10,10,10,10,10,10,10,10,10,10,10,10,1,4,4,10,10,10,10,10,10,10,1,4,10,1,16,16,1,-1,-1,-1,-1,-1,-1,-1,-1,-1,-1,-1,-1,-1
-1,-1,-1,-1,-1,-1,-1,1,4,10,10,10,10,10,4,4,4,10,10,10,10,10,10,10,1,10,10,10,10,10,10,10,10,10,10,4,10,10,10,10,10,10,10,4,1,10,10,10,10,10,10,10,10,10,10,10,10,10,10,1,4,4,10,10,10,10,10,10,10,1,4,10,10,1,16,16,1,-1,-1,-1,-1,-1,-1,-1,-1,-1,-1,-1,-1,-1
-1,-1,-1,-1,-1,-1,-1,1,4,4,10,10,10,10,10,4,4,10,10,10,10,10,10,10,10,1,10,10,10,10,10,10,10,10,10,10,4,10,10,10,10,10,10,4,1,10,10,10,10,10,10,10,10,10,10,10,10,10,10,1,4,10,10,10,10,10,10,10,1,4,10,10,1,16,16,6,1,-1,-1,-1,-1,-1,-1,-1,-1,-1,-1,-1,-1,-1
-1,-1,-1,-1,-1,-1,-1,-1,1,4,10,10,10,10,10,4,4,4,10,10,10,10,10,10,10,10,1,10,10,10,10,10,10,10,10,10,10,10,10,10,10,10,10,10,4,1,10,10,10,10,10,10,10,10,10,10,10,10,10,1,10,10,10,10,10,10,10,10,1,10,10,10,1,16,6,6,1,-1,-1,-1,-1,-1,-1,-1,-1,-1,-1,-1,-1,-1
-1,-1,-1,-1,-1,-1,-1,-1,-1,1,4,10,10,10,10,10,4,4,10,10,10,10,10,10,10,10,10,1,10,10,10,10,10,10,10,10,10,10,10,10,10,10,10,10,4,1,10,10,10,10,10,10,10,10,10,10,10,10,1,10,10,10,10,10,10,10,10,1,10,10,10,1,16,6,6,6,1,-1,-1,-1,-1,-1,-1,-1,-1,-1,-1,-1,-1,-1
-1,-1,-1,-1,-1,-1,-1,-1,-1,1,4,4,10,10,10,10,10,4,4,10,10,10,10,10,10,10,10,10,1,10,10,10,10,10,10,10,10,10,10,10,10,10,10,10,10,4,1,10,10,10,10,10,10,10,10,10,10,10,1,10,10,10,10,10,10,10,1,10,10,10,1,16,6,6,6,6,1,-1,-1,-1,-1,-1,-1,-1,-1,-1,-1,-1,-1,-1
-1,-1,-1,-1,-1,-1,-1,-1,-1,-1,1,4,4,10,10,10,10,10,4,4,10,10,10,10,10,10,10,10,10,1,1,10,10,10,10,10,10,10,10,10,10,10,10,10,10,4,1,10,10,10,10,10,10,10,10,10,10,1,10,10,10,10,10,10,10,1,10,10,10,1,16,16,6,6,6,6,1,-1,-1,-1,-1,-1,-1,-1,-1,-1,-1,-1,-1,-1
-1,-1,-1,-1,-1,-1,-1,-1,-1,-1,-1,1,4,10,10,10,10,10,10,4,4,10,10,10,10,10,10,10,10,10,10,1,10,10,10,10,10,10,10,10,10,10,10,10,10,10,4,1,10,10,10,10,10,10,10,10,10,10,10,10,10,10,10,10,1,10,10,10,1,16,6,6,6,6,6,1,-1,-1,-1,-1,-1,-1,-1,-1,-1,-1,-1,-1,-1,-1
0.3568628,0.3568628,0.3568628
0,0,0
0.2862745,0.2862745,0.2862745
0.1411765,0.1411765,0.1411765
0.6470588,0.6470588,0.6470588
0.9960785,0.9960785,0.9960785
0.7568628,0.7568628,0.7568628
0.7882354,0.7882354,0.7882354
0.8196079,0.8196079,0.8196079
0.4901961,0.4901961,0.4901961
0.9490197,0.9490197,0.9490197
0.8980393,0.8980393,0.8980393
0.9607844,0.9607844,0.9607844
0.7333333,0.7333333,0.7333333
0.227451,0.227451,0.227451
0.4,0.4,0.4
0.3921569,0.3921569,0.3921569
