90,90,
0,0,0,0,0,0,0,0,0,0,0,0,0,0,0,1,1,2,2,2,2,2,2,2,2,2,2,2,2,2,2,3,3,3,3,2,2,2,4,2,2,2,2,4,4,2,2,2,2,2,2,2,2,2,2,1,4,4,1,2,2,2,1,4,4,4,4,1,2,2,2,2,4,2,2,4,2,2,2,3,3,2,2,2,2,1,1,0,0,0
0,0,0,0,0,0,0,0,0,0,0,0,0,0,1,2,2,2,2,2,2,2,2,2,2,2,2,2,3,3,3,3,3,4,4,4,4,4,4,4,4,4,4,2,2,2,2,2,2,2,2,2,1,1,1,1,1,1,1,1,1,1,1,4,4,4,1,2,2,2,2,2,4,2,2,2,4,2,2,2,3,3,2,2,2,2,2,1,0,0
0,0,0,0,0,0,0,0,0,0,0,0,1,1,2,2,2,2,2,2,2,2,2,2,2,2,3,3,3,3,2,4,4,2,2,2,2,2,4,2,2,2,2,2,2,2,2,1,1,1,1,1,1,4,4,4,1,4,4,4,4,4,1,4,4,1,2,2,2,2,2,2,2,4,2,2,4,2,2,2,2,3,3,2,2,2,2,1,0,0
0,0,0,0,0,0,0,0,0,0,0,1,2,2,2,2,2,2,2,2,2,2,2,2,3,3,3,3,2,2,4,2,2,2,2,2,2,2,4,2,2,2,2,2,2,1,1,4,4,4,4,4,4,4,4,1,4,4,1,1,1,4,4,1,1,2,2,2,2,2,2,2,2,4,2,2,4,2,2,2,2,2,3,3,2,2,2,2,1,0
0,0,0,0,0,0,0,0,0,1,1,2,2,2,2,2,2,2,2,2,2,2,3,3,3,3,2,2,2,4,2,2,2,2,2,2,2,2,4,2,2,2,2,2,1,4,4,4,4,4,4,1,1,1,1,1,4,1,0,0,0,1,4,1,2,2,2,2,2,2,2,2,2,2,4,4,4,4,4,2,2,2,2,3,3,2,2,2,1,0
0,0,0,0,0,0,0,0,1,2,2,2,2,2,2,2,2,2,2,2,3,3,3,3,2,2,2,2,2,4,2,2,2,2,2,2,2,4,2,2,2,2,2,1,4,4,4,4,4,4,1,4,4,4,4,4,4,1,0,0,0,1,4,1,1,2,2,2,2,2,2,2,2,2,2,2,4,2,2,4,2,2,2,2,3,2,2,2,2,1
0,0,0,0,0,0,1,1,2,2,2,2,2,2,2,2,2,2,3,3,3,3,2,4,4,4,4,4,4,4,4,2,2,2,4,4,4,2,2,2,2,2,1,4,4,4,4,4,4,1,4,4,4,4,4,4,4,4,1,0,1,4,4,4,4,1,1,2,2,2,2,2,2,2,2,4,2,2,2,2,4,2,2,2,3,3,2,2,2,1
0,0,0,0,0,1,2,2,2,2,2,2,2,2,2,2,3,3,3,3,2,2,4,2,2,2,2,2,4,2,2,4,4,4,2,2,2,2,2,2,2,1,4,4,4,4,1,1,1,1,4,4,4,4,1,1,1,1,4,1,4,1,1,4,4,1,5,1,2,2,2,2,2,2,2,4,2,2,2,2,2,4,2,2,2,3,3,2,2,1
0,0,0,0,1,2,2,2,2,2,2,2,2,2,3,3,3,3,2,2,2,4,2,2,2,2,2,4,2,2,2,2,2,2,2,2,2,2,1,1,1,4,4,4,1,1,2,2,2,1,4,4,4,1,6,6,1,4,4,4,1,6,6,1,4,1,5,5,1,2,2,2,2,2,2,2,4,2,2,2,2,2,4,2,2,2,3,3,2,1
0,0,0,1,2,2,2,2,2,2,2,2,3,3,3,3,2,2,2,2,2,4,2,2,2,4,4,2,2,2,2,2,2,2,2,2,1,1,7,1,4,4,4,1,2,2,2,1,1,1,4,4,4,1,6,1,4,4,1,4,4,1,6,1,4,1,5,5,1,2,2,2,2,2,2,2,2,4,2,2,2,2,4,2,2,1,1,1,1,-1
0,0,1,2,2,2,2,2,2,2,3,3,3,3,2,2,2,2,2,2,2,2,4,4,4,2,2,2,2,2,2,2,2,2,1,1,7,7,1,4,4,4,1,2,2,1,1,4,4,4,1,4,4,1,1,4,4,1,6,1,4,4,1,4,4,1,5,5,5,1,2,2,2,2,2,2,2,4,2,1,1,1,1,1,1,-1,-1,-1,-1,-1
0,1,2,2,2,2,2,2,2,3,3,3,2,2,2,2,2,2,2,2,2,2,2,2,2,2,2,2,2,1,1,1,1,1,5,7,7,1,4,4,1,1,2,1,1,4,4,4,4,4,1,4,4,4,1,4,1,6,6,6,1,4,4,4,1,5,5,1,1,1,2,2,2,1,1,1,1,1,1,-1,-1,-1,-1,-1,-1,-1,-1,-1,-1,-1
1,2,2,2,2,2,2,3,3,3,3,2,2,2,2,2,2,2,2,2,2,2,2,2,2,2,2,1,1,5,5,5,5,5,7,7,1,4,4,1,2,2,1,4,4,4,4,4,4,4,4,1,4,4,4,4,1,6,6,6,1,4,4,1,1,1,1,-1,-1,1,1,1,1,-1,-1,-1,-1,-1,-1,-1,-1,-1,-1,-1,-1,-1,-1,-1,-1,-1
2,2,2,2,2,2,3,3,3,2,2,2,2,2,2,2,2,2,2,2,2,2,2,2,2,1,1,5,5,5,5,5,5,7,7,1,4,4,1,2,1,1,4,4,4,4,4,4,4,4,1,8,1,4,4,1,6,1,1,6,1,4,1,4,1,-1,-1,-1,-1,-1,-1,-1,-1,-1,-1,-1,-1,-1,-1,-1,-1,-1,-1,-1,-1,-1,-1,-1,-1,-1
2,2,2,2,2,3,3,3,2,2,2,2,2,2,2,2,2,2,2,2,2,2,2,1,1,5,5,5,5,5,5,5,7,7,1,4,4,1,2,1,4,4,4,4,4,4,4,4,4,1,8,8,1,4,4,1,1,4,4,1,1,1,4,4,1,-1,-1,-1,-1,-1,-1,-1,-1,-1,-1,-1,-1,-1,-1,-1,-1,-1,-1,-1,-1,-1,-1,-1,-1,-1
2,2,2,2,3,3,2,2,2,2,2,2,2,2,2,2,2,2,2,2,1,1,1,9,9,1,5,5,5,5,5,7,7,1,4,4,1,2,1,4,4,4,4,4,4,4,4,4,1,8,8,8,8,1,4,4,4,4,4,1,4,1,4,4,1,-1,-1,-1,-1,-1,-1,-1,-1,-1,-1,-1,-1,-1,-1,-1,-1,-1,-1,-1,-1,-1,-1,-1,-1,-1
2,2,2,3,3,2,2,2,2,2,2,2,2,2,2,2,1,1,1,1,9,9,9,9,9,9,1,1,5,5,7,7,1,4,4,1,2,1,4,4,1,1,1,1,4,4,1,1,8,8,8,8,8,8,1,4,4,4,1,1,4,1,4,1,-1,-1,-1,-1,-1,-1,-1,-1,-1,-1,-1,-1,-1,-1,-1,-1,-1,-1,-1,-1,-1,-1,-1,-1,-1,-1
2,2,3,3,1,1,1,1,1,1,1,1,1,1,1,1,1,9,9,9,9,9,9,9,9,9,9,9,1,7,7,1,4,4,1,2,1,4,4,1,7,7,7,7,1,1,5,1,8,8,8,8,8,8,1,4,4,4,1,1,4,4,1,-1,-1,-1,-1,-1,-1,-1,-1,-1,-1,-1,-1,-1,-1,-1,-1,-1,-1,-1,-1,-1,-1,-1,-1,-1,-1,-1
1,1,1,1,-1,-1,-1,-1,-1,-1,-1,-1,-1,-1,-1,-1,-1,1,9,9,9,9,9,9,9,9,9,9,9,1,1,4,4,1,2,1,4,1,1,7,7,7,7,7,7,5,5,1,8,8,8,8,8,8,8,1,1,1,7,1,4,4,1,-1,-1,-1,-1,-1,-1,-1,-1,-1,-1,-1,-1,-1,-1,-1,-1,-1,-1,-1,-1,-1,-1,-1,-1,-1,-1,-1
-1,-1,-1,-1,-1,-1,-1,-1,-1,-1,-1,-1,-1,-1,-1,-1,-1,1,9,9,9,1,1,9,9,9,9,9,9,1,4,4,1,2,1,4,1,1,7,7,7,7,7,7,5,5,1,8,8,8,8,8,8,8,8,8,1,7,7,1,1,1,1,-1,-1,-1,-1,-1,-1,-1,-1,-1,-1,-1,-1,-1,-1,-1,-1,-1,-1,-1,-1,-1,-1,-1,-1,-1,-1,-1
-1,-1,-1,-1,-1,-1,-1,-1,-1,-1,-1,-1,1,1,1,1,-1,-1,1,9,1,4,4,1,1,9,9,9,9,1,4,1,2,1,4,1,10,1,7,7,7,7,7,7,5,5,1,8,8,8,8,8,8,8,8,8,1,7,1,5,1,1,1,-1,-1,-1,-1,-1,-1,-1,-1,-1,-1,-1,-1,-1,-1,-1,-1,-1,-1,-1,-1,-1,-1,-1,-1,-1,-1,-1
-1,-1,-1,-1,-1,-1,-1,-1,-1,1,1,1,9,9,9,9,1,1,1,9,1,4,4,4,4,1,9,9,9,9,1,2,1,4,1,10,1,7,7,7,7,7,7,5,5,1,8,8,8,8,8,8,8,8,8,8,1,7,1,5,1,4,4,1,-1,-1,-1,-1,-1,-1,-1,-1,-1,-1,-1,-1,-1,-1,-1,-1,-1,-1,-1,-1,-1,-1,-1,-1,-1,-1
-1,-1,-1,-1,-1,-1,-1,-1,-1,-1,1,1,1,9,9,9,9,9,1,1,4,4,6,6,4,4,1,1,9,9,1,1,4,1,10,10,1,7,7,7,7,7,5,5,5,1,8,8,8,8,8,8,8,8,8,8,1,1,5,1,4,4,4,4,1,-1,-1,-1,-1,-1,-1,-1,-1,-1,-1,-1,-1,-1,-1,-1,-1,-1,-1,-1,-1,-1,-1,-1,-1,-1
-1,-1,-1,-1,-1,-1,-1,-1,-1,-1,-1,-1,-1,1,9,9,9,9,1,4,4,4,6,6,4,4,11,4,1,9,9,1,4,1,10,1,7,7,7,7,7,5,5,5,1,8,8,8,8,8,8,8,8,8,8,8,1,5,1,4,4,1,1,1,4,1,-1,-1,-1,-1,-1,-1,-1,-1,-1,1,1,1,-1,-1,-1,-1,-1,-1,-1,-1,-1,-1,-1,-1
-1,-1,-1,-1,-1,-1,-1,-1,-1,-1,-1,-1,-1,-1,1,1,9,1,11,4,6,6,4,4,6,6,11,4,4,1,1,-1,1,10,10,1,7,7,7,7,5,5,5,1,8,8,8,8,8,8,8,8,8,8,8,8,1,1,4,1,1,-1,-1,-1,1,1,-1,-1,-1,-1,-1,-1,-1,1,1,4,4,1,-1,-1,-1,-1,-1,-1,-1,-1,-1,-1,-1,-1
-1,-1,-1,-1,-1,-1,-1,-1,-1,-1,-1,-1,-1,-1,-1,-1,1,1,4,11,6,6,4,4,6,6,11,4,4,11,1,1,1,10,10,1,7,7,7,5,5,5,1,8,8,8,8,8,8,8,8,8,8,8,8,8,1,1,1,1,1,-1,-1,-1,-1,-1,1,-1,-1,-1,-1,1,1,4,6,6,4,1,-1,-1,-1,-1,-1,-1,-1,-1,-1,-1,-1,-1
-1,-1,-1,-1,-1,-1,-1,-1,-1,-1,-1,-1,-1,-1,-1,-1,-1,1,4,4,11,4,0,0,0,0,11,4,4,11,1,1,10,10,1,7,7,7,5,5,5,1,8,8,8,8,8,8,8,8,8,8,8,1,1,1,12,12,12,12,12,1,-1,-1,-1,-1,-1,-1,-1,-1,1,6,6,4,6,6,4,1,-1,-1,-1,-1,-1,-1,-1,-1,-1,-1,-1,-1
-1,-1,-1,-1,-1,-1,-1,-1,-1,-1,-1,-1,-1,-1,-1,-1,-1,1,4,4,4,11,0,0,0,0,11,4,4,11,1,1,10,10,1,7,5,5,5,5,1,8,8,8,8,8,8,8,8,8,1,1,1,12,12,12,12,12,12,12,12,12,1,-1,-1,-1,-1,-1,-1,1,4,6,6,4,4,6,6,4,1,-1,-1,-1,-1,-1,-1,-1,-1,-1,-1,-1
-1,-1,-1,-1,-1,-1,-1,-1,-1,-1,-1,-1,-1,-1,-1,-1,-1,1,1,1,1,4,11,0,0,0,11,4,11,1,1,4,10,10,1,5,5,5,1,1,8,8,8,8,8,8,8,8,1,1,12,12,12,12,12,12,12,12,12,12,12,12,1,-1,-1,-1,-1,-1,1,4,11,0,0,0,4,6,6,4,1,-1,-1,-1,-1,-1,-1,-1,-1,-1,-1,-1
-1,-1,-1,-1,-1,-1,-1,-1,-1,-1,-1,-1,1,1,1,1,-1,-1,-1,1,9,1,4,11,0,0,11,4,11,1,1,4,10,10,1,5,1,1,8,8,8,8,8,8,8,8,1,1,12,12,12,12,12,12,12,12,12,12,12,12,12,12,12,1,-1,-1,-1,1,4,11,0,0,0,4,4,4,4,11,1,-1,-1,-1,-1,-1,-1,-1,-1,-1,-1,-1
-1,-1,-1,-1,-1,1,1,1,-1,-1,-1,-1,-1,1,4,4,1,-1,-1,1,9,9,1,4,11,11,4,4,11,1,4,4,10,1,1,1,8,8,8,8,8,8,8,8,1,1,12,12,12,12,12,12,12,12,12,12,12,12,12,12,12,12,12,1,-1,-1,-1,1,4,11,0,0,0,4,11,11,11,1,-1,-1,-1,-1,-1,-1,-1,-1,-1,-1,-1,-1
-1,-1,1,1,1,9,9,1,1,1,-1,-1,-1,-1,1,4,1,1,-1,1,1,1,1,1,4,4,4,4,11,1,4,4,10,1,1,8,8,8,8,8,8,8,1,1,12,12,12,12,12,12,12,12,12,12,12,12,12,12,12,12,12,12,12,12,1,-1,-1,1,11,4,4,4,4,11,1,1,1,-1,-1,-1,-1,-1,-1,-1,-1,-1,-1,-1,-1,-1
-1,1,9,9,9,9,1,-1,-1,-1,-1,-1,-1,-1,1,4,4,4,1,1,1,1,9,9,1,4,4,11,1,4,4,4,10,1,1,8,8,8,8,8,1,1,12,12,12,12,12,12,12,12,12,12,12,12,12,12,12,12,12,12,12,12,12,12,1,-1,1,4,4,4,4,4,11,1,-1,-1,-1,-1,-1,-1,-1,-1,-1,-1,-1,-1,-1,-1,-1,-1
1,9,9,9,9,1,-1,-1,-1,-1,-1,-1,-1,-1,-1,1,4,4,4,1,1,9,9,9,1,4,4,11,1,4,4,4,10,1,1,8,8,8,8,1,12,12,12,12,12,12,12,12,12,12,12,12,12,12,12,12,12,12,12,12,12,12,12,12,12,1,1,4,4,4,11,11,1,-1,-1,-1,-1,-1,-1,-1,-1,-1,-1,-1,-1,-1,-1,-1,-1,-1
9,9,9,9,1,-1,-1,-1,-1,-1,-1,-1,-1,-1,-1,1,4,4,1,4,1,9,9,9,1,4,11,11,1,4,4,4,10,1,1,8,8,8,1,12,12,12,12,12,12,12,12,12,12,12,12,12,12,12,1,1,1,1,1,12,12,12,12,12,12,1,4,4,4,11,1,1,-1,-1,-1,-1,-1,-1,-1,-1,-1,-1,-1,-1,-1,-1,-1,-1,-1,-1
9,9,9,1,-1,-1,-1,-1,-1,-1,-1,-1,-1,-1,-1,1,4,4,1,4,1,9,9,9,9,1,11,11,1,4,4,4,10,1,1,8,8,1,12,12,12,12,12,12,12,12,12,12,12,12,12,1,1,12,12,12,12,12,12,1,1,12,12,12,12,12,1,4,11,1,-1,-1,-1,-1,-1,-1,-1,-1,-1,-1,-1,-1,-1,-1,-1,-1,-1,-1,-1,-1
9,9,9,1,-1,-1,-1,-1,-1,-1,-1,-1,-1,-1,-1,1,4,4,1,4,1,9,9,9,9,9,1,1,4,4,4,4,10,1,1,8,1,12,12,12,12,12,12,12,12,12,12,12,12,12,12,12,12,12,12,12,12,12,12,12,12,1,1,12,12,12,1,11,1,-1,-1,-1,-1,-1,-1,-1,-1,-1,-1,-1,-1,-1,-1,-1,-1,-1,-1,-1,-1,-1
9,9,9,1,-1,-1,-1,-1,-1,-1,-1,-1,-1,-1,-1,1,4,4,1,4,4,1,9,9,9,9,9,1,4,4,4,4,10,1,1,1,12,12,12,12,12,12,12,12,12,12,12,12,12,12,12,12,12,12,12,12,12,12,12,12,12,12,12,1,12,12,12,1,-1,-1,-1,-1,-1,-1,-1,-1,-1,-1,-1,-1,-1,-1,-1,-1,-1,-1,-1,-1,-1,-1
9,9,9,1,-1,1,1,-1,-1,-1,-1,-1,-1,-1,-1,1,4,4,1,4,4,4,1,9,9,9,9,1,4,4,4,4,10,1,1,12,12,12,12,1,1,1,1,1,12,12,12,12,12,12,12,12,12,12,12,12,12,12,12,12,12,12,12,12,12,12,12,12,1,-1,-1,-1,-1,-1,-1,-1,-1,-1,-1,-1,-1,-1,-1,-1,-1,-1,-1,-1,-1,-1
9,9,9,1,-1,1,4,1,1,-1,-1,-1,-1,-1,1,4,4,4,4,1,4,4,4,1,9,9,1,4,4,4,4,4,10,1,12,12,12,1,1,4,1,1,12,12,12,12,12,12,12,12,12,12,12,12,12,12,12,12,12,12,12,12,12,12,12,12,12,12,1,-1,-1,-1,-1,-1,-1,-1,-1,-1,-1,-1,-1,-1,-1,-1,-1,-1,-1,-1,-1,-1
9,9,9,1,-1,-1,1,4,4,1,1,-1,-1,-1,1,4,4,4,4,1,4,4,4,4,1,9,1,4,4,4,4,4,10,1,12,12,1,4,4,1,12,12,12,12,12,12,12,12,12,12,12,12,12,12,12,12,12,12,12,12,12,12,12,12,12,12,12,12,1,-1,-1,-1,-1,-1,-1,-1,-1,-1,-1,-1,-1,-1,-1,-1,-1,-1,-1,-1,-1,-1
9,9,9,9,1,-1,1,4,4,4,4,1,-1,-1,1,4,4,4,4,1,4,4,4,4,4,1,1,4,4,4,4,4,10,1,12,1,4,10,1,12,12,12,12,12,12,12,12,12,12,12,12,12,12,12,12,12,12,12,12,12,12,12,12,12,12,12,12,12,12,1,-1,-1,-1,-1,-1,-1,-1,-1,-1,-1,-1,-1,-1,-1,-1,-1,-1,-1,-1,-1
9,9,9,9,1,-1,-1,1,4,4,4,4,1,-1,1,4,4,4,4,4,1,4,4,4,4,4,1,4,4,4,4,4,10,1,1,4,10,10,1,12,12,12,12,12,12,1,12,12,12,12,12,12,12,12,12,12,12,12,12,12,12,12,1,12,12,12,12,12,12,1,-1,-1,-1,-1,-1,-1,-1,-1,-1,-1,-1,-1,-1,-1,-1,-1,-1,-1,-1,-1
1,9,9,9,1,-1,-1,1,4,4,4,4,4,1,1,4,4,4,4,4,9,1,4,4,4,4,4,1,4,4,4,4,10,1,4,4,10,1,12,12,12,12,12,12,12,12,1,1,1,12,12,12,1,12,12,12,12,12,12,12,12,12,12,1,12,12,12,12,12,12,1,1,-1,-1,-1,-1,-1,-1,-1,-1,-1,-1,-1,-1,-1,-1,-1,-1,-1,-1
1,4,9,9,9,1,-1,-1,1,4,4,4,4,4,1,4,4,4,4,4,9,1,1,4,4,4,4,4,1,4,4,4,1,4,4,10,10,1,12,12,12,12,12,12,12,12,12,1,1,1,1,1,12,1,1,12,12,12,12,12,12,12,12,1,8,12,12,12,12,12,1,9,1,-1,-1,-1,-1,1,1,1,-1,-1,-1,-1,-1,-1,-1,-1,-1,-1
-1,1,4,9,9,9,1,-1,1,4,4,4,4,4,4,4,4,4,4,9,1,12,12,1,4,4,4,4,4,1,4,4,1,4,10,10,1,12,12,12,12,12,12,12,12,12,12,12,8,1,10,1,1,12,1,1,12,12,12,12,12,12,1,8,8,12,12,12,12,12,1,9,9,1,-1,-1,-1,-1,1,9,1,-1,-1,-1,-1,-1,-1,-1,-1,-1
-1,-1,1,4,4,9,1,-1,1,4,4,4,4,4,4,4,4,4,4,9,1,12,12,8,1,4,4,4,4,4,1,4,4,4,10,10,1,12,12,12,12,12,12,12,12,12,12,12,12,8,1,10,10,1,1,1,1,12,12,12,12,12,1,8,12,12,12,12,12,12,1,9,9,9,1,-1,-1,-1,-1,1,9,1,-1,-1,-1,-1,-1,-1,-1,-1
1,1,1,1,4,4,9,1,4,4,4,4,4,4,4,4,4,4,9,1,12,12,8,8,8,1,4,4,4,4,4,1,4,10,10,1,12,12,12,12,12,12,12,12,12,12,12,12,12,8,1,10,10,10,1,1,4,1,12,12,12,1,8,8,12,12,12,12,12,12,1,1,9,9,1,-1,-1,-1,-1,1,9,9,1,-1,-1,-1,-1,-1,-1,-1
4,4,4,4,1,4,4,1,4,4,4,4,9,9,9,9,9,9,9,1,12,12,8,8,8,8,1,4,4,4,4,4,1,10,10,1,12,12,1,5,5,5,5,5,5,5,12,12,12,12,8,1,10,10,10,1,1,4,1,12,12,1,8,12,12,12,12,12,12,12,1,10,1,9,9,1,-1,-1,-1,1,9,9,9,1,-1,-1,-1,-1,-1,-1
1,1,4,4,4,1,4,4,4,4,4,9,1,1,1,1,1,1,1,1,1,8,8,1,1,1,1,1,1,1,4,4,4,1,10,1,12,1,5,5,13,13,14,13,5,5,5,5,12,12,8,1,1,10,10,10,1,4,4,1,12,8,8,12,12,12,12,12,12,12,1,10,10,1,9,1,-1,-1,-1,1,9,9,9,1,-1,-1,-1,-1,-1,-1
-1,-1,1,4,4,4,1,4,4,9,9,1,4,4,4,4,4,4,4,4,4,1,1,10,10,10,10,10,10,10,1,1,4,4,1,1,1,5,5,13,13,14,13,14,13,5,5,5,7,7,8,8,1,1,10,10,10,1,4,1,12,8,12,12,12,12,12,12,12,12,12,1,10,1,9,9,1,-1,-1,1,9,9,9,1,-1,-1,-1,-1,-1,-1
-1,-1,-1,1,4,4,4,1,9,1,1,4,4,4,4,4,4,4,4,4,4,4,4,1,1,10,10,10,10,10,10,10,1,1,4,1,1,7,14,0,0,14,0,14,0,0,7,7,7,1,12,8,1,4,1,10,10,10,1,4,1,8,12,12,12,12,12,12,12,12,12,1,10,10,1,9,1,-1,-1,1,9,9,9,1,-1,-1,-1,-1,-1,-1
-1,-1,-1,-1,1,9,9,9,1,1,1,1,4,4,4,4,4,4,4,4,4,4,4,4,4,1,1,10,10,10,10,10,4,4,1,1,1,7,14,14,14,14,0,14,14,14,7,1,1,12,12,8,1,4,1,10,10,10,1,4,1,5,5,5,5,5,1,12,12,12,12,1,10,10,1,9,1,-1,-1,1,9,9,9,1,-1,-1,-1,-1,-1,-1
-1,-1,-1,-1,-1,1,1,1,4,4,4,4,1,1,1,1,4,4,4,4,4,4,4,4,4,4,4,1,1,10,10,10,10,4,1,1,1,1,1,1,1,1,1,1,1,1,1,1,12,8,12,8,1,4,4,1,4,10,10,1,1,5,5,13,13,5,5,1,12,12,12,1,10,10,1,9,1,-1,1,9,9,9,9,1,-1,-1,-1,-1,-1,-1
-1,-1,-1,1,1,4,4,4,4,4,4,4,4,4,4,4,1,4,4,4,4,4,4,4,4,4,4,4,4,1,10,10,10,10,4,4,1,1,1,1,1,1,1,1,1,1,12,12,8,12,12,8,8,1,4,1,4,10,10,1,1,1,14,13,14,13,5,5,1,12,12,1,10,10,10,1,9,1,1,9,9,9,9,1,-1,-1,-1,-1,-1,-1
-1,-1,1,4,4,4,4,4,4,4,10,4,4,4,4,4,4,1,1,10,10,10,4,4,4,4,4,4,4,4,1,10,10,10,10,10,4,4,1,1,8,8,8,8,8,8,8,8,12,12,12,8,8,1,4,4,4,10,10,10,1,12,1,14,0,14,13,5,5,1,12,1,10,10,10,1,9,1,9,9,9,9,1,-1,-1,-1,-1,-1,-1,-1
-1,-1,-1,1,1,1,1,1,1,1,10,10,10,10,10,4,4,4,4,1,10,10,10,10,10,10,4,4,4,4,4,1,10,10,10,10,10,4,4,4,1,8,8,12,12,12,12,15,15,15,15,15,8,1,4,4,4,10,10,10,1,12,1,1,14,14,13,5,5,1,12,1,10,10,10,1,1,9,9,9,9,1,-1,-1,-1,-1,-1,-1,-1,-1
-1,-1,-1,-1,-1,1,1,1,1,1,1,1,10,10,10,10,10,4,4,4,1,10,10,10,10,10,10,10,4,4,4,4,1,10,10,10,10,10,4,4,4,1,15,15,15,15,15,15,15,15,12,8,8,1,4,4,4,4,10,10,1,8,12,1,1,14,14,5,5,1,12,1,10,10,10,1,9,9,9,9,1,1,1,-1,-1,-1,-1,-1,-1,-1
-1,-1,-1,-1,-1,1,9,9,9,1,4,4,1,1,10,10,10,10,10,4,4,1,10,10,10,10,10,10,10,10,4,4,4,1,10,10,10,10,10,4,4,4,1,8,8,12,12,12,12,12,12,8,8,1,4,10,4,4,10,10,10,1,8,12,1,1,14,5,5,1,12,1,10,10,10,1,9,9,9,1,4,4,4,1,-1,-1,-1,-1,-1,-1
-1,-1,-1,-1,-1,1,4,4,4,9,1,4,4,4,1,10,10,10,10,10,10,4,1,10,10,10,10,10,10,10,10,4,4,4,1,10,10,10,10,10,4,4,4,1,8,8,12,12,12,12,12,8,8,1,4,10,4,4,10,10,10,1,12,8,12,1,1,1,5,1,1,1,10,10,10,1,9,9,4,4,4,4,4,4,1,-1,-1,-1,-1,-1
-1,-1,-1,-1,-1,1,4,4,4,4,4,1,4,4,10,1,10,10,10,10,10,10,4,1,10,10,10,10,10,10,10,10,10,4,4,1,10,10,10,10,10,4,4,10,1,8,8,12,12,12,12,8,8,1,4,10,10,4,10,10,10,1,12,12,8,12,1,1,1,1,1,1,10,10,10,1,4,4,4,10,10,10,10,4,4,1,-1,-1,-1,-1
-1,-1,-1,-1,-1,1,4,4,4,4,4,4,1,4,4,10,1,10,10,10,10,10,10,4,1,10,10,10,10,10,10,10,10,10,4,4,1,10,10,10,10,10,4,4,10,1,8,8,12,12,12,8,8,1,4,10,10,4,10,10,10,1,15,15,12,8,8,8,1,1,1,1,10,10,10,1,4,10,10,10,10,10,10,10,4,1,-1,-1,-1,-1
-1,-1,-1,-1,1,4,4,4,4,4,4,4,1,4,4,10,10,10,10,10,10,10,10,10,4,1,10,10,10,10,10,10,10,10,10,4,1,10,10,10,10,10,10,4,4,10,1,8,8,12,12,8,8,1,4,4,10,10,4,10,10,10,1,15,15,12,12,12,8,8,8,1,10,10,10,1,4,10,10,1,1,1,1,10,10,1,-1,-1,-1,-1
-1,-1,-1,-1,1,4,4,4,4,4,4,4,4,1,4,10,10,10,10,10,10,10,10,10,10,1,10,10,10,10,10,10,10,10,10,4,4,1,10,10,10,10,10,10,4,4,10,1,8,8,12,8,8,1,4,4,10,10,4,10,10,10,1,12,15,15,12,8,8,8,8,1,10,10,10,1,10,10,1,-1,-1,-1,-1,1,10,1,-1,-1,-1,-1
-1,-1,-1,-1,1,4,4,4,4,4,4,4,4,1,4,4,10,10,10,10,10,10,10,10,10,4,1,10,10,10,10,10,10,10,10,4,4,1,10,10,10,10,10,10,10,4,4,10,1,8,8,8,1,4,4,4,10,10,4,10,10,10,1,12,12,12,15,8,8,8,1,10,10,10,10,4,10,1,-1,-1,-1,-1,-1,-1,1,1,-1,-1,-1,-1
-1,-1,-1,-1,1,4,4,4,4,4,4,4,10,1,4,4,10,10,10,10,10,10,10,10,10,10,4,1,10,10,10,10,10,10,10,10,4,4,1,10,10,10,10,10,10,10,4,10,10,1,8,8,1,4,4,4,10,10,10,4,10,10,1,12,12,12,12,15,8,8,1,10,10,10,10,4,10,1,-1,-1,-1,-1,-1,-1,-1,1,-1,-1,-1,-1
-1,-1,-1,-1,1,4,4,4,4,4,4,4,10,1,4,4,10,10,10,10,10,10,10,10,10,10,4,1,10,10,10,10,10,10,10,10,4,4,1,10,10,10,10,10,10,10,10,4,10,10,1,8,1,4,4,4,10,10,10,4,10,10,1,12,12,12,12,8,15,15,1,10,10,10,4,10,1,-1,-1,-1,-1,-1,-1,-1,-1,-1,-1,-1,-1,-1
-1,-1,-1,-1,1,4,4,4,4,4,4,4,10,10,1,4,4,10,10,10,10,10,10,10,10,10,10,4,1,10,10,10,10,10,10,10,4,4,4,1,10,10,10,10,10,10,10,4,10,10,1,8,1,4,10,4,10,10,10,4,10,10,1,12,12,12,8,8,8,8,1,10,10,10,4,10,1,-1,-1,-1,-1,-1,-1,-1,-1,-1,-1,-1,-1,-1
-1,-1,-1,-1,1,4,4,4,4,4,4,4,10,10,1,4,4,10,10,10,10,10,10,10,10,10,10,4,1,10,10,10,10,10,10,10,4,4,4,1,10,10,10,10,10,10,10,10,4,10,10,1,1,4,10,4,4,10,10,4,10,10,1,12,12,12,8,8,8,1,10,10,10,4,10,1,-1,-1,-1,-1,-1,-1,-1,-1,-1,-1,-1,-1,-1,-1
-1,-1,-1,1,4,4,4,4,4,4,4,4,10,10,10,1,4,10,10,10,10,10,10,10,10,10,10,10,4,1,10,10,10,10,10,10,10,4,4,1,10,10,10,10,10,10,10,10,4,10,10,1,1,4,10,4,4,10,10,4,10,10,1,12,12,12,8,8,8,1,10,10,10,4,10,1,-1,-1,-1,-1,-1,-1,-1,-1,-1,-1,-1,-1,-1,-1
-1,-1,-1,1,4,4,4,10,10,4,4,4,10,10,10,10,1,4,10,10,10,10,10,10,10,10,10,10,4,1,10,10,10,10,10,10,10,4,4,4,1,10,10,10,10,10,10,10,10,4,10,10,1,4,10,4,4,10,10,10,10,10,1,12,12,8,8,8,1,10,10,10,10,10,10,1,-1,-1,-1,-1,-1,-1,-1,-1,-1,-1,-1,-1,-1,-1
-1,-1,-1,1,4,4,4,10,10,4,4,4,10,10,10,10,1,4,10,10,10,10,10,10,10,10,10,10,10,4,1,10,10,10,10,10,10,4,4,4,1,10,10,10,10,10,10,10,10,4,10,10,1,4,10,10,4,10,10,10,10,10,1,8,8,8,8,8,1,10,10,10,10,10,1,-1,-1,-1,-1,-1,-1,-1,-1,-1,-1,-1,-1,-1,-1,-1
-1,-1,-1,1,4,4,4,10,10,4,4,4,10,10,10,10,1,4,10,10,10,10,10,10,10,10,10,10,10,4,1,10,10,10,10,10,10,4,4,4,1,10,10,10,10,10,10,10,10,4,10,10,1,4,10,10,4,10,10,10,10,10,1,8,8,8,8,1,10,10,10,10,10,10,1,-1,-1,-1,-1,-1,-1,-1,-1,-1,-1,-1,-1,-1,-1,-1
-1,-1,-1,-1,1,4,4,10,10,10,4,4,4,10,10,10,10,1,4,10,10,10,10,10,10,10,10,10,10,4,4,10,10,10,10,10,10,10,4,4,4,1,10,10,10,10,10,10,10,10,4,10,10,1,10,10,4,10,10,10,10,10,1,4,8,8,8,1,10,10,10,10,10,10,1,-1,-1,-1,-1,-1,-1,-1,-1,-1,-1,-1,-1,-1,-1,-1
-1,-1,-1,-1,1,4,4,10,10,10,4,4,4,10,10,10,10,1,4,10,10,10,10,10,10,10,10,10,10,10,4,4,10,10,10,10,10,10,4,4,4,1,10,10,10,10,10,10,10,10,4,10,10,1,10,10,4,10,10,10,10,10,1,4,4,4,1,10,10,10,10,10,10,10,1,-1,-1,-1,-1,-1,-1,-1,-1,-1,-1,-1,-1,-1,-1,-1
-1,-1,-1,-1,1,4,4,10,10,10,4,4,4,10,10,10,10,10,1,4,10,10,10,10,10,10,10,10,10,10,10,4,10,10,10,10,10,10,10,4,4,1,10,10,10,10,10,10,10,10,4,10,10,1,10,10,4,10,10,10,10,10,1,4,4,4,1,10,10,10,10,10,10,1,4,1,-1,-1,-1,-1,-1,-1,-1,-1,-1,-1,-1,-1,-1,-1
-1,-1,-1,-1,1,4,4,10,10,10,10,4,4,4,10,10,10,10,1,4,10,10,10,10,10,10,10,10,10,10,10,4,4,10,10,10,10,10,10,4,4,4,1,10,10,10,10,10,10,10,10,10,10,1,10,10,4,10,10,10,10,1,4,4,4,1,4,10,10,10,10,10,10,1,4,1,-1,-1,-1,-1,-1,-1,-1,-1,-1,-1,-1,-1,-1,-1
-1,-1,-1,-1,1,4,4,10,10,10,10,4,4,4,10,10,10,10,10,1,10,10,10,10,10,10,10,10,10,10,10,10,4,10,10,10,10,10,10,10,4,4,1,10,10,10,10,10,10,10,10,10,10,1,10,4,10,10,10,10,10,1,4,4,1,4,10,10,10,10,10,10,1,4,4,1,-1,-1,-1,-1,-1,-1,-1,-1,-1,-1,-1,-1,-1,-1
-1,-1,-1,-1,-1,1,4,4,10,10,10,4,4,4,10,10,10,10,10,10,1,10,10,10,10,10,10,10,10,10,10,10,4,10,10,10,10,10,10,10,4,4,1,10,10,10,10,10,10,10,10,10,1,10,10,4,10,10,10,10,10,1,4,1,4,10,10,10,10,10,10,10,1,4,1,1,-1,-1,-1,-1,-1,-1,-1,-1,-1,-1,-1,-1,-1,-1
-1,-1,-1,-1,-1,1,4,4,10,10,10,10,4,4,4,10,10,10,10,10,10,1,10,10,10,10,10,10,10,10,10,10,4,4,10,10,10,10,10,10,4,4,4,1,10,10,10,10,10,10,10,10,1,10,10,4,10,10,10,10,10,1,1,4,4,10,10,10,10,10,10,1,4,4,1,1,-1,-1,-1,-1,-1,-1,-1,-1,-1,-1,-1,-1,-1,-1
-1,-1,-1,-1,-1,1,4,4,10,10,10,10,4,4,4,10,10,10,10,10,10,10,1,10,10,10,10,10,10,10,10,10,10,4,10,10,10,10,10,10,10,4,4,1,10,10,10,10,10,10,10,10,1,10,4,10,10,10,10,10,1,1,4,4,10,10,10,10,10,10,10,1,4,4,1,1,-1,-1,-1,-1,-1,-1,-1,-1,-1,-1,-1,-1,-1,-1
-1,-1,-1,-1,-1,-1,1,4,4,10,10,10,10,4,4,4,10,10,10,10,10,10,1,10,10,10,10,10,10,10,10,10,10,4,4,10,10,10,10,10,10,4,4,1,10,10,10,10,10,10,10,10,10,10,4,10,10,10,10,10,1,4,4,10,10,10,10,10,10,10,1,4,10,4,1,1,-1,-1,-1,-1,-1,-1,-1,-1,-1,-1,-1,-1,-1,-1
-1,-1,-1,-1,-1,-1,1,4,4,10,10,10,10,4,4,4,10,10,10,10,10,10,10,1,10,10,10,10,10,10,10,10,10,10,4,10,10,10,10,10,10,10,4,4,1,10,10,10,10,10,10,10,10,10,10,10,10,10,10,10,1,4,4,10,10,10,10,10,10,10,1,4,10,1,16,16,1,-1,-1,-1,-1,-1,-1,-1,-1,-1,-1,-1,-1,-1
-1,-1,-1,-1,-1,-1,-1,1,4,10,10,10,10,10,4,4,4,10,10,10,10,10,10,10,1,10,10,10,10,10,10,10,10,10,10,4,10,10,10,10,10,10,10,4,1,10,10,10,10,10,10,10,10,10,10,10,10,10,10,1,4,4,10,10,10,10,10,10,10,1,4,10,10,1,16,16,1,-1,-1,-1,-1,-1,-1,-1,-1,-1,-1,-1,-1,-1
-1,-1,-1,-1,-1,-1,-1,1,4,4,10,10,10,10,10,4,4,10,10,10,10,10,10,10,10,1,10,10,10,10,10,10,10,10,10,10,4,10,10,10,10,10,10,4,1,10,10,10,10,10,10,10,10,10,10,10,10,10,10,1,4,10,10,10,10,10,10,10,1,4,10,10,1,16,16,6,1,-1,-1,-1,-1,-1,-1,-1,-1,-1,-1,-1,-1,-1
-1,-1,-1,-1,-1,-1,-1,-1,1,4,10,10,10,10,10,4,4,4,10,10,10,10,10,10,10,10,1,10,10,10,10,10,10,10,10,10,10,10,10,10,10,10,10,10,4,1,10,10,10,10,10,10,10,10,10,10,10,10,10,1,10,10,10,10,10,10,10,10,1,10,10,10,1,16,6,6,1,-1,-1,-1,-1,-1,-1,-1,-1,-1,-1,-1,-1,-1
-1,-1,-1,-1,-1,-1,-1,-1,-1,1,4,10,10,10,10,10,4,4,10,10,10,10,10,10,10,10,10,1,10,10,10,10,10,10,10,10,10,10,10,10,10,10,10,10,4,1,10,10,10,10,10,10,10,10,10,10,10,10,1,10,10,10,10,10,10,10,10,1,10,10,10,1,16,6,6,6,1,-1,-1,-1,-1,-1,-1,-1,-1,-1,-1,-1,-1,-1
-1,-1,-1,-1,-1,-1,-1,-1,-1,1,4,4,10,10,10,10,10,4,4,10,10,10,10,10,10,10,10,10,1,10,10,10,10,10,10,10,10,10,10,10,10,10,10,10,10,4,1,10,10,10,10,10,10,10,10,10,10,10,1,10,10,10,10,10,10,10,1,10,10,10,1,16,6,6,6,6,1,-1,-1,-1,-1,-1,-1,-1,-1,-1,-1,-1,-1,-1
-1,-1,-1,-1,-1,-1,-1,-1,-1,-1,1,4,4,10,10,10,10,10,4,4,10,10,10,10,10,10,10,10,10,1,1,10,10,10,10,10,10,10,10,10,10,10,10,10,10,4,1,10,10,10,10,10,10,10,10,10,10,1,10,10,10,10,10,10,10,1,10,10,10,1,16,16,6,6,6,6,1,-1,-1,-1,-1,-1,-1,-1,-1,-1,-1,-1,-1,-1
-1,-1,-1,-1,-1,-1,-1,-1,-1,-1,-1,1,4,10,10,10,10,10,10,4,4,10,10,10,10,10,10,10,10,10,10,1,10,10,10,10,10,10,10,10,10,10,10,10,10,10,4,1,10,10,10,10,10,10,10,10,10,10,10,10,10,10,10,10,1,10,10,10,1,16,6,6,6,6,6,1,-1,-1,-1,-1,-1,-1,-1,-1,-1,-1,-1,-1,-1,-1
0.6352941,0.2509804,0.1803922
0,0,0
0.3176471,0.2705882,0.2862745
0.172549,0.1254902,0.1411765
0.7607844,0.6313726,0.4235294
0.9843138,1,1
0.345098,0.9254903,0.9843138
0.7843138,0.7921569,0.7882354
0.9568628,0.7764707,0.6745098
0.6666667,0.4431373,0.2666667
1,0.9490197,0.8117648
1,0.9294118,0.454902
0.9921569,0.9529412,0.9137256
0.8313726,0.7019608,0.6392157
0.4156863,0.1529412,0.1176471
0.5607843,0.3647059,0.1333333
0.1490196,0.482353,0.572549
