86,90,
0,0,0,0,0,0,0,0,0,0,0,0,0,0,0,0,0,0,0,0,0,0,0,0,0,0,0,1,1,2,3,2,2,2,2,1,3,3,3,3,4,1,5,5,5,5,5,5,1,6,6,7,7,7,7,7,7,7,7,7,7,7,7,7,7,7,7,7,7,7,7,7,7,7,7,7,7,7,7,7,1,-1,-1,-1,-1,-1
0,0,0,0,0,0,0,0,0,0,0,0,0,0,0,0,0,0,0,0,0,0,0,0,0,1,1,2,2,3,2,2,2,2,1,3,3,3,3,3,4,1,5,5,5,5,5,5,1,6,6,7,7,7,7,7,7,7,7,7,7,7,7,7,7,7,7,7,7,7,7,7,7,7,7,7,7,7,7,1,-1,-1,-1,-1,-1,-1
0,0,0,0,0,0,0,0,0,0,0,0,0,0,0,0,0,0,0,0,0,0,0,1,1,2,2,3,3,2,2,2,2,1,1,3,3,3,3,3,3,4,1,5,5,5,5,5,5,1,6,7,7,7,7,7,7,7,7,7,7,7,7,7,7,7,7,7,7,7,7,7,7,7,7,7,7,7,1,-1,-1,-1,-1,-1,-1,-1
0,0,0,0,0,0,0,0,0,0,0,0,0,0,0,0,0,0,0,0,0,1,1,2,2,3,3,2,2,2,2,2,1,5,1,3,3,3,3,3,3,4,1,5,5,5,5,5,5,1,6,6,7,7,7,7,7,7,7,7,7,7,7,7,7,7,7,7,7,7,7,7,7,7,7,7,7,1,3,1,-1,-1,-1,-1,-1,-1
0,0,0,0,0,0,0,0,0,0,0,0,0,0,0,0,0,1,1,1,1,2,2,2,3,2,2,2,2,2,2,2,1,5,1,3,3,3,3,3,3,3,4,1,5,5,5,5,5,5,1,6,7,7,7,7,7,7,7,7,7,7,7,7,7,7,7,7,7,7,7,7,7,7,7,7,1,3,3,3,1,-1,-1,-1,-1,-1
0,0,0,0,0,0,0,0,0,0,0,0,0,1,1,1,1,2,2,2,2,2,3,3,2,2,2,2,2,2,2,1,5,5,5,1,3,3,3,3,3,3,3,4,1,5,5,5,5,5,1,6,6,7,7,7,7,7,7,7,7,7,7,7,7,7,7,7,7,7,7,7,7,7,7,1,3,3,3,3,3,1,-1,-1,-1,-1
0,0,0,0,0,0,0,0,0,0,1,1,1,2,2,2,2,2,2,2,3,3,2,2,2,2,2,2,2,2,1,5,5,5,5,5,1,8,8,3,3,3,3,3,4,1,5,5,9,9,9,1,6,6,7,7,7,7,7,7,7,7,7,7,7,7,7,7,7,7,7,7,7,7,1,1,3,3,3,3,3,3,1,-1,-1,-1
0,0,0,0,0,0,0,0,1,1,2,2,2,2,2,2,2,2,3,3,2,2,2,2,2,2,2,2,2,1,5,5,5,5,5,5,5,1,8,8,8,3,3,3,8,4,1,9,9,9,9,9,1,6,6,7,7,7,7,7,7,7,7,7,7,7,7,7,7,7,7,7,7,1,10,10,1,3,3,3,3,3,3,1,-1,-1
0,0,0,0,0,1,1,1,2,2,2,2,2,2,2,2,3,3,2,2,2,2,2,2,2,2,2,2,2,1,5,5,5,5,5,5,5,5,1,8,8,8,8,8,8,8,4,1,9,9,9,9,9,1,6,6,7,7,7,7,7,7,7,7,7,7,7,7,7,7,7,7,1,10,10,10,10,1,3,3,3,3,3,3,1,-1
0,0,1,1,1,2,2,2,2,2,2,2,3,3,3,3,2,2,2,2,2,2,2,2,2,2,2,2,1,5,5,5,5,5,5,5,5,5,5,1,8,8,8,8,8,8,8,4,1,9,9,9,9,9,1,6,6,7,7,7,7,7,7,7,7,7,7,7,7,7,7,1,1,10,10,10,10,10,1,3,3,3,3,3,3,1
1,1,2,2,2,2,2,2,2,3,3,3,2,2,2,2,2,2,2,2,2,2,2,2,2,2,2,1,5,5,5,5,5,5,5,5,5,5,5,5,1,1,3,3,3,3,3,3,4,1,1,9,9,9,9,1,1,6,7,7,7,7,7,7,7,7,7,7,7,1,1,11,11,1,10,10,10,10,10,1,3,3,1,1,1,-1
3,2,2,2,2,2,2,3,3,2,2,2,2,2,2,2,2,2,2,2,2,2,2,2,2,2,1,5,5,5,5,5,5,5,5,5,5,5,5,5,5,9,1,1,3,3,3,3,3,4,4,1,1,9,9,9,9,1,1,1,1,1,1,1,1,1,1,1,1,11,11,11,11,1,10,10,10,10,10,10,1,1,-1,-1,-1,-1
3,2,2,2,3,3,3,2,2,2,2,2,2,2,2,2,2,2,2,2,2,2,2,2,2,1,5,5,5,5,5,5,5,5,5,5,5,5,5,5,9,9,9,9,1,1,3,3,3,3,3,4,4,1,1,9,9,1,1,12,12,12,12,12,10,10,1,1,11,10,10,11,11,11,1,10,10,10,10,10,1,-1,-1,-1,-1,-1
3,2,2,3,2,2,2,2,2,2,2,2,2,2,2,2,2,2,2,2,2,2,2,2,1,5,5,5,5,5,5,5,5,5,5,5,5,9,9,9,9,9,9,9,9,9,1,1,3,3,3,3,3,4,4,1,1,12,12,12,10,10,10,10,1,1,11,11,10,10,10,10,11,11,11,1,10,10,10,10,1,-1,-1,-1,-1,-1
3,3,3,2,2,2,2,2,2,2,2,2,2,2,2,2,2,2,2,2,2,2,2,2,1,5,5,5,5,5,5,5,5,5,5,1,1,1,1,1,1,1,1,1,1,1,1,1,1,1,1,1,1,1,1,12,12,12,10,10,10,10,1,1,11,11,11,11,10,10,10,10,11,11,11,11,1,10,10,10,10,1,-1,-1,-1,-1
3,2,2,2,2,2,2,2,2,2,2,2,2,2,2,2,2,2,2,2,2,2,2,1,5,5,5,5,5,5,5,1,1,1,1,11,11,11,11,11,11,11,11,11,11,11,11,11,11,11,11,11,1,12,12,1,10,10,10,10,1,1,12,12,1,11,11,11,11,10,10,11,11,11,11,11,11,1,10,10,10,1,-1,-1,-1,-1
2,2,2,2,2,2,2,2,2,2,2,2,2,2,2,2,2,2,2,2,2,2,1,5,5,5,5,5,5,1,1,11,11,11,11,11,11,11,11,11,11,11,11,11,11,11,11,11,11,11,11,11,1,10,10,1,10,10,1,1,3,1,12,12,12,1,1,11,11,11,11,11,11,11,11,11,11,1,12,10,10,1,-1,-1,-1,-1
3,2,2,2,2,2,2,2,2,2,2,2,2,2,2,2,2,2,2,2,2,1,5,5,5,5,5,1,1,11,11,11,11,11,11,1,1,1,1,1,1,1,1,1,1,1,1,1,1,1,1,1,1,1,1,1,1,1,3,3,3,3,1,12,12,12,12,1,1,1,11,11,11,11,11,11,11,1,12,10,10,10,1,-1,-1,-1
3,3,2,2,2,2,2,2,2,2,2,2,2,2,2,2,2,2,2,2,1,5,5,5,5,1,1,11,11,11,11,1,1,1,1,5,5,5,5,5,5,5,5,5,5,5,1,3,3,3,3,3,3,3,3,3,3,3,3,3,3,3,3,1,1,10,10,12,12,12,1,1,1,11,11,11,11,1,12,10,10,10,1,-1,-1,-1
3,3,3,2,2,2,2,2,2,2,2,2,2,2,2,2,2,2,2,1,5,5,5,5,1,11,11,11,11,1,1,5,5,5,5,5,5,5,5,5,5,5,5,5,5,5,1,3,1,1,1,1,1,1,1,1,1,1,1,1,1,1,1,3,3,1,1,10,10,10,1,10,10,1,1,1,1,1,12,10,10,10,1,-1,-1,-1
3,3,3,3,2,2,2,2,2,2,2,2,2,2,2,2,2,2,1,1,5,5,5,1,11,11,11,1,1,5,5,5,5,5,5,5,5,5,5,5,5,5,5,5,5,1,5,1,-1,-1,-1,-1,-1,-1,-1,-1,-1,-1,-1,-1,-1,-1,-1,1,1,1,1,1,1,1,1,1,10,10,10,10,10,12,12,10,10,10,10,1,-1,-1
3,3,3,3,2,2,2,2,2,2,2,2,2,2,2,2,1,1,3,3,1,5,1,11,11,1,1,5,5,5,5,5,5,5,5,5,5,5,5,5,5,5,5,1,1,5,9,1,-1,-1,-1,-1,-1,-1,-1,1,1,1,-1,-1,-1,-1,-1,-1,-1,-1,-1,-1,-1,-1,1,1,1,1,1,1,10,12,12,10,10,10,10,1,-1,-1
3,3,3,3,3,2,2,2,2,2,2,2,2,2,2,1,3,3,3,3,3,1,11,11,1,5,5,5,5,5,5,5,5,5,5,5,5,5,5,5,5,1,1,5,5,9,1,1,-1,-1,-1,-1,-1,1,1,7,7,7,1,-1,-1,-1,-1,-1,-1,-1,-1,-1,-1,-1,1,1,-1,-1,-1,-1,1,1,1,1,1,10,10,1,-1,-1
3,3,3,3,2,2,2,2,2,2,2,2,2,2,1,3,3,3,3,3,1,11,11,1,5,5,5,5,5,5,5,5,5,5,5,5,5,5,5,1,1,5,5,9,9,1,6,1,-1,-1,-1,1,1,7,7,7,7,7,7,1,-1,-1,-1,-1,-1,-1,-1,-1,-1,-1,1,13,1,-1,-1,-1,-1,-1,-1,-1,-1,1,1,1,-1,-1
3,3,2,2,2,2,2,2,2,2,2,2,1,1,3,3,3,3,3,3,1,11,1,5,5,5,5,5,5,5,5,5,5,5,5,5,5,1,1,5,5,9,9,1,1,6,6,1,-1,1,1,7,7,7,7,7,7,7,7,1,-1,-1,-1,-1,-1,-1,-1,-1,-1,-1,1,13,1,-1,-1,-1,-1,-1,-1,-1,-1,-1,-1,-1,-1,-1
3,2,2,2,2,2,2,2,2,2,1,1,3,3,3,3,3,3,3,3,1,11,1,5,5,5,5,5,5,5,5,5,5,5,5,1,1,5,5,9,9,1,1,6,6,6,6,1,1,7,7,7,7,7,7,7,7,7,7,7,1,-1,-1,-1,-1,-1,-1,-1,-1,-1,1,13,1,-1,-1,-1,-1,-1,-1,-1,-1,-1,-1,-1,-1,-1
2,2,2,2,2,2,2,2,1,1,3,3,3,3,3,3,1,1,1,1,1,11,11,1,5,5,5,5,5,5,5,5,5,1,1,5,9,9,9,1,1,6,6,6,6,1,1,7,7,7,7,7,7,7,7,7,7,7,7,7,1,-1,-1,-1,-1,-1,-1,-1,-1,-1,1,13,1,-1,-1,-1,-1,-1,-1,-1,-1,-1,-1,-1,-1,-1
2,2,2,2,2,2,1,1,3,3,3,1,1,1,1,1,-1,-1,-1,-1,1,11,11,1,5,5,5,5,5,5,5,1,1,5,5,5,5,1,1,6,6,6,6,1,1,7,7,7,7,7,7,7,7,7,7,7,7,7,7,7,7,1,-1,-1,-1,-1,-1,-1,-1,-1,1,13,13,1,-1,-1,-1,-1,-1,-1,-1,-1,-1,-1,-1,-1
2,2,2,1,1,1,1,1,1,1,1,-1,-1,-1,-1,-1,-1,-1,-1,-1,-1,1,11,11,1,1,1,1,1,1,1,5,5,5,5,1,1,6,6,6,6,6,1,7,7,7,7,7,7,7,7,7,7,7,7,7,7,7,6,6,7,1,-1,-1,-1,-1,-1,-1,-1,-1,1,13,13,1,-1,-1,-1,-1,-1,-1,-1,-1,-1,-1,-1,-1
1,1,1,-1,-1,-1,-1,-1,-1,-1,-1,-1,-1,-1,-1,-1,-1,-1,-1,-1,-1,1,11,11,1,5,5,5,5,5,5,5,5,1,1,6,6,6,6,6,6,1,7,7,7,7,7,7,7,7,7,7,7,7,7,7,7,7,7,7,7,7,1,-1,-1,-1,-1,1,-1,-1,1,13,13,1,-1,-1,-1,-1,-1,-1,-1,-1,-1,-1,-1,-1
-1,-1,-1,-1,-1,-1,-1,-1,-1,-1,-1,-1,-1,-1,-1,-1,-1,-1,-1,1,1,1,1,1,1,5,5,5,5,5,5,1,1,6,6,6,6,6,6,6,1,7,7,7,7,7,7,7,7,7,7,7,7,7,7,7,1,1,1,1,1,7,7,1,-1,-1,-1,-1,1,-1,1,13,13,1,-1,-1,-1,-1,-1,-1,-1,-1,-1,-1,-1,-1
-1,-1,-1,-1,-1,-1,-1,-1,-1,-1,-1,-1,-1,-1,-1,-1,-1,-1,-1,-1,1,14,14,1,1,1,1,1,1,1,1,6,6,6,6,6,6,6,6,1,7,7,7,7,7,7,7,7,7,7,7,7,7,7,7,7,7,7,7,7,7,1,1,7,1,-1,-1,-1,1,1,1,13,13,1,-1,-1,-1,-1,-1,-1,-1,-1,-1,-1,-1,-1
-1,-1,-1,-1,-1,-1,-1,-1,-1,-1,-1,-1,-1,-1,-1,-1,-1,-1,-1,-1,1,14,14,14,14,1,6,6,6,6,6,6,6,6,6,6,6,6,6,1,7,7,1,7,7,7,7,7,7,7,7,7,7,7,7,7,7,7,7,7,7,7,7,7,7,1,-1,-1,1,13,1,13,13,1,-1,-1,-1,-1,-1,-1,-1,-1,-1,-1,-1,-1
-1,-1,-1,-1,-1,-1,-1,-1,-1,-1,-1,-1,-1,-1,1,1,1,1,1,1,1,14,14,14,14,1,6,6,6,6,6,6,6,6,6,6,6,6,6,1,1,1,7,7,7,7,7,7,7,7,7,7,7,7,7,7,7,7,7,7,7,7,7,7,7,7,1,-1,1,13,1,13,13,13,1,-1,-1,-1,-1,-1,-1,-1,-1,-1,-1,-1
-1,-1,-1,-1,-1,-1,-1,-1,-1,-1,-1,-1,-1,-1,-1,1,14,14,14,14,14,1,14,14,14,14,1,6,6,6,6,6,6,6,6,6,6,6,1,1,15,1,7,7,7,7,6,7,7,7,7,7,7,7,7,7,7,7,7,7,7,7,7,7,7,1,1,1,1,13,13,1,13,13,1,-1,-1,-1,-1,-1,-1,-1,-1,-1,-1,-1
-1,-1,-1,-1,-1,-1,-1,-1,-1,-1,-1,-1,-1,-1,-1,-1,1,14,14,14,14,14,1,14,14,14,1,6,6,6,6,6,6,6,6,6,6,1,15,15,15,1,7,7,6,6,7,7,7,7,7,7,7,7,7,7,7,7,7,7,7,7,7,7,7,7,7,7,1,13,13,1,13,13,1,-1,-1,-1,-1,-1,-1,-1,-1,-1,-1,-1
-1,-1,-1,-1,-1,-1,-1,-1,-1,-1,-1,-1,-1,-1,-1,-1,-1,1,14,14,14,14,14,14,14,14,14,1,6,1,1,1,1,1,1,1,1,15,15,15,1,7,7,6,6,7,7,7,7,7,7,7,7,7,7,7,7,7,7,7,7,7,7,7,7,7,7,7,7,1,13,1,13,13,1,-1,-1,-1,-1,-1,-1,-1,-1,-1,-1,-1
-1,-1,-1,-1,-1,-1,-1,-1,-1,-1,-1,-1,-1,-1,-1,-1,-1,-1,1,14,14,14,14,14,1,1,1,1,1,12,12,12,12,12,1,15,15,15,11,15,1,7,6,6,6,7,7,1,7,7,7,7,7,7,7,7,7,7,7,7,7,7,7,7,7,7,7,7,1,13,13,13,1,13,1,-1,-1,-1,-1,-1,-1,-1,-1,-1,-1,-1
-1,-1,-1,-1,-1,-1,-1,-1,-1,-1,-1,-1,-1,-1,-1,-1,-1,-1,-1,1,14,14,14,1,16,16,16,16,16,12,12,12,1,1,15,15,15,11,15,15,1,1,6,6,7,1,1,7,7,7,7,7,7,7,7,7,7,7,7,7,7,7,7,7,7,7,7,7,1,13,13,13,1,13,1,-1,-1,-1,-1,-1,-1,-1,-1,-1,-1,-1
-1,-1,-1,-1,-1,-1,-1,-1,-1,-1,-1,-1,-1,-1,-1,-1,-1,-1,-1,1,14,14,1,16,17,17,17,17,17,1,1,1,15,15,15,15,11,11,15,1,12,1,6,6,1,1,7,7,7,7,7,7,7,7,7,7,7,7,7,7,7,7,7,7,7,7,7,1,13,13,13,13,1,13,1,-1,-1,-1,-1,-1,-1,-1,-1,-1,-1,-1
-1,-1,-1,-1,-1,-1,-1,-1,-1,-1,-1,-1,-1,-1,-1,-1,-1,-1,-1,1,14,1,16,17,12,12,12,12,1,2,2,15,15,15,15,11,11,15,15,1,12,1,6,1,18,1,7,7,7,7,7,7,7,7,7,7,7,7,7,7,7,7,7,7,7,7,7,1,13,13,13,13,1,13,1,-1,-1,-1,-1,-1,-1,-1,-1,-1,-1,-1
-1,-1,-1,-1,-1,-1,-1,-1,-1,-1,-1,-1,-1,-1,-1,-1,-1,-1,-1,1,1,16,17,17,17,12,12,12,1,2,2,2,15,15,11,11,15,15,1,12,12,1,1,19,18,1,7,7,7,7,7,7,7,7,7,7,7,7,7,7,7,7,7,7,7,7,1,6,1,13,13,13,1,13,1,-1,-1,-1,-1,-1,-1,-1,-1,-1,-1,-1
-1,-1,-1,-1,-1,-1,-1,-1,-1,-1,-1,-1,-1,-1,-1,-1,-1,-1,-1,1,16,17,16,16,16,17,12,12,1,2,2,2,2,2,11,15,15,15,1,12,12,1,19,19,18,1,7,7,7,7,7,7,7,7,7,7,7,7,7,7,7,7,7,7,7,7,1,6,1,13,13,1,1,1,1,-1,-1,-1,-1,-1,-1,-1,-1,-1,-1,-1
-1,-1,-1,-1,-1,-1,-1,-1,-1,-1,-1,-1,-1,-1,-1,-1,-1,-1,1,16,17,17,16,16,16,17,12,12,1,2,2,2,2,2,2,15,15,1,12,12,1,19,19,18,1,7,7,7,7,7,7,7,7,7,7,7,7,7,7,7,7,7,7,7,7,1,6,6,6,1,1,18,18,1,1,-1,1,1,1,-1,-1,-1,-1,-1,-1,-1
-1,-1,-1,-1,-1,-1,-1,-1,-1,-1,-1,-1,-1,-1,-1,-1,-1,-1,1,16,17,12,17,16,16,16,17,12,1,2,2,2,2,2,2,2,15,1,12,12,1,19,19,18,1,7,7,7,7,7,7,7,7,7,7,7,7,7,7,7,7,7,7,7,7,1,6,6,6,1,18,18,18,1,1,1,18,18,1,-1,-1,1,1,1,1,-1
-1,-1,-1,-1,-1,-1,-1,-1,-1,-1,-1,-1,-1,1,-1,-1,-1,1,11,16,17,12,12,17,16,10,17,12,1,2,2,2,2,2,2,2,2,1,12,1,19,19,19,18,1,7,1,7,7,7,7,7,7,7,7,7,7,7,7,7,7,7,7,7,7,1,6,6,1,18,18,18,18,1,18,18,19,1,-1,1,1,19,19,1,-1,-1
-1,-1,-1,-1,-1,-1,-1,1,1,1,1,-1,-1,1,-1,-1,1,11,11,16,17,12,12,17,10,10,10,17,1,2,2,2,2,2,2,2,1,1,12,1,19,19,19,18,1,1,7,7,7,7,7,7,7,7,7,7,7,7,7,7,7,7,7,7,7,7,1,1,18,18,18,18,1,18,18,19,19,1,1,19,19,19,1,-1,-1,-1
-1,-1,-1,-1,-1,-1,1,14,14,14,14,1,1,1,-1,-1,1,11,11,16,17,12,12,17,10,10,10,17,1,2,2,1,1,1,1,1,16,16,1,19,19,19,19,18,1,1,7,7,20,20,11,11,11,18,18,18,7,7,7,7,7,7,7,7,7,1,18,1,18,18,18,18,18,18,19,19,1,19,19,19,1,1,-1,-1,-1,-1
-1,-1,-1,-1,-1,-1,-1,1,14,14,14,14,1,19,1,-1,1,11,11,16,17,12,12,12,17,10,10,17,1,1,1,12,12,12,12,17,16,16,1,19,19,19,19,18,1,1,7,20,1,11,11,21,11,11,18,19,19,1,7,7,7,7,7,7,1,18,1,18,18,18,18,18,18,19,19,1,19,19,19,19,1,-1,-1,-1,-1,-1
-1,-1,-1,-1,-1,-1,-1,-1,1,14,14,14,1,19,1,-1,1,11,11,16,17,12,12,12,17,16,16,17,12,12,12,12,12,12,12,17,16,1,14,14,19,19,19,1,18,1,20,1,19,2,21,10,18,2,19,19,1,1,7,1,7,7,7,1,18,18,1,18,18,18,18,18,19,19,1,19,19,19,19,1,-1,-1,-1,-1,-1,-1
-1,-1,-1,-1,-1,-1,-1,-1,-1,1,14,14,1,19,1,-1,1,11,11,16,17,12,12,12,17,16,16,17,12,12,12,12,12,1,1,1,1,1,1,14,14,14,19,1,18,1,1,19,19,2,21,10,21,1,1,1,1,7,1,6,6,7,7,1,18,1,18,18,18,18,18,18,19,19,1,19,19,19,19,1,-1,-1,-1,-1,-1,-1
-1,-1,-1,-1,-1,-1,-1,-1,-1,-1,1,14,1,19,1,-1,1,11,11,16,17,12,12,12,17,17,17,17,17,17,17,1,1,18,18,18,18,18,18,1,1,14,14,1,18,1,1,1,1,1,1,1,1,1,1,1,7,6,6,1,1,7,1,18,18,1,18,18,18,18,18,19,19,19,14,19,19,19,1,-1,-1,1,1,1,1,1
-1,-1,1,1,1,1,1,1,-1,-1,1,14,1,19,19,1,1,11,11,16,17,12,12,17,17,10,10,16,16,16,16,16,16,1,1,18,18,18,18,18,18,1,14,1,18,1,1,1,1,1,1,1,1,7,7,6,6,1,1,1,7,6,1,18,1,18,18,18,18,18,19,19,19,19,14,19,19,19,1,1,1,19,19,1,-1,-1
-1,1,19,19,19,19,19,19,1,1,1,1,1,19,19,1,1,11,11,16,17,17,17,16,16,10,10,10,1,1,1,1,1,1,1,1,1,1,18,18,18,18,1,1,18,19,1,6,6,6,6,6,6,6,6,1,1,1,1,7,7,6,1,18,1,18,18,19,18,18,19,19,19,19,14,19,19,19,1,19,19,19,1,-1,-1,-1
-1,-1,1,19,19,19,19,19,19,19,19,1,1,19,19,19,1,11,11,17,17,16,16,16,16,16,10,1,18,18,18,18,18,18,18,18,18,18,1,18,18,18,18,1,18,19,1,1,1,1,1,1,1,1,1,1,1,7,7,7,6,1,18,19,14,18,18,19,18,19,19,19,19,19,14,19,19,19,19,19,19,1,-1,-1,-1,-1
-1,-1,-1,1,19,19,19,19,19,19,19,14,1,19,19,19,19,1,11,16,16,16,16,17,17,1,1,18,18,18,18,18,18,18,18,18,18,18,18,1,19,19,18,1,18,19,19,1,14,1,1,6,6,7,7,7,7,7,7,7,6,1,18,19,14,18,19,19,18,19,19,19,19,19,14,19,19,19,19,19,1,-1,-1,-1,-1,-1
-1,-1,-1,-1,1,19,19,19,19,19,19,14,1,19,19,19,19,1,11,16,16,16,17,17,1,18,18,18,18,18,18,18,18,18,18,18,18,18,18,18,1,19,19,1,18,19,19,1,14,14,14,1,1,6,6,7,7,7,7,6,6,1,19,14,18,18,19,19,18,19,19,19,19,19,14,19,19,19,19,19,1,-1,-1,-1,-1,-1
-1,-1,-1,-1,-1,1,19,19,19,19,19,14,1,19,19,19,19,19,1,16,16,16,1,1,18,18,18,18,18,18,18,18,18,18,18,18,18,18,18,18,18,1,19,1,18,19,19,19,1,19,14,14,14,1,6,6,7,7,7,6,1,14,19,14,18,19,19,19,19,19,19,19,19,19,14,19,19,19,19,1,-1,-1,-1,-1,-1,-1
-1,-1,-1,-1,-1,-1,1,19,19,19,19,14,14,1,19,19,19,19,19,1,17,1,18,18,18,18,18,18,18,18,18,18,18,18,18,18,18,18,18,19,18,18,19,1,18,18,19,19,1,19,19,14,19,14,1,6,6,7,6,6,1,14,19,14,18,19,19,19,19,19,19,19,18,19,14,19,19,19,19,1,-1,-1,-1,-1,-1,-1
-1,-1,-1,-1,-1,-1,1,19,19,19,19,14,14,1,19,19,19,19,19,1,1,18,18,18,18,18,18,18,18,18,18,18,18,18,18,18,18,18,18,18,19,18,18,1,18,18,19,19,19,1,19,19,14,19,14,1,6,6,6,6,1,14,19,14,18,19,19,19,19,19,19,18,18,19,14,19,19,19,19,1,1,-1,-1,-1,-1,-1
-1,-1,-1,-1,-1,-1,-1,1,19,19,19,14,14,1,19,19,19,1,1,18,18,18,18,18,18,18,18,18,18,18,18,18,18,18,18,18,18,18,18,18,19,19,18,19,1,18,19,19,19,1,19,19,14,19,19,14,1,6,6,1,14,19,19,14,18,19,19,19,19,19,19,18,18,19,14,19,19,19,1,19,19,1,-1,-1,-1,-1
-1,-1,-1,-1,-1,-1,-1,1,14,14,14,14,14,1,19,19,19,19,19,1,1,1,1,1,1,1,18,18,18,18,18,18,18,18,18,18,18,18,18,18,18,19,19,18,1,18,18,19,19,19,1,19,19,14,19,19,14,1,6,1,14,19,14,19,19,19,19,19,19,19,18,18,19,19,14,19,19,19,1,19,19,13,1,-1,-1,-1
-1,-1,-1,-1,-1,-1,-1,-1,1,14,14,14,14,1,19,19,19,19,19,19,19,1,12,12,12,12,1,1,1,1,18,18,19,19,19,19,19,19,19,18,18,18,19,19,1,18,18,19,19,19,19,19,19,14,19,19,14,1,6,1,14,19,14,19,19,19,19,19,19,19,18,18,19,14,19,19,19,19,1,19,19,13,1,-1,-1,-1
-1,-1,-1,-1,1,1,1,1,1,1,1,14,14,14,1,19,19,19,19,19,19,19,1,12,12,12,12,11,11,12,1,1,19,19,19,19,19,19,19,19,18,18,19,19,19,1,18,18,19,19,19,19,19,19,14,19,19,14,1,1,14,19,14,19,19,19,19,19,19,19,18,19,19,14,19,19,19,19,1,19,1,13,13,1,-1,-1
-1,1,1,1,18,18,18,18,18,18,18,1,1,14,1,19,19,19,19,19,19,19,19,1,12,11,11,11,11,12,12,1,1,1,19,19,19,19,19,19,19,18,18,19,19,1,18,18,19,19,19,19,19,19,14,19,19,14,1,1,14,19,14,19,19,19,19,19,19,19,18,19,19,14,19,19,19,1,19,19,1,13,13,1,-1,-1
1,18,18,18,18,18,18,18,18,18,19,19,19,1,1,19,19,19,19,19,19,19,19,19,1,11,11,11,11,1,1,1,14,14,1,19,19,19,19,19,19,19,18,19,19,19,1,18,18,19,19,19,19,19,19,14,19,14,1,1,14,19,14,19,19,19,19,19,19,19,19,19,19,14,19,19,19,1,19,19,1,13,13,1,-1,-1
18,18,18,18,18,18,18,18,18,18,18,19,19,19,1,19,19,19,19,19,19,19,19,19,19,1,1,1,1,12,12,1,14,14,14,1,19,19,19,19,19,19,19,18,19,19,1,18,18,19,19,19,19,19,19,14,19,19,14,1,14,19,14,19,19,19,19,19,19,19,19,19,19,14,19,19,19,1,19,1,1,13,13,1,-1,-1
18,18,18,18,18,18,19,19,19,19,19,18,18,19,19,1,19,19,19,19,19,19,19,19,19,19,19,19,1,12,12,1,14,14,14,14,1,19,19,19,19,19,19,19,19,19,19,1,18,19,19,19,19,19,19,19,19,19,14,1,14,19,19,14,19,19,19,19,19,19,19,19,19,14,19,19,19,19,19,1,1,13,13,1,-1,-1
18,18,18,18,18,18,19,19,19,19,19,19,19,18,19,19,1,19,19,19,19,19,19,19,19,19,19,19,19,1,12,12,1,14,14,14,1,14,14,19,19,19,19,19,19,19,19,19,19,18,19,19,19,19,19,19,19,19,19,14,1,14,19,14,19,19,19,18,19,18,19,19,19,14,19,19,19,19,19,1,1,13,1,-1,-1,-1
1,1,1,1,1,18,18,18,18,19,19,19,19,19,19,19,19,19,19,19,19,19,19,19,19,19,19,19,1,1,1,1,1,1,14,14,14,1,14,14,14,19,19,19,19,19,19,19,19,19,19,19,19,18,19,19,19,19,19,14,1,14,19,14,19,19,18,18,19,18,18,19,19,14,19,19,19,19,19,1,1,13,1,-1,-1,-1
-1,-1,-1,-1,-1,1,1,1,1,19,19,19,19,19,19,19,19,19,19,19,19,19,19,19,1,1,1,1,19,19,19,19,19,19,1,1,1,1,1,14,14,14,19,19,19,19,19,19,19,19,19,19,19,19,18,19,19,19,19,14,1,14,19,19,19,18,18,18,19,18,18,18,1,19,19,19,19,19,19,1,1,13,1,-1,-1,-1
-1,-1,-1,-1,-1,-1,-1,-1,-1,1,19,19,19,19,19,19,19,19,19,19,19,19,19,19,19,19,19,19,1,1,1,19,19,19,19,19,19,18,18,1,1,14,14,14,19,18,19,19,18,19,19,18,19,19,18,18,19,19,19,14,1,14,19,19,18,18,19,19,19,19,18,18,1,19,19,19,19,19,1,1,1,13,1,-1,-1,-1
-1,-1,-1,-1,-1,-1,-1,-1,-1,-1,1,1,1,19,19,19,19,19,19,19,19,19,19,19,19,19,19,19,19,19,1,1,1,1,19,19,19,18,18,18,18,1,1,14,14,19,18,19,18,18,19,19,18,18,18,18,18,19,19,19,14,19,19,19,18,19,19,19,19,19,19,18,1,19,19,19,19,19,1,1,14,1,-1,-1,-1,-1
-1,-1,-1,-1,-1,-1,-1,-1,-1,-1,-1,1,19,1,19,19,19,19,19,19,19,19,19,19,19,19,19,19,19,19,1,12,12,12,1,1,19,18,18,18,19,19,19,1,14,14,18,18,18,18,19,19,19,18,18,19,18,18,19,19,14,19,19,18,19,19,19,19,19,19,19,18,1,19,19,19,19,1,-1,1,14,1,-1,-1,-1,-1
-1,-1,-1,-1,-1,-1,-1,-1,-1,-1,-1,-1,1,19,1,19,19,19,19,19,19,19,19,19,19,19,1,1,1,19,19,1,12,12,12,1,1,1,1,1,18,18,19,19,1,14,19,18,18,19,18,19,19,19,18,19,19,18,19,19,14,19,19,18,19,19,19,19,19,19,14,1,19,19,19,19,19,1,-1,1,14,1,-1,-1,-1,-1
-1,-1,-1,-1,-1,-1,-1,-1,-1,-1,-1,-1,1,19,19,1,19,19,19,19,19,19,19,19,19,1,13,13,1,19,19,1,12,12,12,16,1,19,19,1,1,1,18,18,19,19,14,19,18,19,19,18,19,19,19,19,19,19,18,19,19,19,19,19,19,19,19,19,19,19,14,1,19,19,19,19,1,-1,1,14,1,-1,-1,-1,-1,-1
-1,-1,-1,-1,-1,-1,-1,-1,-1,-1,-1,-1,-1,1,19,19,1,19,19,19,19,19,19,19,1,13,13,13,1,19,19,19,1,12,16,16,16,1,19,1,14,14,1,1,18,19,19,19,19,18,19,19,19,14,19,19,19,19,19,19,19,14,19,19,19,19,19,19,19,14,1,19,19,19,19,19,1,-1,1,14,1,-1,-1,-1,-1,-1
-1,-1,-1,-1,-1,-1,-1,-1,-1,-1,-1,-1,-1,-1,1,19,19,19,19,19,19,19,19,19,1,13,13,13,1,19,19,19,19,1,16,16,16,10,1,19,19,19,14,14,1,19,19,19,19,19,19,19,19,19,14,19,19,19,19,19,19,14,19,19,19,19,19,19,19,14,1,19,19,19,14,1,-1,-1,1,14,1,-1,-1,-1,-1,-1
-1,-1,-1,-1,-1,-1,-1,-1,-1,-1,-1,-1,-1,-1,1,19,19,19,19,19,19,19,19,19,1,13,13,13,1,19,19,19,19,19,1,16,10,10,10,1,1,19,19,14,14,1,19,19,19,19,19,19,19,19,19,14,14,19,19,19,14,14,19,19,19,19,19,19,14,1,19,19,14,14,1,-1,-1,1,14,1,-1,-1,-1,-1,-1,-1
-1,-1,-1,-1,-1,-1,-1,-1,-1,-1,-1,-1,-1,-1,-1,1,19,19,19,19,19,19,19,19,19,1,13,13,1,19,19,19,19,19,19,1,10,10,10,16,16,1,19,19,19,14,1,14,14,19,19,19,19,19,19,19,14,14,19,14,14,14,14,19,19,19,19,14,14,1,19,14,14,1,-1,-1,1,14,19,1,-1,-1,-1,-1,-1,-1
-1,-1,-1,-1,-1,-1,-1,-1,-1,-1,-1,-1,-1,-1,-1,1,19,19,19,19,19,19,19,19,19,1,13,13,13,1,19,19,19,19,19,19,1,1,10,10,16,16,1,19,19,19,14,1,1,14,14,14,19,19,19,19,19,14,14,14,14,14,14,19,19,19,14,14,1,19,14,14,1,-1,-1,1,14,19,1,-1,-1,-1,-1,-1,-1,-1
-1,-1,-1,-1,-1,-1,-1,-1,-1,-1,-1,-1,-1,-1,-1,-1,1,19,19,19,19,19,19,19,19,19,1,13,13,1,19,19,19,19,19,19,19,19,1,1,10,16,16,1,19,19,19,14,14,1,1,14,14,14,19,19,19,19,14,14,14,14,14,14,14,14,14,1,14,14,14,1,1,1,1,14,14,19,1,-1,-1,-1,-1,-1,-1,-1
-1,-1,-1,-1,-1,-1,-1,-1,-1,-1,-1,-1,-1,-1,-1,-1,1,19,19,19,19,19,19,19,19,19,19,1,13,1,19,19,19,19,19,19,19,19,19,19,1,1,16,16,1,19,19,19,19,14,14,1,1,1,14,14,14,14,14,14,14,14,14,14,14,14,1,14,14,1,1,14,14,14,14,14,19,1,-1,-1,-1,-1,-1,-1,-1,-1
-1,-1,-1,-1,-1,-1,-1,-1,-1,-1,-1,-1,-1,-1,-1,-1,-1,1,14,19,19,19,19,19,19,19,19,19,1,14,1,1,19,19,19,19,19,19,19,19,19,19,1,1,16,1,1,19,19,19,19,14,14,14,1,1,1,14,14,14,14,14,14,14,1,1,14,1,1,14,14,14,14,14,14,19,19,1,-1,-1,-1,-1,-1,-1,-1,-1
-1,-1,-1,-1,-1,-1,-1,-1,-1,-1,-1,-1,-1,-1,-1,-1,-1,-1,1,14,19,19,19,19,19,19,19,19,19,1,14,14,1,1,19,19,19,19,19,19,19,19,19,19,1,1,1,1,1,19,19,19,19,19,14,14,14,1,1,1,1,1,1,1,1,1,1,1,14,14,14,14,14,14,19,19,1,-1,-1,-1,-1,-1,-1,-1,-1,-1
-1,-1,-1,-1,-1,-1,-1,-1,-1,-1,-1,-1,-1,-1,-1,-1,-1,-1,1,14,14,19,19,19,19,19,19,19,19,19,1,14,14,14,1,1,19,19,19,19,19,19,19,19,19,19,19,19,19,19,19,19,19,19,19,19,14,14,14,14,14,1,1,14,14,14,1,1,14,14,14,14,19,19,1,1,-1,-1,-1,-1,-1,-1,-1,-1,-1,-1
-1,-1,-1,-1,-1,-1,-1,-1,-1,-1,-1,-1,-1,-1,-1,-1,-1,-1,-1,1,14,14,14,19,19,19,19,19,19,19,19,1,14,14,14,14,1,1,19,19,19,19,19,19,19,19,19,19,19,19,19,14,14,14,14,14,14,1,1,1,1,14,14,14,14,1,14,14,1,1,19,19,1,1,-1,-1,-1,-1,-1,-1,-1,-1,-1,-1,-1,-1
-1,-1,-1,-1,-1,-1,-1,-1,-1,-1,-1,-1,-1,-1,-1,-1,-1,-1,-1,-1,1,14,14,14,14,19,19,19,19,19,19,19,1,14,14,14,14,14,1,1,1,1,1,1,1,1,1,1,1,1,1,1,1,1,1,1,1,14,14,14,14,19,19,14,1,19,14,14,1,-1,1,1,-1,-1,-1,-1,-1,-1,-1,-1,-1,-1,-1,-1,-1,-1
-1,-1,-1,-1,-1,-1,-1,-1,-1,-1,-1,-1,-1,-1,-1,-1,-1,-1,-1,-1,-1,1,14,14,14,14,14,14,14,14,19,19,19,1,1,14,14,14,14,14,14,14,14,14,14,14,14,14,14,14,14,14,14,14,14,14,14,19,19,19,19,14,14,1,19,19,19,14,14,1,-1,-1,-1,-1,-1,-1,-1,-1,-1,-1,-1,-1,-1,-1,-1,-1
-1,-1,-1,-1,-1,-1,-1,-1,-1,-1,-1,-1,-1,-1,-1,-1,-1,-1,-1,-1,-1,-1,1,14,14,14,14,14,14,14,14,14,14,14,14,1,1,14,14,14,14,14,14,14,14,14,14,14,14,14,14,19,19,19,19,19,19,19,19,14,14,1,1,19,19,19,19,14,14,1,-1,-1,-1,-1,-1,-1,-1,-1,-1,-1,-1,-1,-1,-1,-1,-1
0.1803922,0.1803922,0.1803922
0.007843138,0.007843138,0.007843138
0.3764706,0.3764706,0.3764706
0.254902,0.254902,0.254902
0.5843138,0.5843138,0.5843138
0.2666667,0.2666667,0.2666667
0.7686275,0.7686275,0.7686275
0.9725491,0.9725491,0.9725491
0.3647059,0.3647059,0.3647059
0.3803922,0.3803922,0.3803922
0.8431373,0.8431373,0.8431373
0.7725491,0.7725491,0.7725491
0.5254902,0.5254902,0.5254902
0.8235295,0.8235295,0.8235295
0.454902,0.454902,0.454902
0.5882353,0.5882353,0.5882353
0.6588235,0.6588235,0.6588235
0.3372549,0.3372549,0.3372549
1,1,1
0.7254902,0.7254902,0.7254902
0.2784314,0.2784314,0.2784314
0.5450981,0.5450981,0.5450981
