73,75,
-1,-1,-1,-1,-1,-1,-1,-1,-1,-1,-1,-1,-1,-1,-1,-1,-1,-1,-1,-1,-1,-1,-1,-1,-1,-1,-1,-1,-1,-1,-1,-1,-1,-1,-1,-1,-1,-1,-1,-1,-1,-1,-1,-1,-1,-1,-1,-1,-1,-1,-1,-1,-1,-1,-1,0,0,0,-1,-1,-1,-1,-1,-1,-1,-1,-1,-1,-1,-1,-1,-1,-1
-1,-1,-1,-1,-1,-1,-1,-1,-1,-1,-1,-1,-1,-1,-1,-1,-1,-1,-1,-1,-1,-1,-1,-1,-1,-1,-1,-1,-1,-1,-1,-1,-1,-1,-1,-1,-1,-1,-1,-1,-1,-1,-1,-1,-1,-1,-1,-1,-1,-1,-1,-1,-1,-1,0,0,1,0,-1,-1,0,0,0,-1,-1,-1,-1,-1,-1,-1,-1,-1,-1
-1,-1,-1,-1,-1,-1,-1,-1,-1,-1,-1,-1,-1,0,0,-1,-1,-1,-1,0,0,-1,-1,-1,-1,-1,-1,-1,-1,-1,-1,-1,-1,-1,-1,-1,-1,-1,-1,-1,-1,-1,-1,-1,-1,-1,-1,-1,-1,-1,-1,-1,-1,-1,0,1,1,0,0,0,0,1,0,-1,-1,-1,-1,-1,-1,-1,-1,-1,-1
-1,-1,-1,-1,-1,-1,-1,-1,-1,-1,-1,-1,-1,0,0,0,-1,-1,0,0,0,0,-1,-1,-1,-1,-1,-1,-1,-1,-1,-1,-1,-1,-1,-1,-1,-1,-1,-1,-1,-1,-1,-1,-1,-1,-1,-1,-1,-1,-1,-1,-1,-1,0,1,1,1,0,0,1,1,0,-1,-1,-1,-1,-1,-1,-1,-1,-1,-1
-1,-1,-1,-1,-1,-1,-1,-1,-1,-1,-1,-1,0,0,1,0,0,0,0,1,1,0,-1,-1,-1,-1,-1,-1,-1,-1,-1,-1,-1,-1,-1,-1,-1,-1,-1,-1,-1,-1,-1,-1,-1,-1,-1,-1,-1,-1,-1,-1,-1,-1,0,0,1,1,0,1,1,1,0,-1,-1,-1,-1,-1,-1,-1,-1,-1,-1
-1,-1,-1,-1,-1,-1,-1,-1,-1,-1,-1,-1,0,1,1,1,0,0,1,1,1,0,-1,-1,-1,-1,-1,-1,-1,-1,-1,-1,-1,-1,-1,-1,-1,-1,-1,-1,-1,-1,-1,-1,-1,-1,-1,-1,-1,-1,-1,-1,-1,-1,-1,0,0,1,1,1,1,0,-1,-1,-1,-1,-1,-1,-1,-1,-1,-1,-1
-1,-1,-1,-1,-1,-1,-1,-1,-1,-1,-1,-1,0,1,1,1,0,0,1,1,1,0,-1,-1,-1,-1,-1,-1,-1,-1,-1,-1,-1,-1,-1,-1,-1,-1,-1,-1,-1,-1,-1,-1,-1,-1,-1,-1,-1,-1,-1,-1,-1,-1,-1,-1,0,0,1,0,0,0,-1,-1,-1,-1,-1,-1,-1,-1,-1,-1,-1
-1,-1,-1,-1,-1,-1,-1,-1,-1,-1,-1,-1,0,1,1,1,1,1,1,1,1,0,-1,-1,-1,-1,-1,-1,-1,-1,-1,-1,-1,-1,-1,-1,-1,-1,-1,-1,-1,-1,-1,-1,-1,-1,-1,-1,-1,-1,-1,-1,-1,-1,-1,0,0,1,1,0,0,-1,-1,-1,-1,-1,-1,-1,-1,-1,-1,-1,-1
-1,-1,-1,-1,-1,-1,-1,-1,-1,-1,-1,-1,0,1,1,1,1,1,1,1,0,0,-1,-1,-1,-1,-1,-1,-1,-1,-1,-1,-1,-1,-1,-1,-1,-1,-1,-1,-1,-1,-1,-1,-1,-1,-1,-1,-1,-1,-1,-1,-1,-1,0,0,1,1,1,1,0,-1,-1,-1,-1,-1,-1,-1,-1,-1,-1,-1,-1
-1,-1,-1,-1,-1,-1,-1,-1,-1,-1,-1,-1,-1,0,0,1,1,1,1,0,0,-1,-1,-1,-1,-1,-1,-1,-1,-1,-1,-1,-1,-1,-1,-1,-1,-1,-1,-1,-1,-1,-1,-1,-1,-1,-1,-1,-1,-1,-1,-1,-1,-1,0,0,1,1,1,1,0,-1,-1,-1,-1,-1,-1,-1,-1,-1,-1,-1,-1
-1,-1,-1,-1,-1,-1,-1,-1,-1,-1,-1,-1,-1,-1,0,0,1,1,0,0,-1,-1,-1,-1,-1,-1,-1,-1,-1,-1,-1,-1,-1,-1,-1,-1,0,0,0,0,0,0,0,0,0,0,0,-1,-1,-1,-1,-1,-1,-1,-1,0,1,0,1,0,0,-1,-1,-1,-1,-1,-1,-1,-1,-1,-1,-1,-1
-1,-1,-1,-1,-1,-1,-1,-1,-1,-1,-1,-1,-1,-1,0,0,1,1,1,0,-1,-1,-1,-1,-1,-1,-1,-1,-1,-1,-1,-1,0,0,0,0,0,2,3,3,3,3,3,3,3,3,0,0,0,-1,-1,-1,-1,-1,-1,0,0,0,0,0,-1,-1,-1,-1,-1,-1,-1,-1,-1,-1,-1,-1,-1
-1,-1,-1,-1,-1,-1,-1,-1,-1,-1,-1,-1,-1,0,0,1,1,1,1,0,0,-1,-1,-1,-1,-1,-1,-1,-1,-1,0,0,0,2,2,2,2,2,2,2,2,2,2,2,3,3,3,3,3,0,0,-1,-1,-1,0,0,0,4,0,0,-1,-1,-1,-1,-1,-1,-1,-1,-1,-1,-1,-1,-1
-1,-1,-1,-1,-1,-1,-1,-1,-1,-1,-1,-1,-1,0,1,1,0,0,1,1,0,-1,-1,-1,-1,-1,-1,-1,-1,0,0,2,2,2,2,2,2,2,2,2,2,2,2,2,2,2,3,3,3,3,0,0,-1,-1,0,4,4,4,4,0,-1,-1,-1,-1,-1,-1,-1,-1,-1,-1,-1,-1,-1
-1,-1,-1,-1,-1,-1,-1,-1,-1,-1,-1,-1,-1,0,1,1,0,0,0,1,0,-1,-1,-1,-1,-1,-1,0,0,0,2,2,2,2,2,2,2,2,2,2,2,2,2,2,2,2,2,2,3,3,3,0,0,-1,0,4,4,4,4,0,0,-1,-1,-1,-1,-1,-1,-1,-1,-1,-1,-1,-1
-1,-1,-1,-1,-1,-1,-1,-1,-1,-1,-1,-1,-1,0,0,1,0,4,0,0,0,-1,-1,-1,-1,0,0,0,2,2,2,2,2,2,2,2,2,2,2,2,2,2,2,2,2,2,2,2,5,5,5,5,0,0,0,4,4,4,4,4,0,-1,-1,-1,-1,-1,-1,-1,-1,-1,-1,-1,-1
-1,-1,-1,-1,-1,-1,-1,-1,-1,-1,-1,-1,-1,-1,0,0,0,4,0,0,-1,-1,-1,-1,0,0,2,2,2,2,2,2,2,2,2,2,2,2,2,2,2,2,2,2,2,2,2,5,5,5,5,5,5,0,0,4,4,4,4,4,0,0,-1,-1,-1,-1,-1,-1,-1,-1,-1,-1,-1
-1,-1,-1,-1,-1,-1,-1,-1,-1,-1,-1,-1,-1,-1,0,0,4,4,4,0,0,-1,-1,-1,0,2,2,2,2,2,2,2,2,2,0,0,0,2,2,2,2,2,2,2,2,2,5,5,5,5,5,5,5,3,0,0,4,6,4,4,4,0,-1,-1,-1,-1,-1,-1,-1,-1,-1,-1,-1
-1,-1,-1,-1,-1,-1,-1,-1,-1,-1,-1,-1,-1,-1,0,4,4,4,4,4,0,-1,-1,0,0,2,5,5,5,5,2,2,2,0,0,7,0,0,2,2,2,2,2,2,2,2,5,5,5,5,5,5,5,5,3,0,4,6,6,4,4,0,-1,-1,-1,-1,-1,-1,-1,-1,-1,-1,-1
-1,-1,-1,-1,-1,-1,-1,-1,-1,-1,-1,-1,-1,-1,0,4,4,4,4,4,0,0,0,0,2,5,5,5,5,5,5,2,2,0,7,7,7,0,0,2,2,2,2,2,2,2,5,5,5,5,5,5,5,5,3,0,4,6,6,4,4,0,-1,-1,-1,-1,-1,-1,-1,-1,-1,-1,-1
-1,-1,-1,-1,-1,-1,-1,-1,-1,-1,-1,-1,-1,0,0,4,4,6,4,4,4,0,0,2,5,5,5,5,5,5,5,5,2,0,7,7,7,7,0,0,2,2,2,2,2,2,5,5,5,5,5,5,5,5,3,0,4,6,6,6,4,0,-1,-1,-1,-1,-1,-1,-1,-1,-1,-1,-1
-1,-1,-1,-1,-1,-1,-1,-1,-1,-1,-1,-1,-1,0,4,4,6,6,6,4,4,0,0,5,5,5,5,5,5,5,5,5,2,0,7,7,7,7,7,0,0,0,2,2,2,2,2,5,0,0,5,5,5,2,3,3,0,4,6,6,4,0,-1,-1,-1,-1,-1,-1,-1,-1,-1,-1,-1
-1,-1,-1,-1,-1,-1,-1,-1,-1,-1,-1,-1,-1,0,4,4,6,6,6,6,4,4,0,5,5,5,5,5,5,5,5,5,2,0,7,0,0,0,0,0,2,0,0,2,2,2,2,0,0,0,0,5,2,2,3,3,0,4,6,6,4,0,-1,-1,-1,-1,-1,-1,-1,-1,-1,-1,-1
-1,-1,-1,-1,0,0,0,0,0,0,0,0,0,0,4,6,6,6,6,6,6,4,0,5,5,5,5,5,5,5,5,5,0,0,0,0,2,2,2,2,2,2,2,2,2,2,0,0,0,0,0,0,2,2,3,3,0,4,6,6,0,0,-1,-1,-1,-1,-1,-1,-1,-1,-1,-1,-1
-1,-1,-1,-1,-1,0,0,0,6,6,6,6,0,0,6,6,6,6,6,6,6,4,0,0,5,5,5,5,0,0,5,5,0,2,2,2,2,2,2,2,2,2,2,2,2,2,0,0,0,0,0,0,2,2,2,3,0,4,6,6,0,-1,-1,-1,-1,-1,-1,-1,-1,-1,-1,-1,-1
-1,-1,-1,-1,-1,-1,-1,0,0,6,6,6,6,6,6,6,6,6,6,6,6,4,4,0,5,5,5,0,0,0,0,2,2,2,2,2,2,2,2,2,2,2,2,2,2,2,2,0,0,0,0,2,2,2,2,3,0,4,0,0,0,0,0,0,0,0,0,-1,-1,-1,-1,-1,-1
-1,-1,-1,-1,-1,-1,-1,-1,0,0,6,6,6,6,6,6,6,6,6,6,6,6,4,0,2,5,0,0,0,0,0,0,2,2,2,0,0,0,0,0,0,0,3,3,2,2,2,2,0,0,2,2,2,2,3,3,0,0,0,6,6,6,6,6,6,6,0,0,0,0,-1,-1,-1
-1,-1,-1,-1,-1,-1,-1,0,0,0,0,6,6,6,6,6,6,6,6,6,6,6,4,0,2,2,0,0,0,0,0,0,2,2,2,2,0,0,0,6,6,0,0,0,3,3,2,2,2,2,2,2,2,2,3,0,0,0,6,6,6,6,6,6,6,6,6,6,6,0,0,0,-1
-1,-1,-1,-1,-1,0,0,0,8,8,0,6,6,6,6,6,6,6,6,6,6,6,4,4,0,2,2,0,0,0,0,2,2,2,2,2,2,2,0,0,0,6,6,0,0,3,3,2,2,2,2,2,2,3,0,0,6,6,6,6,6,6,6,6,6,6,6,6,6,6,0,0,0
-1,-1,-1,0,0,0,8,8,8,8,0,0,6,6,6,6,6,6,6,6,6,6,6,4,0,2,2,2,0,0,2,2,2,2,2,2,2,2,2,2,0,0,6,6,0,0,0,3,3,2,2,2,3,0,0,6,6,6,6,6,6,6,6,6,6,6,6,6,0,0,-1,-1,-1
-1,-1,0,0,8,8,8,8,8,8,8,0,0,6,6,6,6,6,6,6,6,6,6,6,0,3,3,3,3,3,3,2,2,2,2,2,2,2,2,2,2,0,6,6,6,6,0,0,3,3,2,2,0,0,6,6,6,6,6,6,6,6,6,6,6,6,0,0,-1,-1,-1,-1,-1
-1,0,0,8,8,8,8,8,8,8,8,8,0,6,6,6,6,6,6,6,6,6,6,6,0,0,0,0,0,0,0,3,3,3,3,2,2,2,2,2,2,2,0,6,6,6,6,0,0,3,2,3,0,6,6,6,6,6,6,6,6,6,6,6,6,0,0,-1,-1,-1,-1,-1,-1
-1,0,8,8,8,8,8,8,8,8,8,8,0,6,6,6,6,6,6,6,6,6,6,6,6,6,6,6,6,6,0,0,0,0,0,0,3,3,3,2,2,2,0,0,6,6,6,6,0,3,3,0,0,6,6,6,6,6,6,6,6,6,6,6,0,0,-1,-1,-1,-1,-1,-1,-1
-1,0,8,8,8,8,8,8,8,8,8,8,0,6,6,6,6,6,6,6,6,6,6,6,6,6,6,6,6,6,6,6,6,6,6,0,0,0,3,3,3,2,2,0,6,6,6,6,0,0,3,0,6,6,6,6,6,6,6,6,6,6,6,6,0,-1,-1,-1,0,0,0,0,0
-1,0,8,8,8,8,8,8,8,8,0,0,0,0,6,6,6,6,6,6,6,6,6,6,6,6,6,6,6,6,6,6,6,6,6,6,6,0,0,0,0,3,3,0,0,6,6,6,6,0,0,0,6,6,6,6,6,6,6,6,6,6,6,0,0,-1,0,0,0,9,9,9,0
-1,0,8,8,8,8,8,8,8,0,0,6,6,6,6,6,6,6,6,6,6,6,6,6,6,6,6,6,6,6,6,6,6,4,4,6,6,6,6,6,0,0,0,3,0,0,6,6,6,6,0,0,6,6,6,6,6,6,6,6,6,6,6,0,0,0,0,9,9,9,9,9,0
0,0,8,8,8,8,8,8,0,0,6,6,6,6,6,6,6,6,6,6,6,6,6,6,6,6,4,4,6,6,6,6,4,4,4,4,6,6,6,6,6,6,0,0,0,0,6,6,6,6,6,0,6,6,6,6,6,6,6,6,6,6,6,0,0,9,9,10,10,10,9,9,0
0,8,8,8,8,8,8,8,0,6,6,6,6,6,6,6,6,6,6,6,6,6,6,6,6,4,4,4,4,6,6,4,4,4,4,4,4,6,6,6,6,6,6,6,0,0,0,6,6,6,6,6,6,6,6,6,6,6,6,6,6,6,6,0,9,9,10,10,10,10,9,0,0
0,8,8,8,8,8,8,0,0,0,0,0,0,6,6,6,6,6,6,6,6,6,6,6,4,4,4,4,4,4,6,4,4,4,4,4,4,6,6,6,6,6,6,6,6,6,0,6,6,6,6,6,6,6,6,6,6,6,6,6,6,6,0,0,10,10,10,10,10,9,9,0,-1
0,8,8,8,8,8,8,8,8,8,8,8,0,0,0,0,0,0,6,6,6,6,6,4,4,4,4,4,4,4,4,4,4,4,4,4,4,6,6,6,6,6,6,6,6,6,6,6,6,6,6,6,6,6,6,6,6,6,6,6,6,6,0,10,10,10,10,10,9,9,0,0,-1
0,8,8,8,8,8,8,8,8,8,8,8,8,8,8,8,8,0,0,0,6,6,6,4,4,4,4,4,4,4,4,6,4,4,4,4,6,6,6,6,6,6,6,6,6,6,6,6,6,6,6,6,6,6,6,6,6,6,6,6,6,0,0,10,10,10,10,10,0,0,0,-1,-1
0,0,8,8,8,8,8,8,8,8,8,8,8,8,8,8,8,8,8,0,0,0,6,6,4,4,4,4,4,4,6,6,6,4,4,6,6,6,6,6,6,6,6,6,6,6,6,6,6,6,6,6,6,6,6,6,6,6,6,6,6,0,9,10,10,10,10,9,0,-1,-1,-1,-1
-1,0,11,11,11,11,11,11,11,8,8,8,8,8,8,8,8,8,8,8,8,0,0,0,6,4,4,4,4,6,6,6,6,6,6,6,6,6,6,6,6,6,6,6,6,6,6,6,6,6,6,6,6,6,6,6,6,6,6,6,0,9,9,10,10,10,10,10,0,0,-1,-1,-1
-1,-1,0,12,12,12,12,12,11,11,8,8,8,8,8,8,8,8,8,8,8,8,8,0,0,6,4,4,6,6,6,6,6,6,6,6,6,6,6,6,6,6,6,6,6,6,6,6,6,6,6,6,6,6,6,6,6,6,6,0,0,9,10,10,10,10,10,10,9,9,0,-1,-1
-1,-1,0,0,13,13,13,12,12,11,11,8,8,8,8,8,8,8,8,8,8,8,8,8,0,0,6,6,6,6,6,6,6,6,6,6,6,6,6,6,6,6,6,6,6,6,6,6,6,6,6,6,6,6,6,6,6,6,0,0,9,9,10,10,10,9,0,10,10,9,0,0,-1
-1,-1,-1,0,0,13,13,13,13,12,12,11,11,11,8,8,8,8,8,8,8,8,8,8,8,0,0,0,6,6,6,6,6,6,6,6,6,6,6,6,6,6,6,6,6,6,6,6,6,6,6,6,6,6,6,6,6,6,0,0,9,9,10,10,10,9,0,9,10,10,9,0,-1
-1,-1,-1,-1,0,0,13,13,13,13,13,12,12,11,11,8,8,8,8,8,8,8,8,8,8,8,8,0,0,0,6,6,6,6,6,6,6,6,6,6,6,6,6,6,6,6,6,6,6,6,6,6,6,6,6,6,6,0,0,9,9,9,10,10,9,9,0,0,9,10,10,0,-1
-1,-1,-1,-1,-1,0,0,13,13,13,13,13,13,12,11,11,8,8,8,8,8,8,8,8,8,11,11,11,11,0,0,0,6,6,6,6,6,6,6,6,6,6,6,6,6,6,6,6,6,6,6,6,6,6,6,6,0,0,0,9,9,9,10,10,9,0,0,0,0,9,9,0,0
-1,-1,-1,-1,-1,-1,0,0,13,13,13,13,13,13,12,11,11,8,8,8,8,8,8,11,11,11,12,12,12,12,12,0,0,0,6,6,6,6,6,6,6,6,6,6,6,6,6,6,6,6,6,6,6,6,6,0,0,12,0,9,9,9,10,10,9,0,-1,-1,0,0,0,0,0
-1,-1,-1,-1,-1,-1,-1,0,0,11,11,11,13,13,13,12,11,11,8,8,8,8,11,11,12,12,13,13,13,13,12,12,12,0,0,0,0,6,6,6,6,6,6,6,6,6,6,6,6,6,6,6,6,0,0,0,12,12,0,0,9,9,9,9,9,0,0,-1,-1,-1,-1,-1,-1
-1,-1,-1,-1,-1,-1,-1,-1,0,0,13,11,11,11,11,13,12,12,11,11,11,11,11,12,13,13,13,13,13,13,13,12,12,12,12,12,0,0,0,0,6,6,6,6,6,6,6,6,6,6,6,0,0,0,12,12,12,12,12,0,9,9,9,9,0,0,0,0,-1,-1,-1,-1,-1
-1,-1,-1,-1,-1,-1,-1,-1,-1,0,0,13,13,13,11,11,11,12,12,12,12,12,13,13,13,13,13,13,13,13,13,13,13,12,12,12,12,12,12,0,0,0,0,0,0,0,0,0,0,0,0,0,12,12,12,12,12,12,12,0,9,9,9,9,0,12,12,0,-1,-1,-1,-1,-1
-1,-1,-1,-1,-1,-1,-1,-1,-1,-1,0,0,11,13,13,13,13,11,11,11,13,13,13,13,13,13,13,13,13,13,13,13,13,13,12,12,12,12,12,12,12,12,12,12,12,12,12,12,12,12,12,12,12,12,12,12,12,12,12,0,9,9,9,0,0,12,12,0,0,-1,-1,-1,-1
-1,-1,-1,-1,-1,-1,-1,-1,-1,-1,-1,0,11,11,11,11,11,13,13,13,11,11,11,13,13,13,13,13,13,13,13,13,13,13,13,12,12,12,12,12,12,12,12,12,12,12,12,12,12,12,12,12,12,12,12,12,12,12,12,0,0,0,0,0,12,12,12,12,0,-1,-1,-1,-1
-1,-1,-1,-1,-1,-1,-1,-1,-1,-1,-1,0,0,13,13,13,11,11,11,13,13,13,11,11,13,13,13,13,13,13,13,13,13,13,13,13,12,12,12,12,12,12,12,12,12,12,12,12,12,12,12,12,12,12,12,12,12,12,12,12,12,12,0,0,12,12,12,12,0,-1,-1,-1,-1
-1,-1,-1,-1,-1,-1,-1,-1,-1,-1,-1,-1,0,0,13,13,13,13,11,11,11,13,13,13,11,11,13,13,13,13,13,13,13,13,13,13,13,13,12,12,12,12,12,12,12,12,12,12,12,12,12,12,12,12,12,12,12,12,12,12,12,12,0,12,12,12,12,12,12,0,-1,-1,-1
-1,-1,-1,-1,-1,-1,-1,-1,-1,-1,-1,-1,-1,0,0,13,13,13,13,13,11,11,11,13,13,11,11,11,13,13,13,13,13,13,13,13,13,13,13,12,12,12,12,12,12,12,12,12,12,12,12,12,12,12,12,12,12,12,12,12,12,0,0,12,12,12,12,12,12,0,-1,-1,-1
-1,-1,-1,-1,-1,-1,-1,-1,-1,-1,-1,-1,-1,-1,0,0,13,13,13,13,13,13,13,11,11,13,13,11,11,11,13,13,13,13,13,13,13,13,13,13,12,12,12,12,12,12,12,12,12,12,12,12,12,12,12,12,12,12,12,12,0,0,0,12,12,12,12,12,0,0,-1,-1,-1
-1,-1,-1,-1,-1,-1,-1,-1,-1,-1,-1,-1,-1,-1,-1,0,0,13,13,13,13,13,13,13,11,11,11,13,13,11,11,11,13,13,13,13,13,13,13,13,13,13,12,12,12,12,12,12,12,12,12,12,12,12,12,12,12,12,12,0,0,13,0,12,12,12,12,12,0,-1,-1,-1,-1
-1,-1,-1,-1,-1,-1,-1,-1,-1,-1,-1,-1,-1,-1,-1,-1,0,0,13,13,13,13,13,13,13,13,11,11,11,13,13,13,11,11,11,13,13,13,13,13,13,13,13,12,12,12,12,12,12,12,12,12,12,12,12,12,12,12,12,0,13,13,0,0,12,12,12,12,0,-1,-1,-1,-1
-1,-1,-1,-1,-1,-1,-1,-1,-1,-1,-1,-1,-1,-1,-1,-1,-1,0,0,13,13,13,13,13,13,13,13,13,11,11,13,13,13,13,11,11,11,13,13,13,13,13,13,13,13,12,12,12,12,12,12,12,12,12,12,12,12,0,0,13,13,13,13,0,12,12,12,12,0,-1,-1,-1,-1
-1,-1,-1,-1,-1,-1,-1,-1,-1,-1,-1,-1,-1,-1,-1,-1,-1,-1,0,0,13,13,13,13,13,13,13,13,13,11,11,11,13,13,13,13,11,11,11,13,13,13,13,13,13,13,13,13,12,12,12,12,12,12,12,12,0,0,13,13,13,13,0,0,12,12,12,12,0,-1,-1,-1,-1
-1,-1,-1,-1,-1,-1,-1,-1,-1,-1,-1,-1,-1,-1,-1,-1,-1,-1,-1,0,0,13,13,13,13,13,13,13,13,13,13,11,11,11,13,13,13,13,11,11,11,13,13,13,13,13,13,13,13,13,14,14,12,12,0,0,0,13,13,13,13,13,0,0,0,12,12,0,0,-1,-1,-1,-1
-1,-1,-1,-1,-1,-1,-1,-1,-1,-1,-1,-1,-1,-1,-1,-1,-1,-1,-1,-1,0,0,0,13,13,13,13,13,13,13,13,13,13,11,11,11,13,13,13,13,11,11,11,13,13,13,13,13,13,13,13,13,13,0,0,13,13,13,13,13,13,13,0,-1,0,12,12,0,-1,-1,-1,-1,-1
-1,-1,-1,-1,-1,-1,-1,-1,-1,-1,-1,-1,-1,-1,-1,-1,-1,-1,-1,-1,-1,-1,0,0,13,13,13,13,13,13,13,13,13,13,13,11,11,11,13,13,13,13,11,11,11,11,13,13,13,13,13,0,0,0,13,13,13,13,13,13,13,0,-1,-1,0,0,12,0,-1,-1,-1,-1,-1
-1,-1,-1,-1,-1,-1,-1,-1,-1,-1,-1,-1,-1,-1,-1,-1,-1,-1,-1,-1,-1,-1,-1,0,0,0,13,13,13,13,13,13,13,13,13,13,13,11,11,11,11,13,13,13,13,11,11,11,11,0,0,0,-1,0,13,13,13,13,13,13,0,0,-1,-1,-1,0,12,0,-1,-1,-1,-1,-1
-1,-1,-1,-1,-1,-1,-1,-1,-1,-1,-1,-1,-1,-1,-1,-1,-1,-1,-1,-1,-1,-1,-1,-1,-1,0,0,13,13,13,13,13,13,13,13,13,13,13,13,13,11,11,11,11,13,13,13,0,0,0,-1,-1,0,0,13,13,13,13,0,0,0,-1,-1,-1,-1,0,0,0,-1,-1,-1,-1,-1
-1,-1,-1,-1,-1,-1,-1,-1,-1,-1,-1,-1,-1,-1,-1,-1,-1,-1,-1,-1,-1,-1,-1,-1,-1,-1,0,0,0,13,13,13,13,13,13,13,13,13,13,13,13,13,11,0,0,0,0,0,-1,-1,-1,-1,0,13,13,13,13,0,0,-1,-1,-1,-1,-1,-1,-1,0,0,-1,-1,-1,-1,-1
-1,-1,-1,-1,-1,-1,-1,-1,-1,-1,-1,-1,-1,-1,-1,-1,-1,-1,-1,-1,-1,-1,-1,-1,-1,-1,-1,-1,0,0,0,0,13,13,13,13,13,13,13,13,13,0,0,0,-1,-1,-1,-1,-1,-1,-1,-1,0,13,13,13,0,0,-1,-1,-1,-1,-1,-1,-1,-1,0,0,-1,-1,-1,-1,-1
-1,-1,-1,-1,-1,-1,-1,-1,-1,-1,-1,-1,-1,-1,-1,-1,-1,-1,-1,-1,-1,-1,-1,-1,-1,-1,-1,-1,-1,-1,-1,0,0,0,0,0,0,0,0,0,0,0,-1,-1,-1,-1,-1,-1,-1,-1,-1,-1,0,13,13,0,0,-1,-1,-1,-1,-1,-1,-1,-1,-1,-1,0,-1,-1,-1,-1,-1
-1,-1,-1,-1,-1,-1,-1,-1,-1,-1,-1,-1,-1,-1,-1,-1,-1,-1,-1,-1,-1,-1,-1,-1,-1,-1,-1,-1,-1,-1,-1,-1,-1,-1,-1,-1,-1,-1,-1,-1,-1,-1,-1,-1,-1,-1,-1,-1,-1,-1,-1,-1,0,13,0,0,-1,-1,-1,-1,-1,-1,-1,-1,-1,-1,-1,-1,-1,-1,-1,-1,-1
-1,-1,-1,-1,-1,-1,-1,-1,-1,-1,-1,-1,-1,-1,-1,-1,-1,-1,-1,-1,-1,-1,-1,-1,-1,-1,-1,-1,-1,-1,-1,-1,-1,-1,-1,-1,-1,-1,-1,-1,-1,-1,-1,-1,-1,-1,-1,-1,-1,-1,-1,-1,0,0,0,-1,-1,-1,-1,-1,-1,-1,-1,-1,-1,-1,-1,-1,-1,-1,-1,-1,-1
-1,-1,-1,-1,-1,-1,-1,-1,-1,-1,-1,-1,-1,-1,-1,-1,-1,-1,-1,-1,-1,-1,-1,-1,-1,-1,-1,-1,-1,-1,-1,-1,-1,-1,-1,-1,-1,-1,-1,-1,-1,-1,-1,-1,-1,-1,-1,-1,-1,-1,-1,-1,0,0,-1,-1,-1,-1,-1,-1,-1,-1,-1,-1,-1,-1,-1,-1,-1,-1,-1,-1,-1
-1,-1,-1,-1,-1,-1,-1,-1,-1,-1,-1,-1,-1,-1,-1,-1,-1,-1,-1,-1,-1,-1,-1,-1,-1,-1,-1,-1,-1,-1,-1,-1,-1,-1,-1,-1,-1,-1,-1,-1,-1,-1,-1,-1,-1,-1,-1,-1,-1,-1,-1,-1,0,0,-1,-1,-1,-1,-1,-1,-1,-1,-1,-1,-1,-1,-1,-1,-1,-1,-1,-1,-1
-1,-1,-1,-1,-1,-1,-1,-1,-1,-1,-1,-1,-1,-1,-1,-1,-1,-1,-1,-1,-1,-1,-1,-1,-1,-1,-1,-1,-1,-1,-1,-1,-1,-1,-1,-1,-1,-1,-1,-1,-1,-1,-1,-1,-1,-1,-1,-1,-1,-1,-1,-1,0,-1,-1,-1,-1,-1,-1,-1,-1,-1,-1,-1,-1,-1,-1,-1,-1,-1,-1,-1,-1
0,0,0
0.4666667,0.7254902,0.8392158
0.9137256,0.8666667,0.8117648
0.9137256,0.7725491,0.6470588
0.2745098,0.3686275,0.5450981
0.9215687,0.6313726,0.6313726
0.1137255,0.145098,0.2666667
0.7333333,0.3411765,0.3411765
1,1,1
0.8392158,0.7960785,0.7333333
0.8274511,0.6352941,0.4705883
1,0.8117648,0.6509804
0.2705882,0.4,0.2509804
0.5764706,0.7411765,0.5607843
0.2431373,0.3647059,0.2196079
