73,63,
-1,-1,-1,-1,-1,-1,-1,-1,-1,-1,-1,-1,-1,-1,-1,-1,-1,-1,-1,-1,0,0,0,0,0,0,0,0,0,0,0,0,0,0,-1,-1,-1,-1,-1,-1,-1,-1,-1,-1,-1,-1,-1,-1,-1,-1,-1,-1,-1,-1,-1,-1,-1,-1,-1,-1,-1,-1,-1,-1,-1,-1,-1,-1,-1,-1,-1,-1,-1
-1,-1,-1,-1,-1,-1,-1,-1,-1,-1,-1,-1,-1,-1,-1,-1,-1,-1,-1,0,0,1,1,1,0,0,1,1,1,0,0,-1,-1,-1,-1,-1,-1,-1,-1,-1,-1,-1,-1,-1,-1,-1,-1,-1,-1,-1,-1,-1,-1,-1,-1,-1,-1,-1,-1,-1,-1,-1,-1,-1,-1,-1,-1,-1,-1,-1,-1,-1,-1
-1,-1,-1,-1,-1,-1,-1,-1,-1,-1,-1,-1,-1,-1,-1,-1,-1,-1,0,0,1,1,1,1,0,1,1,0,0,-1,-1,-1,-1,-1,-1,-1,-1,-1,-1,-1,-1,-1,-1,-1,-1,-1,-1,-1,-1,-1,-1,-1,-1,-1,-1,-1,-1,-1,-1,-1,-1,-1,-1,-1,-1,-1,-1,-1,-1,-1,-1,-1,-1
-1,-1,-1,-1,-1,-1,-1,-1,-1,-1,-1,-1,-1,-1,-1,-1,-1,-1,0,1,1,1,2,1,1,1,0,0,-1,-1,-1,-1,-1,-1,-1,-1,-1,-1,-1,-1,0,0,0,0,0,0,0,0,0,0,0,-1,-1,-1,-1,-1,-1,-1,-1,-1,-1,-1,-1,-1,-1,-1,-1,-1,-1,-1,-1,-1,-1
-1,-1,-1,-1,-1,-1,-1,-1,-1,-1,-1,-1,-1,-1,-1,-1,-1,-1,0,1,2,2,2,1,1,1,0,-1,-1,-1,-1,-1,-1,-1,-1,-1,-1,-1,-1,-1,-1,-1,-1,0,0,0,0,1,1,1,0,0,0,0,-1,-1,-1,-1,-1,-1,-1,-1,-1,-1,-1,-1,-1,-1,-1,-1,-1,-1,-1
-1,-1,-1,-1,-1,-1,-1,-1,-1,-1,-1,-1,-1,-1,-1,-1,-1,0,0,1,2,2,1,1,1,0,0,-1,-1,-1,-1,-1,-1,-1,-1,-1,-1,-1,-1,-1,-1,-1,-1,-1,-1,-1,0,0,2,2,1,1,1,0,0,0,-1,-1,-1,-1,-1,-1,-1,-1,-1,-1,-1,-1,-1,-1,-1,-1,-1
-1,-1,-1,-1,-1,-1,-1,-1,-1,-1,-1,-1,-1,-1,-1,-1,-1,0,1,2,2,2,1,1,1,0,-1,-1,-1,-1,-1,-1,-1,-1,-1,-1,-1,-1,-1,-1,-1,-1,-1,-1,-1,-1,-1,-1,0,0,2,1,1,1,1,0,0,-1,-1,-1,-1,-1,-1,-1,-1,-1,-1,-1,-1,-1,-1,-1,-1
-1,-1,-1,-1,-1,-1,-1,-1,-1,-1,-1,-1,-1,-1,-1,-1,-1,0,2,2,2,2,1,1,0,0,-1,-1,-1,-1,-1,-1,-1,-1,-1,-1,-1,-1,-1,-1,-1,-1,-1,-1,-1,-1,-1,-1,-1,0,2,2,2,1,1,1,0,0,-1,-1,-1,-1,-1,-1,-1,-1,-1,-1,-1,-1,-1,-1,-1
-1,-1,-1,-1,-1,-1,-1,-1,-1,-1,-1,-1,-1,-1,-1,-1,-1,0,2,2,2,2,1,1,0,-1,-1,-1,-1,-1,-1,-1,-1,-1,-1,-1,-1,-1,-1,-1,-1,-1,-1,-1,-1,-1,-1,-1,-1,0,0,2,2,2,1,1,1,0,0,-1,-1,-1,-1,-1,-1,-1,-1,-1,-1,-1,-1,-1,-1
-1,-1,-1,-1,-1,-1,-1,-1,-1,-1,-1,-1,-1,-1,-1,-1,-1,0,2,2,2,1,1,0,0,-1,-1,-1,-1,-1,-1,-1,-1,-1,-1,-1,-1,-1,-1,-1,-1,-1,-1,-1,-1,-1,-1,-1,-1,-1,0,2,2,2,2,1,1,1,0,-1,-1,-1,-1,-1,-1,-1,-1,-1,-1,-1,-1,-1,-1
-1,-1,-1,-1,-1,-1,-1,-1,-1,-1,-1,-1,-1,-1,-1,-1,-1,0,2,2,2,1,1,0,-1,-1,-1,-1,-1,-1,-1,-1,-1,-1,-1,-1,-1,-1,-1,-1,-1,-1,-1,-1,-1,-1,-1,-1,-1,-1,0,2,2,2,2,2,1,1,0,-1,-1,-1,-1,-1,-1,-1,-1,-1,-1,-1,-1,-1,-1
-1,-1,-1,-1,-1,-1,-1,-1,-1,-1,-1,-1,-1,-1,-1,-1,-1,0,0,2,2,1,1,0,-1,-1,-1,-1,-1,-1,-1,-1,-1,-1,-1,-1,-1,-1,-1,-1,-1,-1,-1,-1,-1,-1,-1,-1,-1,-1,0,2,2,2,2,2,1,1,1,0,-1,-1,-1,-1,-1,-1,-1,-1,-1,-1,-1,-1,-1
-1,-1,-1,-1,-1,-1,-1,-1,-1,-1,-1,-1,-1,-1,-1,-1,-1,-1,0,1,1,1,0,0,-1,-1,-1,-1,-1,-1,-1,-1,-1,-1,-1,-1,-1,-1,-1,-1,-1,-1,-1,-1,-1,-1,-1,-1,-1,-1,0,0,2,2,2,2,2,1,1,0,-1,-1,-1,-1,-1,-1,-1,-1,-1,-1,-1,-1,-1
-1,-1,-1,-1,-1,-1,-1,-1,-1,-1,-1,-1,-1,-1,-1,-1,-1,-1,0,0,0,0,0,-1,-1,-1,-1,-1,-1,-1,-1,-1,-1,-1,-1,0,0,0,0,0,0,0,0,0,0,-1,-1,-1,-1,-1,-1,0,2,2,2,2,2,1,1,0,-1,-1,-1,-1,-1,-1,-1,-1,-1,-1,-1,-1,-1
-1,-1,-1,-1,-1,-1,-1,-1,-1,-1,-1,-1,-1,-1,-1,-1,-1,0,0,3,3,3,0,0,-1,-1,-1,-1,-1,-1,-1,0,0,0,0,0,4,4,4,4,4,4,5,5,5,0,0,0,0,0,0,0,2,2,2,2,2,1,1,0,0,-1,-1,-1,-1,0,0,0,0,0,0,-1,-1
-1,-1,-1,-1,-1,-1,-1,-1,-1,-1,-1,-1,-1,-1,-1,-1,-1,0,3,3,3,0,0,0,0,0,-1,-1,-1,0,0,0,4,4,4,4,4,4,4,4,4,4,4,4,4,5,5,5,5,0,0,0,2,2,2,2,2,1,1,1,0,-1,-1,0,0,3,3,3,3,0,0,-1,-1
-1,-1,-1,-1,-1,-1,-1,-1,-1,-1,-1,-1,-1,-1,-1,-1,-1,0,0,0,0,1,1,1,0,-1,-1,-1,0,0,5,4,4,4,4,4,4,4,4,4,4,4,4,4,4,4,4,4,5,5,5,0,0,0,2,2,2,1,1,1,0,-1,0,0,3,3,3,3,0,0,-1,-1,-1
-1,-1,-1,-1,-1,-1,-1,-1,-1,-1,-1,-1,-1,-1,-1,-1,0,0,0,1,1,1,1,0,0,-1,0,0,0,4,4,4,4,4,4,4,4,4,4,4,4,4,4,4,4,4,4,6,6,6,5,5,5,0,2,2,2,1,1,1,0,0,0,3,3,3,3,7,0,-1,-1,-1,-1
-1,-1,-1,-1,-1,-1,-1,-1,-1,-1,-1,-1,-1,-1,-1,0,0,1,1,1,1,1,1,0,-1,-1,0,5,5,4,4,4,4,4,4,4,4,4,4,4,4,4,4,4,4,4,6,6,6,6,6,5,5,5,0,2,1,1,1,1,0,0,3,3,3,3,7,0,0,-1,-1,-1,-1
-1,-1,-1,-1,-1,-1,-1,-1,-1,-1,-1,-1,-1,-1,0,0,1,1,1,1,1,2,0,0,-1,0,5,5,4,4,4,4,4,4,4,4,4,4,6,6,4,4,4,4,4,6,6,6,6,6,6,6,5,5,0,0,1,1,1,0,0,3,3,3,3,7,7,0,-1,-1,-1,-1,-1
-1,-1,-1,-1,-1,-1,-1,-1,-1,-1,-1,-1,-1,-1,0,1,1,1,1,2,2,2,0,-1,0,0,5,5,6,6,6,4,4,4,4,4,4,6,6,6,6,4,4,4,4,6,6,6,6,6,6,6,4,5,5,0,1,1,1,0,3,3,3,3,3,7,0,-1,-1,-1,-1,-1,-1
-1,-1,-1,-1,-1,-1,-1,-1,-1,-1,-1,-1,-1,0,0,1,1,1,2,2,2,2,0,0,0,5,5,6,6,6,6,6,4,4,4,4,6,0,0,0,0,6,4,4,4,6,6,6,6,6,6,6,4,0,0,0,0,0,1,0,3,3,3,3,7,0,0,-1,-1,-1,-1,-1,-1
-1,-1,-1,-1,-1,-1,-1,-1,-1,-1,-1,-1,0,0,1,1,1,2,2,2,2,2,0,0,5,6,6,6,6,6,6,6,6,4,4,4,0,6,6,6,6,0,4,4,4,4,6,6,0,0,6,4,4,5,0,0,1,1,0,0,0,3,3,7,7,0,-1,-1,-1,-1,-1,-1,-1
-1,-1,-1,-1,0,0,0,0,0,0,0,-1,0,1,1,1,2,2,2,2,2,0,0,0,5,0,0,0,0,0,0,6,6,4,4,0,4,4,4,4,4,4,0,4,4,4,4,0,0,0,0,4,4,4,5,0,0,1,1,1,0,0,3,7,0,0,-1,-1,0,0,0,0,-1
-1,-1,0,0,0,1,1,1,1,1,0,0,0,1,1,1,2,2,2,2,2,0,5,0,0,0,1,0,0,6,6,6,6,4,4,4,4,4,4,4,4,4,4,4,4,4,0,0,0,0,0,0,4,4,4,5,0,1,1,1,1,0,0,7,0,-1,0,0,0,3,3,0,0
-1,-1,-1,-1,0,0,0,1,1,1,1,0,0,1,1,2,2,2,2,2,1,0,0,0,1,1,0,0,6,6,6,6,6,4,4,4,4,4,4,4,4,4,4,4,4,4,0,0,0,0,0,0,4,4,4,5,5,0,1,1,1,1,1,0,0,0,0,3,3,3,0,0,-1
-1,-1,-1,-1,-1,-1,0,0,2,1,1,0,1,1,2,2,2,2,2,2,1,0,0,1,1,1,0,6,6,6,0,0,4,4,4,4,4,4,4,4,4,4,4,4,4,4,4,0,0,0,0,4,4,4,4,4,5,0,1,1,1,1,1,1,0,0,3,3,3,0,0,-1,-1
-1,-1,-1,-1,-1,-1,-1,0,0,2,1,0,1,1,2,2,2,2,2,2,1,0,1,1,1,0,0,6,6,0,0,0,0,4,4,0,0,0,0,0,0,4,4,4,4,4,4,4,0,0,4,4,4,4,4,5,5,0,0,1,1,1,1,1,0,3,3,3,0,0,-1,-1,-1
-1,-1,-1,-1,-1,-1,-1,-1,0,2,1,0,1,2,2,2,2,2,2,2,1,1,1,1,1,0,4,4,0,0,0,0,0,0,4,4,0,0,1,1,0,0,0,5,4,4,4,4,4,4,4,4,4,4,5,0,0,0,1,1,2,1,1,1,0,3,3,3,0,-1,-1,-1,-1
-1,-1,-1,-1,0,0,0,0,0,2,2,0,2,2,2,2,2,2,2,2,1,1,1,1,1,0,4,4,0,0,0,0,0,0,4,4,4,0,0,1,1,1,0,0,5,5,4,4,4,4,4,4,4,5,0,0,1,1,2,2,2,1,1,1,0,3,3,0,0,-1,-1,-1,-1
-1,-1,0,0,0,1,1,1,1,2,2,2,2,2,2,2,2,2,2,2,1,1,1,1,0,5,4,4,4,0,0,0,0,4,4,4,4,4,0,2,2,1,1,0,0,5,5,5,4,4,4,4,5,5,0,1,1,2,2,2,2,2,1,1,0,3,7,0,-1,-1,-1,-1,-1
-1,0,0,1,1,1,2,2,2,2,2,2,2,2,2,2,2,2,2,2,1,1,1,1,0,5,4,4,4,4,0,0,4,4,5,5,5,5,0,0,2,2,2,1,0,0,5,5,5,4,4,5,5,0,1,1,2,2,2,2,2,2,1,1,0,7,7,0,-1,-1,-1,-1,-1
0,0,0,1,2,2,2,2,2,2,2,2,2,2,2,1,1,1,1,1,1,1,1,1,0,5,5,4,4,4,4,4,5,5,0,0,0,0,5,0,2,2,2,2,1,1,0,0,5,5,4,5,0,1,1,2,2,2,2,2,2,2,1,0,0,7,0,-1,-1,-1,-1,-1,-1
-1,-1,0,0,0,0,2,2,2,2,2,2,2,2,1,1,0,0,0,0,1,1,1,1,0,5,5,5,5,4,4,4,0,0,1,1,1,1,0,0,0,2,2,2,2,1,1,0,0,5,5,5,0,1,1,2,2,2,2,2,2,2,1,0,0,0,-1,-1,-1,-1,-1,-1,-1
-1,-1,-1,-1,-1,0,0,0,2,2,2,2,2,1,1,0,0,3,3,0,0,1,1,1,0,0,0,0,5,5,5,5,5,0,0,1,2,1,1,0,0,2,2,2,2,2,1,1,0,0,5,0,0,1,2,2,2,2,2,2,2,2,1,0,-1,-1,-1,-1,-1,-1,-1,-1,-1
-1,-1,-1,-1,-1,-1,-1,0,0,2,2,2,2,1,0,0,3,3,3,3,0,1,1,1,1,1,1,0,0,0,5,5,5,5,0,0,1,2,2,1,0,2,2,2,2,2,2,1,1,0,5,0,1,1,2,2,2,2,2,2,2,2,1,0,-1,-1,-1,-1,-1,-1,-1,-1,-1
-1,-1,-1,-1,-1,-1,-1,-1,0,0,2,2,2,1,0,3,3,3,3,3,0,1,1,1,1,2,2,1,1,1,0,0,0,5,5,0,0,1,2,2,1,2,2,2,2,2,2,2,1,0,0,0,1,2,2,2,2,2,2,2,2,2,1,0,-1,-1,-1,-1,-1,-1,-1,-1,-1
-1,-1,-1,-1,-1,-1,-1,-1,-1,0,0,2,2,1,0,0,3,3,7,3,0,0,0,0,1,2,2,2,2,2,1,1,0,0,0,5,0,1,2,2,2,2,2,2,2,2,2,2,1,1,0,0,1,2,2,2,2,2,2,2,2,2,1,0,-1,-1,-1,-1,-1,-1,-1,-1,-1
-1,-1,-1,-1,-1,-1,-1,-1,0,0,0,0,1,1,1,0,3,7,7,0,0,3,3,0,0,1,2,2,2,2,2,2,1,1,0,0,5,0,1,2,2,2,2,2,2,2,2,2,2,1,0,0,1,2,2,2,2,2,2,2,2,1,1,0,-1,-1,-1,-1,-1,-1,-1,-1,-1
-1,-1,-1,-1,-1,-1,-1,0,0,3,3,0,1,1,1,0,0,7,7,3,3,3,3,3,0,1,2,2,2,2,2,2,2,1,1,0,0,0,0,2,2,2,2,2,2,2,2,2,2,1,1,0,2,2,2,2,2,2,2,2,2,1,1,0,-1,-1,-1,-1,-1,-1,-1,-1,-1
-1,-1,-1,-1,-1,-1,-1,0,3,3,3,7,0,1,0,0,0,7,7,7,7,7,3,3,0,1,1,2,2,2,2,2,2,2,1,1,1,0,0,1,2,2,2,2,2,2,2,2,2,2,1,0,2,2,2,2,2,2,2,2,2,1,1,0,-1,-1,-1,-1,-1,-1,-1,-1,-1
-1,-1,-1,-1,-1,-1,-1,0,3,3,7,7,0,1,0,7,7,7,7,7,7,7,3,0,0,1,1,1,2,2,2,2,2,2,2,2,1,1,0,0,2,2,2,2,2,2,2,2,2,2,1,0,2,2,2,2,2,2,2,2,2,1,1,0,-1,-1,-1,-1,-1,-1,-1,-1,-1
-1,-1,-1,-1,-1,-1,-1,0,3,3,7,7,0,0,3,3,7,7,7,7,7,0,0,0,2,2,1,1,1,2,2,2,2,2,2,2,2,1,1,0,1,2,2,2,2,2,2,2,2,2,1,0,2,2,2,2,2,2,2,2,2,1,1,0,-1,-1,-1,-1,-1,-1,-1,-1,-1
-1,-1,-1,-1,-1,-1,-1,0,0,3,3,0,0,0,3,3,7,7,7,7,7,7,3,0,0,2,2,1,1,1,2,2,2,2,2,2,2,2,1,0,0,2,2,2,2,2,2,2,2,2,0,0,2,2,2,2,2,2,2,2,1,1,0,-1,-1,-1,-1,-1,-1,-1,-1,-1,-1
-1,-1,-1,-1,-1,-1,-1,-1,0,0,0,0,7,0,0,0,0,3,7,3,7,7,3,3,0,2,2,1,1,1,1,1,2,2,2,2,2,2,2,1,0,2,2,2,2,2,2,2,2,2,0,1,2,2,2,2,2,2,2,2,1,1,0,-1,-1,-1,-1,-1,-1,-1,-1,-1,-1
-1,-1,-1,-1,-1,-1,-1,-1,0,0,0,7,7,7,7,0,0,3,7,0,3,7,3,3,0,2,2,2,1,1,1,1,1,2,2,2,2,2,2,2,2,2,2,2,2,2,2,2,2,0,0,1,2,2,2,2,2,2,2,2,1,1,0,-1,-1,-1,-1,-1,-1,-1,-1,-1,-1
-1,-1,-1,-1,-1,-1,-1,0,0,3,3,7,7,7,7,0,3,3,3,0,3,3,3,3,0,2,2,2,2,2,1,1,1,1,1,2,2,2,2,2,2,2,2,2,2,2,2,2,2,0,1,2,2,2,2,2,2,2,2,2,1,0,-1,-1,-1,-1,-1,-1,-1,-1,-1,-1,-1
-1,-1,-1,-1,-1,-1,-1,0,3,3,3,3,7,7,7,0,3,3,3,0,3,3,3,3,0,2,2,2,2,2,2,2,1,1,1,1,2,2,2,2,2,2,2,2,2,2,0,0,0,0,2,2,2,2,2,2,2,2,2,2,1,0,-1,-1,-1,-1,-1,-1,-1,-1,-1,-1,-1
-1,-1,-1,-1,-1,-1,-1,0,3,3,3,3,3,0,0,0,0,0,0,0,0,3,3,0,0,2,2,2,2,2,2,2,2,2,1,1,1,1,2,2,2,2,2,2,2,2,2,1,1,2,2,2,2,2,2,2,2,2,2,1,0,0,-1,-1,-1,-1,-1,-1,-1,-1,-1,-1,-1
-1,-1,-1,-1,-1,-1,-1,0,3,3,3,3,0,0,3,7,7,7,0,0,0,0,0,0,2,2,2,2,8,8,2,2,2,2,2,8,8,2,2,2,2,2,2,2,2,2,2,2,2,2,2,2,2,2,2,2,2,2,2,1,0,-1,-1,-1,-1,-1,-1,-1,-1,-1,-1,-1,-1
-1,-1,-1,-1,-1,-1,-1,0,0,3,3,3,0,3,3,7,7,7,7,0,2,2,2,2,2,2,2,8,8,8,8,2,2,2,8,8,8,8,2,2,2,2,2,2,2,2,2,2,2,2,2,2,2,2,2,2,2,2,1,0,0,-1,-1,-1,-1,-1,-1,-1,-1,-1,-1,-1,-1
-1,-1,-1,-1,-1,-1,-1,-1,0,0,3,0,0,3,3,7,7,7,7,0,0,2,2,2,2,2,8,8,8,8,8,8,2,8,8,8,8,8,8,2,2,2,2,2,2,2,2,2,2,2,2,2,2,2,2,2,1,1,1,0,-1,-1,-1,-1,-1,-1,-1,-1,-1,-1,-1,-1,-1
-1,-1,-1,-1,-1,-1,-1,-1,-1,0,0,0,0,3,3,3,7,7,7,7,0,2,2,2,2,2,8,8,8,8,8,8,2,8,8,8,8,8,8,2,2,2,2,2,2,2,2,2,2,2,2,2,2,2,2,1,1,1,0,-1,-1,-1,-1,-1,-1,-1,-1,-1,-1,-1,-1,-1,-1
-1,-1,-1,-1,-1,-1,-1,-1,-1,-1,-1,-1,0,3,3,3,7,7,7,7,0,2,2,2,2,2,2,8,8,8,8,2,2,2,8,8,8,8,2,2,2,2,2,2,2,2,2,2,2,2,2,2,2,2,1,1,1,0,-1,-1,-1,-1,-1,-1,-1,-1,-1,-1,-1,-1,-1,-1,-1
-1,-1,-1,-1,-1,-1,-1,-1,-1,-1,-1,-1,0,3,3,3,3,7,7,7,0,2,2,2,2,2,2,2,8,8,2,2,2,2,2,8,8,2,2,2,2,2,2,2,2,2,2,2,2,2,2,2,2,1,1,1,0,0,-1,-1,-1,-1,-1,-1,-1,-1,-1,-1,-1,-1,-1,-1,-1
-1,-1,-1,-1,-1,-1,-1,-1,-1,-1,-1,-1,0,3,3,3,3,3,3,7,0,0,2,2,2,2,2,2,2,2,2,2,2,2,2,2,2,2,2,2,2,2,2,2,2,2,2,2,2,2,2,1,1,1,0,0,-1,-1,-1,-1,-1,-1,-1,-1,-1,-1,-1,-1,-1,-1,-1,-1,-1
-1,-1,-1,-1,-1,-1,-1,-1,-1,-1,-1,-1,0,0,0,3,3,3,3,3,3,0,0,2,2,2,2,2,2,2,2,2,2,2,2,2,2,2,2,2,2,2,2,2,2,1,2,2,2,1,1,1,1,0,0,-1,-1,-1,-1,-1,-1,-1,-1,-1,-1,-1,-1,-1,-1,-1,-1,-1,-1
-1,-1,-1,-1,-1,-1,-1,-1,-1,-1,-1,-1,-1,-1,0,0,3,3,3,3,3,3,0,0,2,2,2,2,2,2,2,2,2,2,2,2,2,2,2,2,2,2,2,2,2,1,1,1,1,1,1,1,0,0,-1,-1,-1,-1,-1,-1,-1,-1,-1,-1,-1,-1,-1,-1,-1,-1,-1,-1,-1
-1,-1,-1,-1,-1,-1,-1,-1,-1,-1,-1,-1,-1,-1,-1,0,3,3,3,3,3,3,0,0,0,2,2,2,2,2,2,2,2,2,2,2,2,2,2,2,2,2,2,2,2,1,1,1,1,1,0,0,-1,-1,-1,-1,-1,-1,-1,-1,-1,-1,-1,-1,-1,-1,-1,-1,-1,-1,-1,-1,-1
-1,-1,-1,-1,-1,-1,-1,-1,-1,-1,-1,-1,-1,-1,-1,0,0,0,0,3,3,0,0,-1,0,0,2,2,2,2,2,2,2,2,2,2,2,2,2,2,2,2,2,1,1,0,0,0,0,0,0,-1,-1,-1,-1,-1,-1,-1,-1,-1,-1,-1,-1,-1,-1,-1,-1,-1,-1,-1,-1,-1,-1
-1,-1,-1,-1,-1,-1,-1,-1,-1,-1,-1,-1,-1,-1,-1,-1,-1,-1,0,0,0,0,-1,-1,-1,-1,0,0,2,2,2,2,2,2,2,2,2,2,2,2,2,2,1,1,0,0,-1,-1,-1,-1,-1,-1,-1,-1,-1,-1,-1,-1,-1,-1,-1,-1,-1,-1,-1,-1,-1,-1,-1,-1,-1,-1,-1
-1,-1,-1,-1,-1,-1,-1,-1,-1,-1,-1,-1,-1,-1,-1,-1,-1,-1,-1,-1,-1,-1,-1,-1,-1,-1,-1,0,0,0,0,2,2,2,2,2,2,2,2,2,2,0,0,0,-1,-1,-1,-1,-1,-1,-1,-1,-1,-1,-1,-1,-1,-1,-1,-1,-1,-1,-1,-1,-1,-1,-1,-1,-1,-1,-1,-1,-1
-1,-1,-1,-1,-1,-1,-1,-1,-1,-1,-1,-1,-1,-1,-1,-1,-1,-1,-1,-1,-1,-1,-1,-1,-1,-1,-1,-1,-1,-1,0,0,0,0,0,0,0,0,0,0,0,0,-1,-1,-1,-1,-1,-1,-1,-1,-1,-1,-1,-1,-1,-1,-1,-1,-1,-1,-1,-1,-1,-1,-1,-1,-1,-1,-1,-1,-1,-1,-1
0,0,0
0.8941177,0.6666667,0.4705883
1,0.9058824,0.6352941
0.5490196,0.8196079,0.854902
0.9137256,0.8666667,0.8117648
0.9137256,0.7725491,0.6470588
0.9215687,0.6313726,0.6313726
0.9450981,0.9176471,0.9333334
1,0.9686275,0.8745099
