86,90,
0,0,0,0,0,0,0,0,0,0,0,0,0,0,0,0,0,0,0,0,0,0,0,0,0,0,0,1,1,2,3,2,2,2,2,1,4,4,4,4,5,1,6,6,6,6,6,6,1,7,7,8,8,8,8,8,8,8,8,8,8,8,8,8,8,8,8,8,8,8,8,8,8,8,8,8,8,8,8,8,1,-1,-1,-1,-1,-1
0,0,0,0,0,0,0,0,0,0,0,0,0,0,0,0,0,0,0,0,0,0,0,0,0,1,1,2,2,3,2,2,2,2,1,4,4,4,4,4,5,1,6,6,6,6,6,6,1,7,7,8,8,8,8,8,8,8,8,8,8,8,8,8,8,8,8,8,8,8,8,8,8,8,8,8,8,8,8,1,-1,-1,-1,-1,-1,-1
0,0,0,0,0,0,0,0,0,0,0,0,0,0,0,0,0,0,0,0,0,0,0,1,1,2,2,3,3,2,2,2,2,1,1,4,4,4,4,4,4,5,1,6,6,6,6,6,6,1,7,8,8,8,8,8,8,8,8,8,8,8,8,8,8,8,8,8,8,8,8,8,8,8,8,8,8,8,1,-1,-1,-1,-1,-1,-1,-1
0,0,0,0,0,0,0,0,0,0,0,0,0,0,0,0,0,0,0,0,0,1,1,2,2,3,3,2,2,2,2,2,1,6,1,4,4,4,4,4,4,5,1,6,6,6,6,6,6,1,7,7,8,8,8,8,8,8,8,8,8,8,8,8,8,8,8,8,8,8,8,8,8,8,8,8,8,1,3,1,-1,-1,-1,-1,-1,-1
0,0,0,0,0,0,0,0,0,0,0,0,0,0,0,0,0,1,1,1,1,2,2,2,3,2,2,2,2,2,2,2,1,6,1,4,4,4,4,4,4,4,5,1,6,6,6,6,6,6,1,7,8,8,8,8,8,8,8,8,8,8,8,8,8,8,8,8,8,8,8,8,8,8,8,8,1,3,3,3,1,-1,-1,-1,-1,-1
0,0,0,0,0,0,0,0,0,0,0,0,0,1,1,1,1,2,2,2,2,2,3,3,2,2,2,2,2,2,2,1,6,6,6,1,4,4,4,4,4,4,4,5,1,6,6,6,6,6,1,7,7,8,8,8,8,8,8,8,8,8,8,8,8,8,8,8,8,8,8,8,8,8,8,1,3,3,3,3,3,1,-1,-1,-1,-1
0,0,0,0,0,0,0,0,0,0,1,1,1,2,2,2,2,2,2,2,3,3,2,2,2,2,2,2,2,2,1,6,6,6,6,6,1,9,9,4,4,4,4,4,5,1,6,6,10,10,10,1,7,7,8,8,8,8,8,8,8,8,8,8,8,8,8,8,8,8,8,8,8,8,1,1,3,3,3,3,3,3,1,-1,-1,-1
0,0,0,0,0,0,0,0,1,1,2,2,2,2,2,2,2,2,3,3,2,2,2,2,2,2,2,2,2,1,6,6,6,6,6,6,6,1,9,9,9,4,4,4,9,5,1,10,10,10,10,10,1,7,7,8,8,8,8,8,8,8,8,8,8,8,8,8,8,8,8,8,8,1,11,11,1,3,3,3,3,3,3,1,-1,-1
0,0,0,0,0,1,1,1,2,2,2,2,2,2,2,2,3,3,2,2,2,2,2,2,2,2,2,2,2,1,6,6,6,6,6,6,6,6,1,9,9,9,9,9,9,9,5,1,10,10,10,10,10,1,7,7,8,8,8,8,8,8,8,8,8,8,8,8,8,8,8,8,1,11,11,11,11,1,3,3,3,3,3,3,1,-1
0,0,1,1,1,2,2,2,2,2,2,2,3,3,3,3,2,2,2,2,2,2,2,2,2,2,2,2,1,6,6,6,6,6,6,6,6,6,6,1,9,9,9,9,9,9,9,5,1,10,10,10,10,10,1,7,7,8,8,8,8,8,8,8,8,8,8,8,8,8,8,1,1,11,11,11,11,11,1,3,3,3,3,3,3,1
1,1,2,2,2,2,2,2,2,3,3,3,2,2,2,2,2,2,2,2,2,2,2,2,2,2,2,1,6,6,6,6,6,6,6,6,6,6,6,6,1,1,4,4,4,4,4,4,5,1,1,10,10,10,10,1,1,7,8,8,8,8,8,8,8,8,8,8,8,1,1,12,12,1,11,11,11,11,11,1,3,3,1,1,1,-1
3,2,2,2,2,2,2,3,3,2,2,2,2,2,2,2,2,2,2,2,2,2,2,2,2,2,1,6,6,6,6,6,6,6,6,6,6,6,6,6,6,10,1,1,4,4,4,4,4,5,5,1,1,10,10,10,10,1,1,1,1,1,1,1,1,1,1,1,1,12,12,12,12,1,11,11,11,11,11,11,1,1,-1,-1,-1,-1
3,2,2,2,3,3,3,2,2,2,2,2,2,2,2,2,2,2,2,2,2,2,2,2,2,1,6,6,6,6,6,6,6,6,6,6,6,6,6,6,10,10,10,10,1,1,4,4,4,4,4,5,5,1,1,10,10,1,1,13,13,13,13,13,11,11,1,1,12,11,11,12,12,12,1,11,11,11,11,11,1,-1,-1,-1,-1,-1
3,2,2,3,2,2,2,2,2,2,2,2,2,2,2,2,2,2,2,2,2,2,2,2,1,6,6,6,6,6,6,6,6,6,6,6,6,10,10,10,10,10,10,10,10,10,1,1,4,4,4,4,4,5,5,1,1,13,13,13,11,11,11,11,1,1,12,12,11,11,11,11,12,12,12,1,11,11,11,11,1,-1,-1,-1,-1,-1
3,3,3,2,2,2,2,2,2,2,2,2,2,2,2,2,2,2,2,2,2,2,2,2,1,6,6,6,6,6,6,6,6,6,6,1,1,1,1,1,1,1,1,1,1,1,1,1,1,1,1,1,1,1,1,13,13,13,11,11,11,11,1,1,12,12,12,12,11,11,11,11,12,12,12,12,1,11,11,11,11,1,-1,-1,-1,-1
3,2,2,2,2,2,2,2,2,2,2,2,2,2,2,2,2,2,2,2,2,2,2,1,6,6,6,6,6,6,6,1,1,1,1,12,12,12,12,12,12,12,12,12,12,12,12,12,12,12,12,12,1,13,13,1,11,11,11,11,1,1,13,13,1,12,12,12,12,11,11,12,12,12,12,12,12,1,11,11,11,1,-1,-1,-1,-1
2,2,2,2,2,2,2,2,2,2,2,2,2,2,2,2,2,2,2,2,2,2,1,6,6,6,6,6,6,1,1,12,12,12,12,12,12,12,12,12,12,12,12,12,12,12,12,12,12,12,12,12,1,11,11,1,11,11,1,1,3,1,13,13,13,1,1,12,12,12,12,12,12,12,12,12,12,1,13,11,11,1,-1,-1,-1,-1
3,2,2,2,2,2,2,2,2,2,2,2,2,2,2,2,2,2,2,2,2,1,6,6,6,6,6,1,1,12,12,12,12,12,12,1,1,1,1,1,1,1,1,1,1,1,1,1,1,1,1,1,1,1,1,1,1,1,3,3,3,3,1,13,13,13,13,1,1,1,12,12,12,12,12,12,12,1,13,11,11,11,1,-1,-1,-1
3,3,2,2,2,2,2,2,2,2,2,2,2,2,2,2,2,2,2,2,1,6,6,6,6,1,1,12,12,12,12,1,1,1,1,6,6,6,6,6,6,6,6,6,6,6,1,3,3,3,3,3,3,3,3,3,3,3,3,3,3,3,3,1,1,11,11,13,13,13,1,1,1,12,12,12,12,1,13,11,11,11,1,-1,-1,-1
3,3,3,2,2,2,2,2,2,2,2,2,2,2,2,2,2,2,2,1,6,6,6,6,1,12,12,12,12,1,1,6,6,6,6,6,6,6,6,6,6,6,6,6,6,6,1,3,1,1,1,1,1,1,1,1,1,1,1,1,1,1,1,3,3,1,1,11,11,11,1,11,11,1,1,1,1,1,13,11,11,11,1,-1,-1,-1
3,3,3,3,2,2,2,2,2,2,2,2,2,2,2,2,2,2,1,1,6,6,6,1,12,12,12,1,1,6,6,6,6,6,6,6,6,6,6,6,6,6,6,6,6,1,6,1,-1,-1,-1,-1,-1,-1,-1,-1,-1,-1,-1,-1,-1,-1,-1,1,1,1,1,1,1,1,1,1,11,11,11,11,11,13,13,11,11,11,11,1,-1,-1
3,3,3,3,2,2,2,2,2,2,2,2,2,2,2,2,1,1,3,3,1,6,1,12,12,1,1,6,6,6,6,6,6,6,6,6,6,6,6,6,6,6,6,1,1,6,10,1,-1,-1,-1,-1,-1,-1,-1,1,1,1,-1,-1,-1,-1,-1,-1,-1,-1,-1,-1,-1,-1,1,1,1,1,1,1,11,13,13,11,11,11,11,1,-1,-1
3,3,3,3,3,2,2,2,2,2,2,2,2,2,2,1,3,3,3,3,3,1,12,12,1,6,6,6,6,6,6,6,6,6,6,6,6,6,6,6,6,1,1,6,6,10,1,1,-1,-1,-1,-1,-1,1,1,8,8,8,1,-1,-1,-1,-1,-1,-1,-1,-1,-1,-1,-1,1,1,-1,-1,-1,-1,1,1,1,1,1,11,11,1,-1,-1
3,3,3,3,2,2,2,2,2,2,2,2,2,2,1,3,3,3,3,3,1,12,12,1,6,6,6,6,6,6,6,6,6,6,6,6,6,6,6,1,1,6,6,10,10,1,7,1,-1,-1,-1,1,1,8,8,8,8,8,8,1,-1,-1,-1,-1,-1,-1,-1,-1,-1,-1,1,14,1,-1,-1,-1,-1,-1,-1,-1,-1,1,1,1,-1,-1
3,3,2,2,2,2,2,2,2,2,2,2,1,1,3,3,3,3,3,3,1,12,1,6,6,6,6,6,6,6,6,6,6,6,6,6,6,1,1,6,6,10,10,1,1,7,7,1,-1,1,1,8,8,8,8,8,8,8,8,1,-1,-1,-1,-1,-1,-1,-1,-1,-1,-1,1,14,1,-1,-1,-1,-1,-1,-1,-1,-1,-1,-1,-1,-1,-1
3,2,2,2,2,2,2,2,2,2,1,1,3,3,3,3,3,3,3,3,1,12,1,6,6,6,6,6,6,6,6,6,6,6,6,1,1,6,6,10,10,1,1,7,7,7,7,1,1,8,8,8,8,8,8,8,8,8,8,8,1,-1,-1,-1,-1,-1,-1,-1,-1,-1,1,14,1,-1,-1,-1,-1,-1,-1,-1,-1,-1,-1,-1,-1,-1
2,2,2,2,2,2,2,2,1,1,3,3,3,3,3,3,1,1,1,1,1,12,12,1,6,6,6,6,6,6,6,6,6,1,1,6,10,10,10,1,1,7,7,7,7,1,1,8,8,8,8,8,8,8,8,8,8,8,8,8,1,-1,-1,-1,-1,-1,-1,-1,-1,-1,1,14,1,-1,-1,-1,-1,-1,-1,-1,-1,-1,-1,-1,-1,-1
2,2,2,2,2,2,1,1,3,3,3,1,1,1,1,1,-1,-1,-1,-1,1,12,12,1,6,6,6,6,6,6,6,1,1,6,6,6,6,1,1,7,7,7,7,1,1,8,8,8,8,8,8,8,8,8,8,8,8,8,8,8,8,1,-1,-1,-1,-1,-1,-1,-1,-1,1,14,14,1,-1,-1,-1,-1,-1,-1,-1,-1,-1,-1,-1,-1
2,2,2,1,1,1,1,1,1,1,1,-1,-1,-1,-1,-1,-1,-1,-1,-1,-1,1,12,12,1,1,1,1,1,1,1,6,6,6,6,1,1,7,7,7,7,7,1,8,8,8,8,8,8,8,8,8,8,8,8,8,8,8,7,7,8,1,-1,-1,-1,-1,-1,-1,-1,-1,1,14,14,1,-1,-1,-1,-1,-1,-1,-1,-1,-1,-1,-1,-1
1,1,1,-1,-1,-1,-1,-1,-1,-1,-1,-1,-1,-1,-1,-1,-1,-1,-1,-1,-1,1,12,12,1,6,6,6,6,6,6,6,6,1,1,7,7,7,7,7,7,1,8,8,8,8,8,8,8,8,8,8,8,8,8,8,8,8,8,8,8,8,1,-1,-1,-1,-1,1,-1,-1,1,14,14,1,-1,-1,-1,-1,-1,-1,-1,-1,-1,-1,-1,-1
-1,-1,-1,-1,-1,-1,-1,-1,-1,-1,-1,-1,-1,-1,-1,-1,-1,-1,-1,1,1,1,1,1,1,6,6,6,6,6,6,1,1,7,7,7,7,7,7,7,1,8,8,8,8,8,8,8,8,8,8,8,8,8,8,8,1,1,1,1,1,8,8,1,-1,-1,-1,-1,1,-1,1,14,14,1,-1,-1,-1,-1,-1,-1,-1,-1,-1,-1,-1,-1
-1,-1,-1,-1,-1,-1,-1,-1,-1,-1,-1,-1,-1,-1,-1,-1,-1,-1,-1,-1,1,15,15,1,1,1,1,1,1,1,1,7,7,7,7,7,7,7,7,1,8,8,8,8,8,8,8,8,8,8,8,8,8,8,8,8,8,8,8,8,8,1,1,8,1,-1,-1,-1,1,1,1,14,14,1,-1,-1,-1,-1,-1,-1,-1,-1,-1,-1,-1,-1
-1,-1,-1,-1,-1,-1,-1,-1,-1,-1,-1,-1,-1,-1,-1,-1,-1,-1,-1,-1,1,15,15,15,15,1,7,7,7,7,7,7,7,7,7,7,7,7,7,1,8,8,1,8,8,8,8,8,8,8,8,8,8,8,8,8,8,8,8,8,8,8,8,8,8,1,-1,-1,1,14,1,14,14,1,-1,-1,-1,-1,-1,-1,-1,-1,-1,-1,-1,-1
-1,-1,-1,-1,-1,-1,-1,-1,-1,-1,-1,-1,-1,-1,1,1,1,1,1,1,1,15,15,15,15,1,7,7,7,7,7,7,7,7,7,7,7,7,7,1,1,1,8,8,8,8,8,8,8,8,8,8,8,8,8,8,8,8,8,8,8,8,8,8,8,8,1,-1,1,14,1,14,14,14,1,-1,-1,-1,-1,-1,-1,-1,-1,-1,-1,-1
-1,-1,-1,-1,-1,-1,-1,-1,-1,-1,-1,-1,-1,-1,-1,1,15,15,15,15,15,1,15,15,15,15,1,7,7,7,7,7,7,7,7,7,7,7,1,1,16,1,8,8,8,8,7,8,8,8,8,8,8,8,8,8,8,8,8,8,8,8,8,8,8,1,1,1,1,14,14,1,14,14,1,-1,-1,-1,-1,-1,-1,-1,-1,-1,-1,-1
-1,-1,-1,-1,-1,-1,-1,-1,-1,-1,-1,-1,-1,-1,-1,-1,1,15,15,15,15,15,1,15,15,15,1,7,7,7,7,7,7,7,7,7,7,1,16,16,16,1,8,8,7,7,8,8,8,8,8,8,8,8,8,8,8,8,8,8,8,8,8,8,8,8,8,8,1,14,14,1,14,14,1,-1,-1,-1,-1,-1,-1,-1,-1,-1,-1,-1
-1,-1,-1,-1,-1,-1,-1,-1,-1,-1,-1,-1,-1,-1,-1,-1,-1,1,15,15,15,15,15,15,15,15,15,1,7,1,1,1,1,1,1,1,1,16,16,16,1,8,8,7,7,8,8,8,8,8,8,8,8,8,8,8,8,8,8,8,8,8,8,8,8,8,8,8,8,1,14,1,14,14,1,-1,-1,-1,-1,-1,-1,-1,-1,-1,-1,-1
-1,-1,-1,-1,-1,-1,-1,-1,-1,-1,-1,-1,-1,-1,-1,-1,-1,-1,1,15,15,15,15,15,1,1,1,1,1,13,13,13,13,13,1,16,16,16,12,16,1,8,7,7,7,8,8,1,8,8,8,8,8,8,8,8,8,8,8,8,8,8,8,8,8,8,8,8,1,14,14,14,1,14,1,-1,-1,-1,-1,-1,-1,-1,-1,-1,-1,-1
-1,-1,-1,-1,-1,-1,-1,-1,-1,-1,-1,-1,-1,-1,-1,-1,-1,-1,-1,1,15,15,15,1,17,17,17,17,17,13,13,13,1,1,16,16,16,12,16,16,1,1,7,7,8,1,1,8,8,8,8,8,8,8,8,8,8,8,8,8,8,8,8,8,8,8,8,8,1,14,14,14,1,14,1,-1,-1,-1,-1,-1,-1,-1,-1,-1,-1,-1
-1,-1,-1,-1,-1,-1,-1,-1,-1,-1,-1,-1,-1,-1,-1,-1,-1,-1,-1,1,15,15,1,17,18,18,18,18,18,1,1,1,16,16,16,16,12,12,16,1,13,1,7,7,1,1,8,8,8,8,8,8,8,8,8,8,8,8,8,8,8,8,8,8,8,8,8,1,14,14,14,14,1,14,1,-1,-1,-1,-1,-1,-1,-1,-1,-1,-1,-1
-1,-1,-1,-1,-1,-1,-1,-1,-1,-1,-1,-1,-1,-1,-1,-1,-1,-1,-1,1,15,1,17,18,13,13,13,13,1,2,2,16,16,16,16,12,12,16,16,1,13,1,7,1,19,1,8,8,8,8,8,8,8,8,8,8,8,8,8,8,8,8,8,8,8,8,8,1,14,14,14,14,1,14,1,-1,-1,-1,-1,-1,-1,-1,-1,-1,-1,-1
-1,-1,-1,-1,-1,-1,-1,-1,-1,-1,-1,-1,-1,-1,-1,-1,-1,-1,-1,1,1,17,18,18,18,13,13,13,1,2,2,2,16,16,12,12,16,16,1,13,13,1,1,20,19,1,8,8,8,8,8,8,8,8,8,8,8,8,8,8,8,8,8,8,8,8,1,7,1,14,14,14,1,14,1,-1,-1,-1,-1,-1,-1,-1,-1,-1,-1,-1
-1,-1,-1,-1,-1,-1,-1,-1,-1,-1,-1,-1,-1,-1,-1,-1,-1,-1,-1,1,17,18,17,17,17,18,13,13,1,2,2,2,2,2,12,16,16,16,1,13,13,1,20,20,19,1,8,8,8,8,8,8,8,8,8,8,8,8,8,8,8,8,8,8,8,8,1,7,1,14,14,1,1,1,1,-1,-1,-1,-1,-1,-1,-1,-1,-1,-1,-1
-1,-1,-1,-1,-1,-1,-1,-1,-1,-1,-1,-1,-1,-1,-1,-1,-1,-1,1,17,18,18,17,17,17,18,13,13,1,2,2,2,2,2,2,16,16,1,13,13,1,20,20,19,1,8,8,8,8,8,8,8,8,8,8,8,8,8,8,8,8,8,8,8,8,1,7,7,7,1,1,19,19,1,1,-1,1,1,1,-1,-1,-1,-1,-1,-1,-1
-1,-1,-1,-1,-1,-1,-1,-1,-1,-1,-1,-1,-1,-1,-1,-1,-1,-1,1,17,18,13,18,17,17,17,18,13,1,2,2,2,2,2,2,2,16,1,13,13,1,20,20,19,1,8,8,8,8,8,8,8,8,8,8,8,8,8,8,8,8,8,8,8,8,1,7,7,7,1,19,19,19,1,1,1,19,19,1,-1,-1,1,1,1,1,-1
-1,-1,-1,-1,-1,-1,-1,-1,-1,-1,-1,-1,-1,1,-1,-1,-1,1,12,17,18,13,13,18,17,11,18,13,1,2,2,2,2,2,2,2,2,1,13,1,20,20,20,19,1,8,1,8,8,8,8,8,8,8,8,8,8,8,8,8,8,8,8,8,8,1,7,7,1,19,19,19,19,1,19,19,20,1,-1,1,1,20,20,1,-1,-1
-1,-1,-1,-1,-1,-1,-1,1,1,1,1,-1,-1,1,-1,-1,1,12,12,17,18,13,13,18,11,11,11,18,1,2,2,2,2,2,2,2,1,1,13,1,20,20,20,19,1,1,8,8,8,8,8,8,8,8,8,8,8,8,8,8,8,8,8,8,8,8,1,1,19,19,19,19,1,19,19,20,20,1,1,20,20,20,1,-1,-1,-1
-1,-1,-1,-1,-1,-1,1,15,15,15,15,1,1,1,-1,-1,1,12,12,17,18,13,13,18,11,11,11,18,1,2,2,1,1,1,1,1,17,17,1,20,20,20,20,19,1,1,8,8,21,21,12,12,12,19,19,19,8,8,8,8,8,8,8,8,8,1,19,1,19,19,19,19,19,19,20,20,1,20,20,20,1,1,-1,-1,-1,-1
-1,-1,-1,-1,-1,-1,-1,1,15,15,15,15,1,20,1,-1,1,12,12,17,18,13,13,13,18,11,11,18,1,1,1,13,13,13,13,18,17,17,1,20,20,20,20,19,1,1,8,21,1,12,12,22,12,12,19,20,20,1,8,8,8,8,8,8,1,19,1,19,19,19,19,19,19,20,20,1,20,20,20,20,1,-1,-1,-1,-1,-1
-1,-1,-1,-1,-1,-1,-1,-1,1,15,15,15,1,20,1,-1,1,12,12,17,18,13,13,13,18,17,17,18,13,13,13,13,13,13,13,18,17,1,15,15,20,20,20,1,19,1,21,1,20,2,22,11,19,2,20,20,1,1,8,1,8,8,8,1,19,19,1,19,19,19,19,19,20,20,1,20,20,20,20,1,-1,-1,-1,-1,-1,-1
-1,-1,-1,-1,-1,-1,-1,-1,-1,1,15,15,1,20,1,-1,1,12,12,17,18,13,13,13,18,17,17,18,13,13,13,13,13,1,1,1,1,1,1,15,15,15,20,1,19,1,1,20,20,2,22,11,22,1,1,1,1,8,1,7,7,8,8,1,19,1,19,19,19,19,19,19,20,20,1,20,20,20,20,1,-1,-1,-1,-1,-1,-1
-1,-1,-1,-1,-1,-1,-1,-1,-1,-1,1,15,1,20,1,-1,1,12,12,17,18,13,13,13,18,18,18,18,18,18,18,1,1,19,19,19,19,19,19,1,1,15,15,1,19,1,1,1,1,1,1,1,1,1,1,1,8,7,7,1,1,8,1,19,19,1,19,19,19,19,19,20,20,20,15,20,20,20,1,-1,-1,1,1,1,1,1
-1,-1,1,1,1,1,1,1,-1,-1,1,15,1,20,20,1,1,12,12,17,18,13,13,18,18,11,11,17,17,17,17,17,17,1,1,19,19,19,19,19,19,1,15,1,19,1,1,1,1,1,1,1,1,8,8,7,7,1,1,1,8,7,1,19,1,19,19,19,19,19,20,20,20,20,15,20,20,20,1,1,1,20,20,1,-1,-1
-1,1,20,20,20,20,20,20,1,1,1,1,1,20,20,1,1,12,12,17,18,18,18,17,17,11,11,11,1,1,1,1,1,1,1,1,1,1,19,19,19,19,1,1,19,20,1,7,7,7,7,7,7,7,7,1,1,1,1,8,8,7,1,19,1,19,19,20,19,19,20,20,20,20,15,20,20,20,1,20,20,20,1,-1,-1,-1
-1,-1,1,20,20,20,20,20,20,20,20,1,1,20,20,20,1,12,12,18,18,17,17,17,17,17,11,1,19,19,19,19,19,19,19,19,19,19,1,19,19,19,19,1,19,20,1,1,1,1,1,1,1,1,1,1,1,8,8,8,7,1,19,20,15,19,19,20,19,20,20,20,20,20,15,20,20,20,20,20,20,1,-1,-1,-1,-1
-1,-1,-1,1,20,20,20,20,20,20,20,15,1,20,20,20,20,1,12,17,17,17,17,18,18,1,1,19,19,19,19,19,19,19,19,19,19,19,19,1,20,20,19,1,19,20,20,1,15,1,1,7,7,8,8,8,8,8,8,8,7,1,19,20,15,19,20,20,19,20,20,20,20,20,15,20,20,20,20,20,1,-1,-1,-1,-1,-1
-1,-1,-1,-1,1,20,20,20,20,20,20,15,1,20,20,20,20,1,12,17,17,17,18,18,1,19,19,19,19,19,19,19,19,19,19,19,19,19,19,19,1,20,20,1,19,20,20,1,15,15,15,1,1,7,7,8,8,8,8,7,7,1,20,15,19,19,20,20,19,20,20,20,20,20,15,20,20,20,20,20,1,-1,-1,-1,-1,-1
-1,-1,-1,-1,-1,1,20,20,20,20,20,15,1,20,20,20,20,20,1,17,17,17,1,1,19,19,19,19,19,19,19,19,19,19,19,19,19,19,19,19,19,1,20,1,19,20,20,20,1,20,15,15,15,1,7,7,8,8,8,7,1,15,20,15,19,20,20,20,20,20,20,20,20,20,15,20,20,20,20,1,-1,-1,-1,-1,-1,-1
-1,-1,-1,-1,-1,-1,1,20,20,20,20,15,15,1,20,20,20,20,20,1,18,1,19,19,19,19,19,19,19,19,19,19,19,19,19,19,19,19,19,20,19,19,20,1,19,19,20,20,1,20,20,15,20,15,1,7,7,8,7,7,1,15,20,15,19,20,20,20,20,20,20,20,19,20,15,20,20,20,20,1,-1,-1,-1,-1,-1,-1
-1,-1,-1,-1,-1,-1,1,20,20,20,20,15,15,1,20,20,20,20,20,1,1,19,19,19,19,19,19,19,19,19,19,19,19,19,19,19,19,19,19,19,20,19,19,1,19,19,20,20,20,1,20,20,15,20,15,1,7,7,7,7,1,15,20,15,19,20,20,20,20,20,20,19,19,20,15,20,20,20,20,1,1,-1,-1,-1,-1,-1
-1,-1,-1,-1,-1,-1,-1,1,20,20,20,15,15,1,20,20,20,1,1,19,19,19,19,19,19,19,19,19,19,19,19,19,19,19,19,19,19,19,19,19,20,20,19,20,1,19,20,20,20,1,20,20,15,20,20,15,1,7,7,1,15,20,20,15,19,20,20,20,20,20,20,19,19,20,15,20,20,20,1,20,20,1,-1,-1,-1,-1
-1,-1,-1,-1,-1,-1,-1,1,15,15,15,15,15,1,20,20,20,20,20,1,1,1,1,1,1,1,19,19,19,19,19,19,19,19,19,19,19,19,19,19,19,20,20,19,1,19,19,20,20,20,1,20,20,15,20,20,15,1,7,1,15,20,15,20,20,20,20,20,20,20,19,19,20,20,15,20,20,20,1,20,20,14,1,-1,-1,-1
-1,-1,-1,-1,-1,-1,-1,-1,1,15,15,15,15,1,20,20,20,20,20,20,20,1,13,13,13,13,1,1,1,1,19,19,20,20,20,20,20,20,20,19,19,19,20,20,1,19,19,20,20,20,20,20,20,15,20,20,15,1,7,1,15,20,15,20,20,20,20,20,20,20,19,19,20,15,20,20,20,20,1,20,20,14,1,-1,-1,-1
-1,-1,-1,-1,1,1,1,1,1,1,1,15,15,15,1,20,20,20,20,20,20,20,1,13,13,13,13,12,12,13,1,1,20,20,20,20,20,20,20,20,19,19,20,20,20,1,19,19,20,20,20,20,20,20,15,20,20,15,1,1,15,20,15,20,20,20,20,20,20,20,19,20,20,15,20,20,20,20,1,20,1,14,14,1,-1,-1
-1,1,1,1,19,19,19,19,19,19,19,1,1,15,1,20,20,20,20,20,20,20,20,1,13,12,12,12,12,13,13,1,1,1,20,20,20,20,20,20,20,19,19,20,20,1,19,19,20,20,20,20,20,20,15,20,20,15,1,1,15,20,15,20,20,20,20,20,20,20,19,20,20,15,20,20,20,1,20,20,1,14,14,1,-1,-1
1,19,19,19,19,19,19,19,19,19,20,20,20,1,1,20,20,20,20,20,20,20,20,20,1,12,12,12,12,1,1,1,15,15,1,20,20,20,20,20,20,20,19,20,20,20,1,19,19,20,20,20,20,20,20,15,20,15,1,1,15,20,15,20,20,20,20,20,20,20,20,20,20,15,20,20,20,1,20,20,1,14,14,1,-1,-1
19,19,19,19,19,19,19,19,19,19,19,20,20,20,1,20,20,20,20,20,20,20,20,20,20,1,1,1,1,13,13,1,15,15,15,1,20,20,20,20,20,20,20,19,20,20,1,19,19,20,20,20,20,20,20,15,20,20,15,1,15,20,15,20,20,20,20,20,20,20,20,20,20,15,20,20,20,1,20,1,1,14,14,1,-1,-1
19,19,19,19,19,19,20,20,20,20,20,19,19,20,20,1,20,20,20,20,20,20,20,20,20,20,20,20,1,13,13,1,15,15,15,15,1,20,20,20,20,20,20,20,20,20,20,1,19,20,20,20,20,20,20,20,20,20,15,1,15,20,20,15,20,20,20,20,20,20,20,20,20,15,20,20,20,20,20,1,1,14,14,1,-1,-1
19,19,19,19,19,19,20,20,20,20,20,20,20,19,20,20,1,20,20,20,20,20,20,20,20,20,20,20,20,1,13,13,1,15,15,15,1,15,15,20,20,20,20,20,20,20,20,20,20,19,20,20,20,20,20,20,20,20,20,15,1,15,20,15,20,20,20,19,20,19,20,20,20,15,20,20,20,20,20,1,1,14,1,-1,-1,-1
1,1,1,1,1,19,19,19,19,20,20,20,20,20,20,20,20,20,20,20,20,20,20,20,20,20,20,20,1,1,1,1,1,1,15,15,15,1,15,15,15,20,20,20,20,20,20,20,20,20,20,20,20,19,20,20,20,20,20,15,1,15,20,15,20,20,19,19,20,19,19,20,20,15,20,20,20,20,20,1,1,14,1,-1,-1,-1
-1,-1,-1,-1,-1,1,1,1,1,20,20,20,20,20,20,20,20,20,20,20,20,20,20,20,1,1,1,1,20,20,20,20,20,20,1,1,1,1,1,15,15,15,20,20,20,20,20,20,20,20,20,20,20,20,19,20,20,20,20,15,1,15,20,20,20,19,19,19,20,19,19,19,1,20,20,20,20,20,20,1,1,14,1,-1,-1,-1
-1,-1,-1,-1,-1,-1,-1,-1,-1,1,20,20,20,20,20,20,20,20,20,20,20,20,20,20,20,20,20,20,1,1,1,20,20,20,20,20,20,19,19,1,1,15,15,15,20,19,20,20,19,20,20,19,20,20,19,19,20,20,20,15,1,15,20,20,19,19,20,20,20,20,19,19,1,20,20,20,20,20,1,1,1,14,1,-1,-1,-1
-1,-1,-1,-1,-1,-1,-1,-1,-1,-1,1,1,1,20,20,20,20,20,20,20,20,20,20,20,20,20,20,20,20,20,1,1,1,1,20,20,20,19,19,19,19,1,1,15,15,20,19,20,19,19,20,20,19,19,19,19,19,20,20,20,15,20,20,20,19,20,20,20,20,20,20,19,1,20,20,20,20,20,1,1,15,1,-1,-1,-1,-1
-1,-1,-1,-1,-1,-1,-1,-1,-1,-1,-1,1,20,1,20,20,20,20,20,20,20,20,20,20,20,20,20,20,20,20,1,13,13,13,1,1,20,19,19,19,20,20,20,1,15,15,19,19,19,19,20,20,20,19,19,20,19,19,20,20,15,20,20,19,20,20,20,20,20,20,20,19,1,20,20,20,20,1,-1,1,15,1,-1,-1,-1,-1
-1,-1,-1,-1,-1,-1,-1,-1,-1,-1,-1,-1,1,20,1,20,20,20,20,20,20,20,20,20,20,20,1,1,1,20,20,1,13,13,13,1,1,1,1,1,19,19,20,20,1,15,20,19,19,20,19,20,20,20,19,20,20,19,20,20,15,20,20,19,20,20,20,20,20,20,15,1,20,20,20,20,20,1,-1,1,15,1,-1,-1,-1,-1
-1,-1,-1,-1,-1,-1,-1,-1,-1,-1,-1,-1,1,20,20,1,20,20,20,20,20,20,20,20,20,1,14,14,1,20,20,1,13,13,13,17,1,20,20,1,1,1,19,19,20,20,15,20,19,20,20,19,20,20,20,20,20,20,19,20,20,20,20,20,20,20,20,20,20,20,15,1,20,20,20,20,1,-1,1,15,1,-1,-1,-1,-1,-1
-1,-1,-1,-1,-1,-1,-1,-1,-1,-1,-1,-1,-1,1,20,20,1,20,20,20,20,20,20,20,1,14,14,14,1,20,20,20,1,13,17,17,17,1,20,1,15,15,1,1,19,20,20,20,20,19,20,20,20,15,20,20,20,20,20,20,20,15,20,20,20,20,20,20,20,15,1,20,20,20,20,20,1,-1,1,15,1,-1,-1,-1,-1,-1
-1,-1,-1,-1,-1,-1,-1,-1,-1,-1,-1,-1,-1,-1,1,20,20,20,20,20,20,20,20,20,1,14,14,14,1,20,20,20,20,1,17,17,17,11,1,20,20,20,15,15,1,20,20,20,20,20,20,20,20,20,15,20,20,20,20,20,20,15,20,20,20,20,20,20,20,15,1,20,20,20,15,1,-1,-1,1,15,1,-1,-1,-1,-1,-1
-1,-1,-1,-1,-1,-1,-1,-1,-1,-1,-1,-1,-1,-1,1,20,20,20,20,20,20,20,20,20,1,14,14,14,1,20,20,20,20,20,1,17,11,11,11,1,1,20,20,15,15,1,20,20,20,20,20,20,20,20,20,15,15,20,20,20,15,15,20,20,20,20,20,20,15,1,20,20,15,15,1,-1,-1,1,15,1,-1,-1,-1,-1,-1,-1
-1,-1,-1,-1,-1,-1,-1,-1,-1,-1,-1,-1,-1,-1,-1,1,20,20,20,20,20,20,20,20,20,1,14,14,1,20,20,20,20,20,20,1,11,11,11,17,17,1,20,20,20,15,1,15,15,20,20,20,20,20,20,20,15,15,20,15,15,15,15,20,20,20,20,15,15,1,20,15,15,1,-1,-1,1,15,20,1,-1,-1,-1,-1,-1,-1
-1,-1,-1,-1,-1,-1,-1,-1,-1,-1,-1,-1,-1,-1,-1,1,20,20,20,20,20,20,20,20,20,1,14,14,14,1,20,20,20,20,20,20,1,1,11,11,17,17,1,20,20,20,15,1,1,15,15,15,20,20,20,20,20,15,15,15,15,15,15,20,20,20,15,15,1,20,15,15,1,-1,-1,1,15,20,1,-1,-1,-1,-1,-1,-1,-1
-1,-1,-1,-1,-1,-1,-1,-1,-1,-1,-1,-1,-1,-1,-1,-1,1,20,20,20,20,20,20,20,20,20,1,14,14,1,20,20,20,20,20,20,20,20,1,1,11,17,17,1,20,20,20,15,15,1,1,15,15,15,20,20,20,20,15,15,15,15,15,15,15,15,15,1,15,15,15,1,1,1,1,15,15,20,1,-1,-1,-1,-1,-1,-1,-1
-1,-1,-1,-1,-1,-1,-1,-1,-1,-1,-1,-1,-1,-1,-1,-1,1,20,20,20,20,20,20,20,20,20,20,1,14,1,20,20,20,20,20,20,20,20,20,20,1,1,17,17,1,20,20,20,20,15,15,1,1,1,15,15,15,15,15,15,15,15,15,15,15,15,1,15,15,1,1,15,15,15,15,15,20,1,-1,-1,-1,-1,-1,-1,-1,-1
-1,-1,-1,-1,-1,-1,-1,-1,-1,-1,-1,-1,-1,-1,-1,-1,-1,1,15,20,20,20,20,20,20,20,20,20,1,15,1,1,20,20,20,20,20,20,20,20,20,20,1,1,17,1,1,20,20,20,20,15,15,15,1,1,1,15,15,15,15,15,15,15,1,1,15,1,1,15,15,15,15,15,15,20,20,1,-1,-1,-1,-1,-1,-1,-1,-1
-1,-1,-1,-1,-1,-1,-1,-1,-1,-1,-1,-1,-1,-1,-1,-1,-1,-1,1,15,20,20,20,20,20,20,20,20,20,1,15,15,1,1,20,20,20,20,20,20,20,20,20,20,1,1,1,1,1,20,20,20,20,20,15,15,15,1,1,1,1,1,1,1,1,1,1,1,15,15,15,15,15,15,20,20,1,-1,-1,-1,-1,-1,-1,-1,-1,-1
-1,-1,-1,-1,-1,-1,-1,-1,-1,-1,-1,-1,-1,-1,-1,-1,-1,-1,1,15,15,20,20,20,20,20,20,20,20,20,1,15,15,15,1,1,20,20,20,20,20,20,20,20,20,20,20,20,20,20,20,20,20,20,20,20,15,15,15,15,15,1,1,15,15,15,1,1,15,15,15,15,20,20,1,1,-1,-1,-1,-1,-1,-1,-1,-1,-1,-1
-1,-1,-1,-1,-1,-1,-1,-1,-1,-1,-1,-1,-1,-1,-1,-1,-1,-1,-1,1,15,15,15,20,20,20,20,20,20,20,20,1,15,15,15,15,1,1,20,20,20,20,20,20,20,20,20,20,20,20,20,15,15,15,15,15,15,1,1,1,1,15,15,15,15,1,15,15,1,1,20,20,1,1,-1,-1,-1,-1,-1,-1,-1,-1,-1,-1,-1,-1
-1,-1,-1,-1,-1,-1,-1,-1,-1,-1,-1,-1,-1,-1,-1,-1,-1,-1,-1,-1,1,15,15,15,15,20,20,20,20,20,20,20,1,15,15,15,15,15,1,1,1,1,1,1,1,1,1,1,1,1,1,1,1,1,1,1,1,15,15,15,15,20,20,15,1,20,15,15,1,-1,1,1,-1,-1,-1,-1,-1,-1,-1,-1,-1,-1,-1,-1,-1,-1
-1,-1,-1,-1,-1,-1,-1,-1,-1,-1,-1,-1,-1,-1,-1,-1,-1,-1,-1,-1,-1,1,15,15,15,15,15,15,15,15,20,20,20,1,1,15,15,15,15,15,15,15,15,15,15,15,15,15,15,15,15,15,15,15,15,15,15,20,20,20,20,15,15,1,20,20,20,15,15,1,-1,-1,-1,-1,-1,-1,-1,-1,-1,-1,-1,-1,-1,-1,-1,-1
-1,-1,-1,-1,-1,-1,-1,-1,-1,-1,-1,-1,-1,-1,-1,-1,-1,-1,-1,-1,-1,-1,1,15,15,15,15,15,15,15,15,15,15,15,15,1,1,15,15,15,15,15,15,15,15,15,15,15,15,15,15,20,20,20,20,20,20,20,20,15,15,1,1,20,20,20,20,15,15,1,-1,-1,-1,-1,-1,-1,-1,-1,-1,-1,-1,-1,-1,-1,-1,-1
0.145098,0.1843137,0.2627451
0.01176471,0.003921569,0.007843138
0.1254902,0.4980392,0.4196079
0.07450981,0.3372549,0.3058824
0.2666667,0.2509804,0.254902
0.6156863,0.572549,0.5568628
0.254902,0.2745098,0.2588235
0.9176471,0.7137255,0.6588235
1,0.9647059,0.9254903
0.3803922,0.3607843,0.3490196
0.3529412,0.3960785,0.372549
0.9529412,0.8313726,0.6156863
0.2941177,0.9882354,0.9254903
0.5960785,0.5176471,0.3921569
0.6862745,0.9019608,0.7607844
0.4509804,0.4588236,0.4509804
0.3254902,0.7137255,0.6156863
0.7411765,0.6431373,0.5019608
0.3921569,0.3294118,0.2235294
1,1,0.9843138
0.7098039,0.7333333,0.7176471
0.4431373,0.2078432,0.2039216
0.8235295,0.454902,0.254902
