73,75,
-1,-1,-1,-1,-1,-1,-1,-1,-1,-1,-1,-1,-1,-1,-1,-1,-1,-1,-1,-1,-1,-1,-1,-1,-1,-1,-1,-1,-1,-1,-1,-1,-1,-1,-1,-1,-1,-1,-1,-1,-1,-1,-1,-1,-1,-1,-1,-1,-1,-1,-1,-1,-1,-1,-1,0,0,0,-1,-1,-1,-1,-1,-1,-1,-1,-1,-1,-1,-1,-1,-1,-1
-1,-1,-1,-1,-1,-1,-1,-1,-1,-1,-1,-1,-1,-1,-1,-1,-1,-1,-1,-1,-1,-1,-1,-1,-1,-1,-1,-1,-1,-1,-1,-1,-1,-1,-1,-1,-1,-1,-1,-1,-1,-1,-1,-1,-1,-1,-1,-1,-1,-1,-1,-1,-1,-1,0,0,1,0,-1,-1,0,0,0,-1,-1,-1,-1,-1,-1,-1,-1,-1,-1
-1,-1,-1,-1,-1,-1,-1,-1,-1,-1,-1,-1,-1,0,0,-1,-1,-1,-1,0,0,-1,-1,-1,-1,-1,-1,-1,-1,-1,-1,-1,-1,-1,-1,-1,-1,-1,-1,-1,-1,-1,-1,-1,-1,-1,-1,-1,-1,-1,-1,-1,-1,-1,0,1,1,0,0,0,0,1,0,-1,-1,-1,-1,-1,-1,-1,-1,-1,-1
-1,-1,-1,-1,-1,-1,-1,-1,-1,-1,-1,-1,-1,0,0,0,-1,-1,0,0,0,0,-1,-1,-1,-1,-1,-1,-1,-1,-1,-1,-1,-1,-1,-1,-1,-1,-1,-1,-1,-1,-1,-1,-1,-1,-1,-1,-1,-1,-1,-1,-1,-1,0,1,1,1,0,0,1,1,0,-1,-1,-1,-1,-1,-1,-1,-1,-1,-1
-1,-1,-1,-1,-1,-1,-1,-1,-1,-1,-1,-1,0,0,1,0,0,0,0,1,1,0,-1,-1,-1,-1,-1,-1,-1,-1,-1,-1,-1,-1,-1,-1,-1,-1,-1,-1,-1,-1,-1,-1,-1,-1,-1,-1,-1,-1,-1,-1,-1,-1,0,0,1,1,0,1,1,1,0,-1,-1,-1,-1,-1,-1,-1,-1,-1,-1
-1,-1,-1,-1,-1,-1,-1,-1,-1,-1,-1,-1,0,1,1,1,0,0,1,1,1,0,-1,-1,-1,-1,-1,-1,-1,-1,-1,-1,-1,-1,-1,-1,-1,-1,-1,-1,-1,-1,-1,-1,-1,-1,-1,-1,-1,-1,-1,-1,-1,-1,-1,0,0,1,1,1,1,0,-1,-1,-1,-1,-1,-1,-1,-1,-1,-1,-1
-1,-1,-1,-1,-1,-1,-1,-1,-1,-1,-1,-1,0,1,1,1,0,0,1,1,1,0,-1,-1,-1,-1,-1,-1,-1,-1,-1,-1,-1,-1,-1,-1,-1,-1,-1,-1,-1,-1,-1,-1,-1,-1,-1,-1,-1,-1,-1,-1,-1,-1,-1,-1,0,0,1,0,0,0,-1,-1,-1,-1,-1,-1,-1,-1,-1,-1,-1
-1,-1,-1,-1,-1,-1,-1,-1,-1,-1,-1,-1,0,1,1,1,1,1,1,1,1,0,-1,-1,-1,-1,-1,-1,-1,-1,-1,-1,-1,-1,-1,-1,-1,-1,-1,-1,-1,-1,-1,-1,-1,-1,-1,-1,-1,-1,-1,-1,-1,-1,-1,0,0,1,1,0,0,-1,-1,-1,-1,-1,-1,-1,-1,-1,-1,-1,-1
-1,-1,-1,-1,-1,-1,-1,-1,-1,-1,-1,-1,0,1,1,1,1,1,1,1,0,0,-1,-1,-1,-1,-1,-1,-1,-1,-1,-1,-1,-1,-1,-1,-1,-1,-1,-1,-1,-1,-1,-1,-1,-1,-1,-1,-1,-1,-1,-1,-1,-1,0,0,1,1,1,1,0,-1,-1,-1,-1,-1,-1,-1,-1,-1,-1,-1,-1
-1,-1,-1,-1,-1,-1,-1,-1,-1,-1,-1,-1,-1,0,0,1,1,1,1,0,0,-1,-1,-1,-1,-1,-1,-1,-1,-1,-1,-1,-1,-1,-1,-1,-1,-1,-1,-1,-1,-1,-1,-1,-1,-1,-1,-1,-1,-1,-1,-1,-1,-1,0,0,1,1,1,1,0,-1,-1,-1,-1,-1,-1,-1,-1,-1,-1,-1,-1
-1,-1,-1,-1,-1,-1,-1,-1,-1,-1,-1,-1,-1,-1,0,0,1,1,0,0,-1,-1,-1,-1,-1,-1,-1,-1,-1,-1,-1,-1,-1,-1,-1,-1,0,0,0,0,0,0,0,0,0,0,0,-1,-1,-1,-1,-1,-1,-1,-1,0,1,0,1,0,0,-1,-1,-1,-1,-1,-1,-1,-1,-1,-1,-1,-1
-1,-1,-1,-1,-1,-1,-1,-1,-1,-1,-1,-1,-1,-1,0,0,1,1,1,0,-1,-1,-1,-1,-1,-1,-1,-1,-1,-1,-1,-1,0,0,0,0,0,2,3,3,3,3,3,3,3,3,0,0,0,-1,-1,-1,-1,-1,-1,0,0,0,0,0,-1,-1,-1,-1,-1,-1,-1,-1,-1,-1,-1,-1,-1
-1,-1,-1,-1,-1,-1,-1,-1,-1,-1,-1,-1,-1,0,0,1,1,1,1,0,0,-1,-1,-1,-1,-1,-1,-1,-1,-1,0,0,0,2,2,2,2,2,2,2,2,2,2,2,3,3,3,3,3,0,0,-1,-1,-1,0,0,0,4,0,0,-1,-1,-1,-1,-1,-1,-1,-1,-1,-1,-1,-1,-1
-1,-1,-1,-1,-1,-1,-1,-1,-1,-1,-1,-1,-1,0,1,1,0,0,1,1,0,-1,-1,-1,-1,-1,-1,-1,-1,0,0,2,2,2,2,2,2,2,2,2,2,2,2,2,2,2,3,3,3,3,0,0,-1,-1,0,4,4,4,4,0,-1,-1,-1,-1,-1,-1,-1,-1,-1,-1,-1,-1,-1
-1,-1,-1,-1,-1,-1,-1,-1,-1,-1,-1,-1,-1,0,1,1,0,0,0,1,0,-1,-1,-1,-1,-1,-1,0,0,0,2,2,2,2,2,2,2,2,2,2,2,2,2,2,2,2,2,2,3,3,3,0,0,-1,0,4,4,4,4,0,0,-1,-1,-1,-1,-1,-1,-1,-1,-1,-1,-1,-1
-1,-1,-1,-1,-1,-1,-1,-1,-1,-1,-1,-1,-1,0,0,1,0,4,0,0,0,-1,-1,-1,-1,0,0,0,2,2,2,2,2,2,2,2,2,2,2,2,2,2,2,2,2,2,2,2,5,5,5,5,0,0,0,4,4,4,4,4,0,-1,-1,-1,-1,-1,-1,-1,-1,-1,-1,-1,-1
-1,-1,-1,-1,-1,-1,-1,-1,-1,-1,-1,-1,-1,-1,0,0,0,4,0,0,-1,-1,-1,-1,0,0,2,2,2,2,2,2,2,2,2,2,2,2,2,2,2,2,2,2,2,2,2,5,5,5,5,5,5,0,0,4,4,4,4,4,0,0,-1,-1,-1,-1,-1,-1,-1,-1,-1,-1,-1
-1,-1,-1,-1,-1,-1,-1,-1,-1,-1,-1,-1,-1,-1,0,0,4,4,4,0,0,-1,-1,-1,0,2,2,2,2,2,2,2,2,2,0,0,0,2,2,2,2,2,2,2,2,2,5,5,5,5,5,5,5,3,0,0,4,6,4,4,4,0,-1,-1,-1,-1,-1,-1,-1,-1,-1,-1,-1
-1,-1,-1,-1,-1,-1,-1,-1,-1,-1,-1,-1,-1,-1,0,4,4,4,4,4,0,-1,-1,0,0,2,5,5,5,5,2,2,2,0,0,7,0,0,2,2,2,2,2,2,2,2,5,5,5,5,5,5,5,5,3,0,4,6,6,4,4,0,-1,-1,-1,-1,-1,-1,-1,-1,-1,-1,-1
-1,-1,-1,-1,-1,-1,-1,-1,-1,-1,-1,-1,-1,-1,0,4,4,4,4,4,0,0,0,0,2,5,5,5,5,5,5,2,2,0,7,7,7,0,0,2,2,2,2,2,2,2,5,5,5,5,5,5,5,5,3,0,4,6,6,4,4,0,-1,-1,-1,-1,-1,-1,-1,-1,-1,-1,-1
-1,-1,-1,-1,-1,-1,-1,-1,-1,-1,-1,-1,-1,0,0,4,4,6,4,4,4,0,0,2,5,5,5,5,5,5,5,5,2,0,7,7,7,7,0,0,2,2,2,2,2,2,5,5,5,5,5,5,5,5,3,0,4,6,6,6,4,0,-1,-1,-1,-1,-1,-1,-1,-1,-1,-1,-1
-1,-1,-1,-1,-1,-1,-1,-1,-1,-1,-1,-1,-1,0,4,4,6,6,6,4,4,0,0,5,5,5,5,5,5,5,5,5,2,0,7,7,7,7,7,0,0,0,2,2,2,2,2,5,0,0,5,5,5,2,3,3,0,4,6,6,4,0,-1,-1,-1,-1,-1,-1,-1,-1,-1,-1,-1
-1,-1,-1,-1,-1,-1,-1,-1,-1,-1,-1,-1,-1,0,4,4,6,6,6,6,4,4,0,5,5,5,5,5,5,5,5,5,2,0,7,0,0,0,0,0,2,0,0,2,2,2,2,0,0,0,0,5,2,2,3,3,0,4,6,6,4,0,-1,-1,-1,-1,-1,-1,-1,-1,-1,-1,-1
-1,-1,-1,-1,0,0,0,0,0,0,0,0,0,0,4,6,6,6,6,6,6,4,0,5,5,5,5,5,5,5,5,5,0,0,0,0,2,2,2,2,2,2,2,2,2,2,0,0,0,0,0,0,2,2,3,3,0,4,6,6,0,0,-1,-1,-1,-1,-1,-1,-1,-1,-1,-1,-1
-1,-1,-1,-1,-1,0,0,0,6,6,6,6,0,0,6,6,6,6,6,6,6,4,0,0,5,5,5,5,0,0,5,5,0,2,2,2,2,2,2,2,2,2,2,2,2,2,0,0,0,0,0,0,2,2,2,3,0,4,6,6,0,-1,-1,-1,-1,-1,-1,-1,-1,-1,-1,-1,-1
-1,-1,-1,-1,-1,-1,-1,0,0,6,6,6,6,6,6,6,6,6,6,6,6,4,4,0,5,5,5,0,0,0,0,2,2,2,2,2,2,2,2,2,2,2,2,2,2,2,2,0,0,0,0,2,2,2,2,3,0,4,0,0,0,0,0,0,0,0,0,-1,-1,-1,-1,-1,-1
-1,-1,-1,-1,-1,-1,-1,-1,0,0,6,6,6,6,6,6,6,6,6,6,6,6,4,0,2,5,0,0,0,0,0,0,2,2,2,0,0,0,0,0,0,0,3,3,2,2,2,2,0,0,2,2,2,2,3,3,0,0,0,6,6,6,6,6,6,6,0,0,0,0,-1,-1,-1
-1,-1,-1,-1,-1,-1,-1,0,0,0,0,6,6,6,6,6,6,6,6,6,6,6,4,0,2,2,0,0,0,0,0,0,2,2,2,2,0,0,0,6,6,0,0,0,3,3,2,2,2,2,2,2,2,2,3,0,0,0,6,6,6,6,6,6,6,6,6,6,6,0,0,0,-1
-1,-1,-1,-1,-1,0,0,0,8,8,0,6,6,6,6,6,6,6,6,6,6,6,4,4,0,2,2,0,0,0,0,2,2,2,2,2,2,2,0,0,0,6,6,0,0,3,3,2,2,2,2,2,2,3,0,0,6,6,6,6,6,6,6,6,6,6,6,6,6,6,0,0,0
-1,-1,-1,0,0,0,8,8,8,8,0,0,6,6,6,6,6,6,6,6,6,6,6,4,0,2,2,2,0,0,2,2,2,2,2,2,2,2,2,2,0,0,6,6,0,0,0,3,3,2,2,2,3,0,0,6,6,6,6,6,6,6,6,6,6,6,6,6,0,0,-1,-1,-1
-1,-1,0,0,8,8,8,8,8,8,8,0,0,6,6,6,6,6,6,6,6,6,6,6,0,3,3,3,3,3,3,2,2,2,2,2,2,2,2,2,2,0,6,6,6,6,0,0,3,3,2,2,0,0,6,6,6,6,6,6,6,6,6,6,6,6,0,0,-1,-1,-1,-1,-1
-1,0,0,8,8,8,8,8,8,8,8,8,0,6,6,6,6,6,6,6,6,6,6,6,0,0,0,0,0,0,0,3,3,3,3,2,2,2,2,2,2,2,0,6,6,6,6,0,0,3,2,3,0,6,6,6,6,6,6,6,6,6,6,6,6,0,0,-1,-1,-1,-1,-1,-1
-1,0,8,8,8,8,8,8,8,8,8,8,0,6,6,6,6,6,6,6,6,6,6,6,6,6,6,6,6,6,0,0,0,0,0,0,3,3,3,2,2,2,0,0,6,6,6,6,0,3,3,0,0,6,6,6,6,6,6,6,6,6,6,6,0,0,-1,-1,-1,-1,-1,-1,-1
-1,0,8,8,8,8,8,8,8,8,8,8,0,6,6,6,6,6,6,6,6,6,6,6,6,6,6,6,6,6,6,6,6,6,6,0,0,0,3,3,3,2,2,0,6,6,6,6,0,0,3,0,6,6,6,6,6,6,6,6,6,6,6,6,0,-1,-1,-1,0,0,0,0,0
-1,0,8,8,8,8,8,8,8,8,0,0,0,0,6,6,6,6,6,6,6,6,6,6,6,6,6,6,6,6,6,6,6,6,6,6,6,0,0,0,0,3,3,0,0,6,6,6,6,0,0,0,6,6,6,6,6,6,6,6,6,6,6,0,0,-1,0,0,0,9,9,9,0
-1,0,8,8,8,8,8,8,8,0,0,6,6,6,6,6,6,6,6,6,6,6,6,6,6,6,6,6,6,6,6,6,6,4,4,6,6,6,6,6,0,0,0,3,0,0,6,6,6,6,0,0,6,6,6,6,6,6,6,6,6,6,6,0,0,0,0,9,9,9,9,9,0
0,0,8,8,8,8,8,8,0,0,6,6,6,6,6,6,6,6,6,6,6,6,6,6,6,6,4,4,6,6,6,6,4,4,4,4,6,6,6,6,6,6,0,0,0,0,6,6,6,6,6,0,6,6,6,6,6,6,6,6,6,6,6,0,0,9,9,10,10,10,9,9,0
0,8,8,8,8,8,8,8,0,6,6,6,6,6,6,6,6,6,6,6,6,6,6,6,6,4,4,4,4,6,6,4,4,4,4,4,4,6,6,6,6,6,6,6,0,0,0,6,6,6,6,6,6,6,6,6,6,6,6,6,6,6,6,0,9,9,10,10,10,10,9,0,0
0,8,8,8,8,8,8,0,0,0,0,0,0,6,6,6,6,6,6,6,6,6,6,6,4,4,4,4,4,4,6,4,4,4,4,4,4,6,6,6,6,6,6,6,6,6,0,6,6,6,6,6,6,6,6,6,6,6,6,6,6,6,0,0,10,10,10,10,10,9,9,0,-1
0,8,8,8,8,8,8,8,8,8,8,8,0,0,0,0,0,0,6,6,6,6,6,4,4,4,4,4,4,4,4,4,4,4,4,4,4,6,6,6,6,6,6,6,6,6,6,6,6,6,6,6,6,6,6,6,6,6,6,6,6,6,0,10,10,10,10,10,9,9,0,0,-1
0,8,8,8,8,8,8,8,8,8,8,8,8,8,8,8,8,0,0,0,6,6,6,4,4,4,4,4,4,4,4,6,4,4,4,4,6,6,6,6,6,6,6,6,6,6,6,6,6,6,6,6,6,6,6,6,6,6,6,6,6,0,0,10,10,10,10,10,0,0,0,-1,-1
0,0,8,8,8,8,8,8,8,8,8,8,8,8,8,8,8,8,8,0,0,0,6,6,4,4,4,4,4,4,6,6,6,4,4,6,6,6,6,6,6,6,6,6,6,6,6,6,6,6,6,6,6,6,6,6,6,6,6,6,6,0,9,10,10,10,10,9,0,-1,-1,-1,-1
-1,0,11,11,11,11,11,11,11,8,8,8,8,8,8,8,8,8,8,8,8,0,0,0,6,4,4,4,4,6,6,6,6,6,6,6,6,6,6,6,6,6,6,6,6,6,6,6,6,6,6,6,6,6,6,6,6,6,6,6,0,9,9,10,10,10,10,10,0,0,-1,-1,-1
-1,-1,0,12,12,12,12,12,11,11,8,8,8,8,8,8,8,8,8,8,8,8,8,0,0,6,4,4,6,6,6,6,6,6,6,6,6,6,6,6,6,6,6,6,6,6,6,6,6,6,6,6,6,6,6,6,6,6,6,0,0,9,10,10,10,10,10,10,9,9,0,-1,-1
-1,-1,0,0,13,13,13,12,12,11,11,8,8,8,8,8,8,8,8,8,8,8,8,8,0,0,6,6,6,6,6,6,6,6,6,6,6,6,6,6,6,6,6,6,6,6,6,6,6,6,6,6,6,6,6,6,6,6,0,0,9,9,10,10,10,9,0,10,10,9,0,0,-1
-1,-1,-1,0,0,13,13,13,13,12,12,11,11,11,8,8,8,8,8,8,8,8,8,8,8,0,0,0,6,6,6,6,6,6,6,6,6,6,6,6,6,6,6,6,6,6,6,6,6,6,6,6,6,6,6,6,6,6,0,0,9,9,10,10,10,9,0,9,10,10,9,0,-1
-1,-1,-1,-1,0,0,13,13,13,13,13,12,12,11,11,8,8,8,8,8,8,8,8,8,8,8,8,0,0,0,6,6,6,6,6,6,6,6,6,6,6,6,6,6,6,6,6,6,6,6,6,6,6,6,6,6,6,0,0,9,9,9,10,10,9,9,0,0,9,10,10,0,-1
-1,-1,-1,-1,-1,0,0,13,13,13,13,13,13,12,11,11,8,8,8,8,8,8,8,8,8,11,11,11,11,0,0,0,6,6,6,6,6,6,6,6,6,6,6,6,6,6,6,6,6,6,6,6,6,6,6,6,0,0,0,9,9,9,10,10,9,0,0,0,0,9,9,0,0
-1,-1,-1,-1,-1,-1,0,0,13,13,13,13,13,13,12,11,11,8,8,8,8,8,8,11,11,11,12,12,12,12,12,0,0,0,6,6,6,6,6,6,6,6,6,6,6,6,6,6,6,6,6,6,6,6,6,0,0,12,0,9,9,9,10,10,9,0,-1,-1,0,0,0,0,0
-1,-1,-1,-1,-1,-1,-1,0,0,11,11,11,13,13,13,12,11,11,8,8,8,8,11,11,12,12,13,13,13,13,12,12,12,0,0,0,0,6,6,6,6,6,6,6,6,6,6,6,6,6,6,6,6,0,0,0,12,12,0,0,9,9,9,9,9,0,0,-1,-1,-1,-1,-1,-1
-1,-1,-1,-1,-1,-1,-1,-1,0,0,13,11,11,11,11,13,12,12,11,11,11,11,11,12,13,13,13,13,13,13,13,12,12,12,12,12,0,0,0,0,6,6,6,6,6,6,6,6,6,6,6,0,0,0,12,12,12,12,12,0,9,9,9,9,0,0,0,0,-1,-1,-1,-1,-1
-1,-1,-1,-1,-1,-1,-1,-1,-1,0,0,13,13,13,11,11,11,12,12,12,12,12,13,13,13,13,13,13,13,13,13,13,13,12,12,12,12,12,12,0,0,0,0,0,0,0,0,0,0,0,0,0,12,12,12,12,12,12,12,0,9,9,9,9,0,12,12,0,-1,-1,-1,-1,-1
-1,-1,-1,-1,-1,-1,-1,-1,-1,-1,0,0,11,13,13,13,13,11,11,11,13,13,13,13,13,13,13,13,13,13,13,13,13,13,12,12,12,12,12,12,12,12,12,12,12,12,12,12,12,12,12,12,12,12,12,12,12,12,12,0,9,9,9,0,0,12,12,0,0,-1,-1,-1,-1
-1,-1,-1,-1,-1,-1,-1,-1,-1,-1,-1,0,11,11,11,11,11,13,13,13,11,11,11,13,13,13,13,13,13,13,13,13,13,13,13,12,12,12,12,12,12,12,12,12,12,12,12,12,12,12,12,12,12,12,12,12,12,12,12,0,0,0,0,0,12,12,12,12,0,-1,-1,-1,-1
-1,-1,-1,-1,-1,-1,-1,-1,-1,-1,-1,0,0,13,13,13,11,11,11,13,13,13,11,11,13,13,13,13,13,13,13,13,13,13,13,13,12,12,12,12,12,12,12,12,12,12,12,12,12,12,12,12,12,12,12,12,12,12,12,12,12,12,0,0,12,12,12,12,0,-1,-1,-1,-1
-1,-1,-1,-1,-1,-1,-1,-1,-1,-1,-1,-1,0,0,13,13,13,13,11,11,11,13,13,13,11,11,13,13,13,13,13,13,13,13,13,13,13,13,12,12,12,12,12,12,12,12,12,12,12,12,12,12,12,12,12,12,12,12,12,12,12,12,0,12,12,12,12,12,12,0,-1,-1,-1
-1,-1,-1,-1,-1,-1,-1,-1,-1,-1,-1,-1,-1,0,0,13,13,13,13,13,11,11,11,13,13,11,11,11,13,13,13,13,13,13,13,13,13,13,13,12,12,12,12,12,12,12,12,12,12,12,12,12,12,12,12,12,12,12,12,12,12,0,0,12,12,12,12,12,12,0,-1,-1,-1
-1,-1,-1,-1,-1,-1,-1,-1,-1,-1,-1,-1,-1,-1,0,0,13,13,13,13,13,13,13,11,11,13,13,11,11,11,13,13,13,13,13,13,13,13,13,13,12,12,12,12,12,12,12,12,12,12,12,12,12,12,12,12,12,12,12,12,0,0,0,12,12,12,12,12,0,0,-1,-1,-1
-1,-1,-1,-1,-1,-1,-1,-1,-1,-1,-1,-1,-1,-1,-1,0,0,13,13,13,13,13,13,13,11,11,11,13,13,11,11,11,13,13,13,13,13,13,13,13,13,13,12,12,12,12,12,12,12,12,12,12,12,12,12,12,12,12,12,0,0,13,0,12,12,12,12,12,0,-1,-1,-1,-1
-1,-1,-1,-1,-1,-1,-1,-1,-1,-1,-1,-1,-1,-1,-1,-1,0,0,13,13,13,13,13,13,13,13,11,11,11,13,13,13,11,11,11,13,13,13,13,13,13,13,13,12,12,12,12,12,12,12,12,12,12,12,12,12,12,12,12,0,13,13,0,0,12,12,12,12,0,-1,-1,-1,-1
-1,-1,-1,-1,-1,-1,-1,-1,-1,-1,-1,-1,-1,-1,-1,-1,-1,0,0,13,13,13,13,13,13,13,13,13,11,11,13,13,13,13,11,11,11,13,13,13,13,13,13,13,13,12,12,12,12,12,12,12,12,12,12,12,12,0,0,13,13,13,13,0,12,12,12,12,0,-1,-1,-1,-1
-1,-1,-1,-1,-1,-1,-1,-1,-1,-1,-1,-1,-1,-1,-1,-1,-1,-1,0,0,13,13,13,13,13,13,13,13,13,11,11,11,13,13,13,13,11,11,11,13,13,13,13,13,13,13,13,13,12,12,12,12,12,12,12,12,0,0,13,13,13,13,0,0,12,12,12,12,0,-1,-1,-1,-1
-1,-1,-1,-1,-1,-1,-1,-1,-1,-1,-1,-1,-1,-1,-1,-1,-1,-1,-1,0,0,13,13,13,13,13,13,13,13,13,13,11,11,11,13,13,13,13,11,11,11,13,13,13,13,13,13,13,13,13,14,14,12,12,0,0,0,13,13,13,13,13,0,0,0,12,12,0,0,-1,-1,-1,-1
-1,-1,-1,-1,-1,-1,-1,-1,-1,-1,-1,-1,-1,-1,-1,-1,-1,-1,-1,-1,0,0,0,13,13,13,13,13,13,13,13,13,13,11,11,11,13,13,13,13,11,11,11,13,13,13,13,13,13,13,13,13,13,0,0,13,13,13,13,13,13,13,0,-1,0,12,12,0,-1,-1,-1,-1,-1
-1,-1,-1,-1,-1,-1,-1,-1,-1,-1,-1,-1,-1,-1,-1,-1,-1,-1,-1,-1,-1,-1,0,0,13,13,13,13,13,13,13,13,13,13,13,11,11,11,13,13,13,13,11,11,11,11,13,13,13,13,13,0,0,0,13,13,13,13,13,13,13,0,-1,-1,0,0,12,0,-1,-1,-1,-1,-1
-1,-1,-1,-1,-1,-1,-1,-1,-1,-1,-1,-1,-1,-1,-1,-1,-1,-1,-1,-1,-1,-1,-1,0,0,0,13,13,13,13,13,13,13,13,13,13,13,11,11,11,11,13,13,13,13,11,11,11,11,0,0,0,-1,0,13,13,13,13,13,13,0,0,-1,-1,-1,0,12,0,-1,-1,-1,-1,-1
-1,-1,-1,-1,-1,-1,-1,-1,-1,-1,-1,-1,-1,-1,-1,-1,-1,-1,-1,-1,-1,-1,-1,-1,-1,0,0,13,13,13,13,13,13,13,13,13,13,13,13,13,11,11,11,11,13,13,13,0,0,0,-1,-1,0,0,13,13,13,13,0,0,0,-1,-1,-1,-1,0,0,0,-1,-1,-1,-1,-1
-1,-1,-1,-1,-1,-1,-1,-1,-1,-1,-1,-1,-1,-1,-1,-1,-1,-1,-1,-1,-1,-1,-1,-1,-1,-1,0,0,0,13,13,13,13,13,13,13,13,13,13,13,13,13,11,0,0,0,0,0,-1,-1,-1,-1,0,13,13,13,13,0,0,-1,-1,-1,-1,-1,-1,-1,0,0,-1,-1,-1,-1,-1
-1,-1,-1,-1,-1,-1,-1,-1,-1,-1,-1,-1,-1,-1,-1,-1,-1,-1,-1,-1,-1,-1,-1,-1,-1,-1,-1,-1,0,0,0,0,13,13,13,13,13,13,13,13,13,0,0,0,-1,-1,-1,-1,-1,-1,-1,-1,0,13,13,13,0,0,-1,-1,-1,-1,-1,-1,-1,-1,0,0,-1,-1,-1,-1,-1
-1,-1,-1,-1,-1,-1,-1,-1,-1,-1,-1,-1,-1,-1,-1,-1,-1,-1,-1,-1,-1,-1,-1,-1,-1,-1,-1,-1,-1,-1,-1,0,0,0,0,0,0,0,0,0,0,0,-1,-1,-1,-1,-1,-1,-1,-1,-1,-1,0,13,13,0,0,-1,-1,-1,-1,-1,-1,-1,-1,-1,-1,0,-1,-1,-1,-1,-1
-1,-1,-1,-1,-1,-1,-1,-1,-1,-1,-1,-1,-1,-1,-1,-1,-1,-1,-1,-1,-1,-1,-1,-1,-1,-1,-1,-1,-1,-1,-1,-1,-1,-1,-1,-1,-1,-1,-1,-1,-1,-1,-1,-1,-1,-1,-1,-1,-1,-1,-1,-1,0,13,0,0,-1,-1,-1,-1,-1,-1,-1,-1,-1,-1,-1,-1,-1,-1,-1,-1,-1
-1,-1,-1,-1,-1,-1,-1,-1,-1,-1,-1,-1,-1,-1,-1,-1,-1,-1,-1,-1,-1,-1,-1,-1,-1,-1,-1,-1,-1,-1,-1,-1,-1,-1,-1,-1,-1,-1,-1,-1,-1,-1,-1,-1,-1,-1,-1,-1,-1,-1,-1,-1,0,0,0,-1,-1,-1,-1,-1,-1,-1,-1,-1,-1,-1,-1,-1,-1,-1,-1,-1,-1
-1,-1,-1,-1,-1,-1,-1,-1,-1,-1,-1,-1,-1,-1,-1,-1,-1,-1,-1,-1,-1,-1,-1,-1,-1,-1,-1,-1,-1,-1,-1,-1,-1,-1,-1,-1,-1,-1,-1,-1,-1,-1,-1,-1,-1,-1,-1,-1,-1,-1,-1,-1,0,0,-1,-1,-1,-1,-1,-1,-1,-1,-1,-1,-1,-1,-1,-1,-1,-1,-1,-1,-1
-1,-1,-1,-1,-1,-1,-1,-1,-1,-1,-1,-1,-1,-1,-1,-1,-1,-1,-1,-1,-1,-1,-1,-1,-1,-1,-1,-1,-1,-1,-1,-1,-1,-1,-1,-1,-1,-1,-1,-1,-1,-1,-1,-1,-1,-1,-1,-1,-1,-1,-1,-1,0,0,-1,-1,-1,-1,-1,-1,-1,-1,-1,-1,-1,-1,-1,-1,-1,-1,-1,-1,-1
-1,-1,-1,-1,-1,-1,-1,-1,-1,-1,-1,-1,-1,-1,-1,-1,-1,-1,-1,-1,-1,-1,-1,-1,-1,-1,-1,-1,-1,-1,-1,-1,-1,-1,-1,-1,-1,-1,-1,-1,-1,-1,-1,-1,-1,-1,-1,-1,-1,-1,-1,-1,0,-1,-1,-1,-1,-1,-1,-1,-1,-1,-1,-1,-1,-1,-1,-1,-1,-1,-1,-1,-1
0,0,0
0.6588235,0.6588235,0.6588235
0.8745099,0.8745099,0.8745099
0.8000001,0.8000001,0.8000001
0.3607843,0.3607843,0.3607843
0.7176471,0.7176471,0.7176471
0.1490196,0.1490196,0.1490196
0.4588236,0.4588236,0.4588236
1,1,1
0.8039216,0.8039216,0.8039216
0.6745098,0.6745098,0.6745098
0.8509805,0.8509805,0.8509805
0.345098,0.345098,0.345098
0.6705883,0.6705883,0.6705883
0.3137255,0.3137255,0.3137255
