35,77,
-1,-1,-1,-1,-1,-1,-1,-1,-1,0,0,0,0,0,0,0,0,0,0,0,0,0,0,0,0,0,0,0,0,0,-1,-1,-1,-1,-1
-1,-1,-1,-1,-1,-1,-1,-1,-1,0,1,1,1,1,2,2,2,2,0,0,1,1,1,1,1,1,1,1,1,0,-1,-1,-1,-1,-1
-1,-1,-1,-1,-1,-1,-1,-1,-1,0,0,2,2,2,2,2,2,2,0,0,0,2,2,2,2,2,2,2,2,0,-1,-1,-1,-1,-1
-1,-1,-1,-1,-1,-1,-1,-1,-1,-1,0,0,0,0,0,0,0,0,0,-1,0,0,0,0,0,0,0,0,0,0,-1,-1,-1,-1,-1
-1,-1,-1,-1,-1,-1,-1,-1,-1,-1,-1,-1,0,1,1,1,1,1,0,-1,-1,0,1,1,1,1,1,1,1,0,-1,-1,-1,-1,-1
-1,-1,-1,-1,-1,-1,-1,-1,-1,-1,-1,-1,0,2,2,2,1,1,0,-1,-1,0,3,2,2,2,2,2,1,0,-1,-1,-1,-1,-1
-1,-1,-1,-1,-1,-1,-1,-1,-1,-1,-1,-1,0,3,2,2,2,1,0,-1,0,2,3,2,2,2,2,2,1,0,-1,-1,-1,-1,-1
-1,-1,-1,-1,-1,-1,-1,-1,-1,-1,-1,-1,0,3,2,2,2,1,0,-1,0,3,2,2,2,2,2,2,1,0,-1,-1,-1,-1,-1
-1,-1,-1,-1,-1,-1,-1,-1,-1,-1,-1,-1,0,3,2,2,2,1,1,0,0,3,2,2,2,2,2,1,0,-1,-1,-1,-1,-1,-1
-1,-1,-1,-1,-1,-1,-1,-1,-1,-1,-1,-1,0,3,2,2,2,1,1,0,0,3,2,2,2,2,2,1,0,-1,-1,-1,-1,-1,-1
-1,-1,-1,-1,-1,-1,-1,-1,-1,-1,-1,-1,0,3,2,2,2,1,1,0,0,3,2,2,2,2,2,1,0,-1,-1,-1,-1,-1,-1
-1,-1,-1,-1,-1,-1,-1,-1,-1,-1,-1,-1,0,3,2,2,2,1,1,0,0,3,2,2,2,2,2,1,0,-1,-1,-1,-1,-1,-1
-1,-1,-1,-1,-1,-1,-1,-1,-1,-1,-1,-1,0,3,2,2,2,1,1,0,3,2,2,2,2,2,2,1,0,-1,-1,-1,-1,-1,-1
-1,-1,-1,-1,-1,-1,-1,-1,-1,-1,-1,-1,0,3,2,2,2,1,1,0,3,2,2,2,2,2,2,1,0,-1,-1,-1,-1,-1,-1
-1,-1,-1,-1,-1,-1,-1,-1,-1,-1,-1,-1,0,3,2,2,2,1,1,0,3,2,2,2,2,2,1,1,0,-1,-1,-1,-1,-1,-1
-1,-1,-1,-1,-1,-1,-1,-1,-1,-1,-1,-1,0,3,2,2,2,1,1,0,3,2,2,2,2,2,1,1,0,-1,-1,-1,-1,-1,-1
-1,-1,-1,-1,-1,-1,-1,-1,-1,-1,-1,-1,0,3,2,2,2,1,1,0,3,2,2,2,2,2,1,0,-1,-1,-1,-1,-1,-1,-1
-1,-1,-1,-1,-1,-1,-1,-1,-1,-1,-1,-1,0,3,2,2,2,1,1,0,3,2,2,2,2,2,1,0,-1,-1,-1,-1,-1,-1,-1
-1,-1,-1,-1,-1,-1,-1,-1,-1,-1,-1,-1,0,3,2,2,2,1,0,3,2,2,2,2,2,2,1,0,-1,-1,-1,-1,-1,-1,-1
-1,-1,-1,-1,-1,-1,-1,-1,-1,-1,-1,-1,0,3,2,2,2,1,0,3,2,2,2,2,2,2,1,0,-1,-1,-1,-1,-1,-1,-1
-1,-1,-1,-1,-1,-1,-1,-1,-1,-1,-1,-1,0,3,2,2,2,1,0,3,2,2,2,2,2,1,1,0,-1,-1,-1,-1,-1,-1,-1
-1,-1,-1,-1,-1,-1,-1,-1,-1,-1,-1,-1,0,3,2,2,2,1,0,3,2,2,2,2,2,1,1,0,-1,-1,-1,-1,-1,-1,-1
-1,-1,-1,-1,-1,-1,-1,-1,-1,-1,-1,-1,0,3,2,2,1,1,0,3,2,2,2,2,2,1,1,0,-1,-1,-1,-1,-1,-1,-1
-1,-1,-1,-1,-1,-1,-1,-1,-1,-1,-1,-1,0,3,2,2,1,1,0,2,2,2,2,2,2,1,1,0,-1,-1,-1,-1,-1,-1,-1
-1,-1,-1,-1,-1,-1,-1,-1,-1,-1,-1,-1,0,3,2,2,1,0,3,2,2,2,2,2,2,1,0,-1,-1,-1,-1,-1,-1,-1,-1
-1,-1,-1,-1,-1,-1,-1,-1,-1,-1,-1,-1,0,3,2,2,1,0,3,2,2,2,2,2,1,1,0,-1,-1,-1,-1,-1,-1,-1,-1
-1,-1,-1,-1,-1,-1,-1,-1,-1,0,0,0,0,3,2,2,1,0,2,2,2,2,2,2,1,1,0,-1,-1,-1,-1,-1,-1,-1,-1
-1,-1,-1,-1,-1,-1,-1,-1,-1,0,4,5,0,3,2,1,1,1,2,2,2,2,2,2,1,1,0,-1,-1,-1,-1,-1,-1,-1,-1
-1,-1,-1,-1,-1,-1,-1,-1,0,0,4,5,0,1,1,1,1,1,1,1,1,1,1,1,1,1,0,-1,-1,-1,-1,-1,-1,-1,-1
-1,-1,-1,-1,-1,-1,-1,-1,0,5,5,5,0,0,0,0,0,0,0,0,0,0,0,0,0,0,0,-1,-1,-1,-1,-1,-1,-1,-1
-1,-1,-1,-1,-1,-1,-1,-1,0,0,0,0,0,0,1,0,0,1,1,1,1,1,1,1,1,1,0,0,-1,-1,-1,-1,-1,-1,-1
-1,-1,-1,-1,-1,-1,-1,-1,0,1,0,0,2,2,2,0,0,1,2,2,2,2,2,2,2,2,1,0,-1,-1,-1,-1,-1,-1,-1
-1,-1,-1,-1,-1,-1,-1,-1,0,1,0,2,2,2,2,0,0,1,2,2,2,2,2,2,2,2,1,0,-1,-1,-1,-1,-1,-1,-1
-1,-1,-1,-1,-1,-1,-1,-1,0,1,0,2,2,2,2,0,0,1,2,2,2,2,2,2,2,2,1,0,-1,-1,-1,-1,-1,-1,-1
-1,-1,-1,-1,-1,-1,-1,-1,0,1,0,2,2,2,2,0,0,1,2,2,0,0,0,0,2,2,1,0,-1,-1,-1,-1,-1,-1,-1
-1,-1,-1,-1,-1,-1,-1,-1,0,1,0,2,2,2,2,0,0,1,2,2,2,2,2,2,2,2,1,0,-1,-1,-1,-1,-1,-1,-1
-1,-1,-1,-1,-1,-1,-1,-1,0,1,0,2,2,2,2,0,0,1,2,2,2,2,2,2,2,2,1,0,-1,-1,-1,-1,-1,-1,-1
-1,-1,-1,-1,-1,-1,-1,-1,0,1,0,2,2,2,2,0,0,1,2,2,2,2,2,2,2,2,1,0,-1,-1,-1,-1,-1,-1,-1
-1,-1,-1,-1,-1,-1,-1,-1,0,1,0,1,1,1,1,0,0,1,1,1,1,1,1,1,1,1,1,0,-1,-1,-1,-1,-1,-1,-1
-1,-1,0,0,0,0,0,0,0,0,0,0,0,0,0,0,0,0,0,0,0,0,0,0,0,0,0,0,0,0,-1,-1,-1,-1,-1
-1,0,0,5,5,5,5,0,1,1,1,1,1,1,1,1,1,1,1,1,1,1,1,1,1,1,1,1,1,0,-1,-1,-1,-1,-1
0,0,5,4,4,4,5,0,2,2,2,2,2,2,2,2,2,2,2,2,2,2,2,2,2,2,1,1,1,0,-1,-1,-1,-1,-1
0,5,4,4,4,4,5,0,2,2,2,2,2,2,2,2,2,2,2,2,2,2,2,2,2,2,2,1,1,0,-1,-1,-1,-1,-1
0,4,4,4,4,4,5,0,3,3,3,3,3,3,3,3,3,3,3,3,3,3,3,3,3,2,2,2,1,0,-1,-1,-1,-1,-1
0,4,4,4,4,4,5,0,3,0,0,0,0,0,0,0,0,0,0,0,0,0,0,0,0,2,2,2,1,0,-1,-1,-1,-1,-1
0,0,4,4,4,4,5,0,0,0,0,1,1,1,1,0,0,1,1,1,1,1,1,1,0,2,2,2,1,0,-1,-1,-1,-1,-1
-1,0,0,0,0,4,5,0,0,1,0,2,2,2,2,0,0,2,2,2,0,0,0,1,0,2,2,2,1,0,-1,-1,-1,-1,-1
-1,-1,-1,-1,0,4,5,0,1,1,0,2,2,1,1,0,0,1,2,2,0,0,0,1,2,2,2,2,1,0,-1,-1,-1,-1,-1
-1,-1,-1,-1,0,4,5,0,1,1,1,2,1,1,0,0,0,0,1,1,2,2,2,1,2,2,2,2,0,0,-1,-1,-1,-1,-1
-1,-1,-1,-1,0,0,0,0,1,1,2,1,1,0,5,0,0,5,0,1,1,1,2,2,2,2,2,2,0,-1,-1,-1,-1,-1,-1
-1,-1,-1,-1,-1,0,0,0,0,2,1,1,0,5,4,0,0,4,5,0,1,1,2,2,2,2,2,0,0,-1,-1,-1,-1,-1,-1
-1,-1,-1,-1,-1,-1,-1,-1,0,0,1,0,5,4,4,0,0,4,4,5,0,1,2,2,2,2,0,-1,-1,-1,-1,-1,-1,-1,-1
-1,-1,-1,-1,-1,-1,-1,-1,-1,0,0,1,0,4,4,0,0,4,4,0,1,1,2,2,2,0,-1,-1,-1,-1,-1,-1,-1,-1,-1
-1,-1,-1,-1,-1,-1,-1,-1,-1,-1,0,0,1,0,4,0,0,4,0,1,1,1,1,1,0,-1,-1,-1,-1,-1,-1,-1,-1,-1,-1
-1,-1,-1,-1,-1,-1,-1,0,0,0,0,0,0,0,0,0,0,0,0,0,0,0,0,0,0,0,0,0,0,0,0,0,0,-1,-1
-1,-1,-1,-1,-1,-1,0,6,6,6,6,6,6,6,6,6,6,6,6,6,6,6,6,6,6,6,6,0,1,1,1,1,0,-1,-1
-1,-1,-1,-1,-1,0,0,0,0,0,0,0,0,0,0,7,7,0,0,8,8,0,0,4,4,0,0,0,0,9,1,1,0,-1,-1
-1,-1,-1,-1,-1,0,0,0,0,0,0,0,0,0,0,7,7,0,0,8,8,0,0,4,4,0,0,0,0,9,9,1,1,0,-1
-1,-1,-1,-1,-1,0,10,6,6,6,6,6,6,6,6,6,6,6,6,6,6,6,6,6,6,6,6,6,0,9,9,1,1,1,0
-1,-1,-1,-1,-1,0,10,6,0,0,0,0,0,0,0,0,0,0,0,0,0,0,0,0,0,0,6,6,0,9,9,9,1,1,0
-1,-1,-1,-1,-1,0,10,6,0,4,4,8,8,7,7,5,5,11,11,3,3,12,12,13,13,0,6,6,0,9,9,9,1,1,0
-1,-1,-1,-1,-1,0,10,6,0,4,4,8,8,7,7,5,5,11,11,3,3,12,12,13,13,0,6,6,0,9,9,9,1,1,0
-1,-1,-1,-1,-1,0,10,6,0,4,4,8,8,7,7,5,5,11,11,3,3,12,12,13,13,0,6,6,0,9,9,9,1,1,0
-1,-1,-1,-1,-1,0,10,6,0,4,4,8,8,7,7,5,5,11,11,3,3,12,12,13,13,0,6,6,0,9,9,9,1,1,0
-1,-1,-1,-1,-1,0,10,6,0,4,4,8,8,7,7,5,5,11,11,3,3,12,12,13,13,0,6,6,0,9,9,9,1,1,0
-1,-1,-1,-1,-1,0,10,6,0,4,4,8,8,7,7,5,5,11,11,3,3,12,12,13,13,0,6,6,0,9,9,9,1,1,0
-1,-1,-1,-1,-1,0,10,6,0,4,4,8,8,7,7,5,5,11,11,3,3,12,12,13,13,0,6,6,0,9,9,9,1,0,-1
-1,-1,-1,-1,-1,0,10,6,0,4,4,8,8,7,7,5,5,11,11,3,3,12,12,13,13,0,6,6,0,9,9,0,0,-1,-1
-1,-1,-1,-1,-1,0,10,6,0,0,0,0,0,0,0,0,0,0,0,0,0,0,0,0,0,0,6,6,0,9,0,-1,-1,-1,-1
-1,-1,-1,-1,-1,0,10,6,6,6,6,6,6,6,6,6,6,6,6,6,6,6,6,6,6,6,6,6,0,0,-1,-1,-1,-1,-1
-1,-1,-1,-1,-1,-1,0,10,10,10,10,10,10,10,10,10,10,10,10,10,10,10,10,10,10,10,10,0,0,-1,-1,-1,-1,-1,-1
-1,-1,-1,-1,-1,-1,-1,0,0,0,0,0,0,0,0,0,0,0,0,0,0,0,0,0,0,0,0,-1,-1,-1,-1,-1,-1,-1,-1
-1,-1,-1,-1,-1,-1,-1,-1,-1,-1,-1,-1,0,6,6,0,0,6,6,0,-1,-1,-1,-1,-1,-1,-1,-1,-1,-1,-1,-1,-1,-1,-1
-1,-1,-1,-1,-1,-1,-1,-1,-1,-1,-1,0,6,6,0,-1,-1,0,6,6,0,-1,-1,-1,-1,-1,-1,-1,-1,-1,-1,-1,-1,-1,-1
-1,-1,-1,-1,-1,-1,-1,-1,-1,-1,0,6,6,0,-1,-1,-1,-1,0,6,6,0,-1,-1,-1,-1,-1,-1,-1,-1,-1,-1,-1,-1,-1
-1,-1,-1,-1,-1,-1,-1,-1,-1,-1,0,6,0,-1,-1,-1,-1,-1,-1,0,6,0,-1,-1,-1,-1,-1,-1,-1,-1,-1,-1,-1,-1,-1
-1,-1,-1,-1,-1,-1,-1,-1,-1,-1,-1,0,-1,-1,-1,-1,-1,-1,-1,-1,0,-1,-1,-1,-1,-1,-1,-1,-1,-1,-1,-1,-1,-1,-1
0,0,0
0.1333333,0.1333333,0.1333333
0.2627451,0.2627451,0.2627451
0.3921569,0.3921569,0.3921569
0.937255,0.937255,0.937255
0.8117648,0.8117648,0.8117648
0.3254902,0.3254902,0.3254902
0.6235294,0.6235294,0.6235294
0.3882353,0.3882353,0.3882353
0.2509804,0.2509804,0.2509804
0.4901961,0.4901961,0.4901961
0.6196079,0.6196079,0.6196079
0.3529412,0.3529412,0.3529412
0.2705882,0.2705882,0.2705882
