42,79,
0,0,0,0,0,0,0,0,0,-1,-1,0,0,0,-1,-1,-1,-1,-1,-1,-1,-1,0,0,0,-1,-1,0,0,0,0,0,0,0,0,0,0,-1,-1,-1,-1,-1
0,1,1,1,1,1,1,1,1,0,-1,0,1,0,-1,-1,-1,-1,-1,-1,-1,-1,0,1,0,-1,0,1,1,1,1,1,1,1,1,0,0,-1,-1,-1,-1,-1
0,0,2,2,3,3,3,3,1,1,0,1,1,0,-1,-1,-1,-1,-1,-1,-1,-1,0,1,1,0,1,1,3,3,3,3,2,0,0,-1,-1,-1,-1,-1,-1,-1
-1,-1,0,0,0,2,2,3,3,3,1,1,1,0,-1,-1,-1,-1,-1,-1,-1,-1,0,1,1,1,1,3,3,3,3,2,0,-1,-1,-1,-1,-1,-1,-1,-1,-1
-1,-1,-1,-1,-1,0,0,2,3,3,3,3,3,0,-1,-1,-1,-1,-1,-1,-1,-1,0,1,3,3,3,3,3,3,2,0,-1,-1,-1,-1,-1,-1,-1,-1,-1,-1
-1,-1,-1,-1,-1,-1,0,2,3,3,3,3,3,1,0,-1,-1,-1,-1,-1,-1,-1,0,1,3,3,3,3,3,2,0,-1,-1,-1,-1,-1,-1,-1,-1,-1,-1,-1
-1,-1,-1,-1,-1,-1,-1,0,2,3,3,3,3,1,0,-1,-1,-1,-1,-1,-1,-1,0,1,3,3,3,3,2,0,-1,-1,-1,-1,-1,-1,-1,-1,-1,-1,-1,-1
-1,-1,-1,-1,-1,-1,-1,0,2,3,3,3,3,1,0,-1,-1,-1,-1,-1,-1,-1,0,1,3,3,3,3,2,0,-1,-1,-1,-1,-1,-1,-1,-1,-1,-1,-1,-1
-1,-1,-1,-1,-1,-1,-1,0,2,3,3,3,3,1,0,-1,-1,-1,-1,-1,-1,-1,0,1,3,3,3,3,2,0,-1,-1,-1,-1,-1,-1,-1,-1,-1,-1,-1,-1
-1,-1,-1,-1,-1,-1,-1,0,2,3,3,3,3,1,0,-1,-1,-1,-1,-1,-1,-1,0,1,1,3,3,3,2,0,-1,-1,-1,-1,-1,-1,-1,-1,-1,-1,-1,-1
-1,-1,-1,-1,-1,-1,-1,-1,0,3,3,1,1,1,0,0,0,0,0,0,0,0,0,0,1,1,1,1,1,0,-1,-1,-1,-1,-1,-1,-1,-1,-1,-1,-1,-1
-1,-1,-1,-1,-1,-1,-1,-1,0,1,1,0,0,0,0,0,4,4,4,4,4,4,4,4,0,0,0,0,0,0,-1,-1,-1,-1,-1,-1,-1,-1,-1,-1,-1,-1
-1,-1,-1,-1,-1,-1,-1,0,0,0,0,0,4,4,4,4,4,4,4,4,4,4,4,4,4,4,4,4,4,0,0,0,0,-1,-1,-1,-1,-1,-1,-1,-1,-1
-1,-1,-1,-1,-1,0,0,0,4,4,4,4,4,4,4,4,4,5,5,5,5,5,5,5,5,5,4,4,4,4,4,4,0,0,-1,-1,-1,-1,-1,-1,-1,-1
-1,-1,-1,-1,0,0,5,4,4,4,5,5,5,5,5,5,5,0,0,0,0,0,0,0,0,0,5,5,5,5,4,4,4,0,-1,-1,-1,-1,-1,-1,-1,-1
-1,-1,-1,-1,0,5,5,5,5,5,0,0,0,0,0,0,0,6,6,6,6,6,6,6,6,6,0,0,0,0,5,5,5,0,-1,-1,-1,-1,-1,-1,-1,-1
-1,-1,-1,-1,0,5,5,0,0,0,0,6,6,6,7,7,7,7,7,7,7,7,7,7,7,7,6,6,6,0,0,0,5,0,-1,-1,-1,-1,-1,-1,-1,-1
-1,-1,-1,-1,-1,0,0,6,6,6,7,7,7,7,7,7,7,7,7,7,7,7,7,7,7,7,7,7,7,6,6,6,0,-1,-1,-1,0,0,0,-1,-1,-1
-1,-1,-1,-1,-1,-1,0,6,7,7,7,7,7,7,7,7,7,7,7,7,7,7,7,7,7,7,7,7,7,7,7,7,0,-1,0,0,1,1,0,-1,-1,-1
-1,-1,-1,-1,-1,-1,0,8,7,7,7,7,7,7,7,7,7,7,7,7,7,7,7,7,7,7,7,7,7,7,7,6,0,0,1,1,1,0,-1,-1,-1,-1
-1,-1,-1,-1,-1,-1,-1,0,8,7,7,7,7,7,7,7,7,7,7,7,7,7,7,7,7,7,7,7,7,6,6,0,0,1,1,0,0,-1,-1,-1,-1,-1
-1,-1,-1,-1,-1,-1,-1,0,8,7,7,7,7,7,7,7,7,7,7,7,7,7,7,7,7,7,7,7,6,6,0,0,1,1,0,-1,-1,-1,-1,-1,-1,-1
-1,-1,-1,-1,-1,-1,-1,0,8,7,7,7,7,7,7,7,7,7,7,7,7,7,7,7,7,7,7,6,6,0,1,1,1,0,-1,-1,-1,-1,-1,-1,-1,-1
-1,-1,-1,-1,-1,-1,-1,0,8,7,7,7,7,7,7,7,7,7,7,7,7,7,7,7,7,7,6,6,0,1,1,0,0,-1,-1,-1,-1,-1,-1,-1,-1,-1
-1,-1,-1,-1,-1,-1,-1,0,8,7,7,7,7,7,7,7,7,7,7,7,7,7,7,7,7,6,6,0,0,1,0,-1,-1,-1,-1,-1,-1,-1,-1,-1,-1,-1
-1,-1,-1,-1,-1,-1,-1,-1,0,8,7,7,7,7,7,7,7,7,7,7,7,7,7,7,6,0,0,0,1,0,0,-1,-1,-1,-1,-1,-1,-1,-1,-1,-1,-1
-1,-1,-1,-1,-1,-1,-1,-1,0,8,7,7,7,7,7,7,7,7,7,7,7,7,7,6,0,0,1,1,0,6,0,-1,-1,-1,-1,-1,-1,-1,-1,-1,-1,-1
-1,-1,-1,-1,-1,-1,-1,-1,0,8,7,7,7,7,7,7,7,7,7,7,7,7,6,0,0,1,0,0,6,7,0,-1,-1,-1,-1,-1,-1,-1,-1,-1,-1,-1
-1,-1,-1,-1,-1,-1,-1,-1,0,8,7,7,7,7,7,7,7,7,7,7,7,6,6,0,1,0,6,6,7,7,0,-1,-1,-1,-1,-1,-1,-1,-1,-1,-1,-1
-1,-1,-1,-1,-1,-1,-1,-1,0,8,8,7,7,7,7,7,7,7,7,7,6,6,0,0,0,6,6,7,7,7,0,-1,-1,-1,-1,-1,-1,-1,-1,-1,-1,-1
-1,-1,-1,-1,-1,-1,-1,-1,-1,0,8,7,7,7,7,7,7,6,6,6,6,0,0,0,0,0,6,7,7,7,0,-1,-1,-1,-1,-1,-1,-1,-1,-1,-1,-1
-1,-1,-1,-1,-1,-1,-1,-1,-1,0,8,8,7,7,7,6,6,6,0,0,0,6,6,6,6,0,6,6,7,0,-1,-1,-1,-1,-1,-1,-1,-1,-1,-1,-1,-1
-1,-1,-1,-1,-1,-1,-1,-1,-1,0,0,8,8,6,6,6,0,0,6,6,6,6,7,7,6,6,0,6,6,0,-1,-1,-1,-1,-1,-1,-1,-1,-1,-1,-1,-1
-1,-1,-1,-1,-1,-1,0,0,0,0,0,0,6,6,0,0,6,6,6,7,7,7,7,7,7,6,6,0,6,0,-1,-1,-1,-1,-1,-1,-1,-1,-1,-1,-1,-1
-1,-1,-1,-1,-1,0,6,6,6,6,6,6,0,0,0,0,0,8,8,8,8,8,8,7,7,7,6,0,6,0,-1,-1,-1,-1,-1,-1,-1,-1,-1,-1,-1,-1
-1,-1,-1,-1,0,0,6,6,7,7,7,6,6,6,6,6,0,0,0,0,0,0,8,8,7,7,7,6,0,0,-1,-1,-1,-1,-1,-1,-1,-1,-1,-1,-1,-1
-1,-1,-1,-1,0,6,7,7,7,7,7,7,7,7,7,6,6,6,6,6,6,6,0,8,8,7,7,7,6,0,-1,-1,-1,-1,-1,-1,-1,-1,-1,-1,-1,-1
-1,-1,-1,-1,0,8,7,7,7,7,7,7,7,7,7,7,7,7,7,7,7,6,6,0,8,7,7,7,6,6,0,-1,-1,-1,-1,-1,-1,-1,-1,-1,-1,-1
-1,-1,-1,-1,0,8,7,7,7,7,7,7,7,7,7,7,7,7,7,7,7,7,7,0,0,8,7,7,7,6,0,-1,-1,-1,-1,-1,-1,-1,-1,-1,-1,-1
-1,-1,-1,-1,0,8,7,7,7,8,8,8,8,8,8,8,8,8,8,8,8,8,0,0,0,8,8,7,7,7,6,0,-1,-1,-1,-1,-1,-1,-1,-1,-1,-1
-1,-1,-1,-1,-1,0,8,7,0,0,0,0,0,0,0,0,0,0,0,0,0,0,7,6,6,0,8,7,7,7,7,6,0,-1,-1,-1,-1,-1,-1,-1,-1,-1
-1,-1,-1,-1,-1,-1,0,8,7,7,7,7,7,7,7,7,7,7,0,7,7,7,7,7,6,0,8,8,7,7,7,6,0,-1,-1,-1,-1,-1,-1,-1,-1,-1
-1,-1,-1,-1,-1,-1,-1,0,7,7,7,7,7,7,7,7,7,0,5,0,7,7,7,7,6,6,0,8,7,7,7,7,6,0,-1,-1,-1,-1,-1,-1,-1,-1
-1,-1,-1,-1,-1,-1,-1,0,8,7,7,7,7,7,7,7,7,0,5,4,0,7,7,7,7,7,0,8,7,7,7,7,6,0,-1,-1,-1,-1,-1,-1,-1,-1
-1,-1,-1,-1,-1,-1,-1,0,8,8,8,7,7,7,7,7,0,5,4,4,4,0,7,7,7,7,7,7,7,7,7,7,0,0,-1,-1,-1,-1,-1,-1,-1,-1
-1,-1,-1,-1,-1,-1,-1,0,0,0,0,8,7,7,7,7,0,5,4,4,4,4,0,7,7,7,7,7,7,7,0,0,0,-1,-1,-1,-1,-1,-1,-1,-1,-1
-1,-1,-1,-1,-1,-1,-1,-1,-1,-1,-1,0,8,8,7,0,5,4,4,0,4,4,4,0,7,7,7,7,0,0,-1,-1,-1,-1,-1,-1,-1,-1,-1,-1,-1,-1
-1,-1,-1,-1,-1,-1,-1,-1,-1,-1,-1,-1,0,0,8,0,5,4,0,6,0,4,4,4,0,7,7,0,-1,-1,-1,-1,-1,-1,-1,-1,-1,-1,-1,-1,-1,-1
-1,-1,-1,-1,-1,-1,-1,-1,-1,-1,-1,-1,-1,-1,0,4,4,0,6,6,6,0,4,4,4,0,0,-1,-1,-1,-1,-1,-1,-1,-1,-1,-1,-1,-1,-1,-1,-1
-1,-1,-1,-1,-1,-1,-1,-1,-1,-1,-1,-1,-1,-1,-1,0,0,6,6,6,6,6,0,0,0,-1,-1,-1,-1,-1,-1,-1,-1,-1,-1,-1,-1,-1,-1,-1,-1,-1
-1,-1,-1,-1,-1,-1,-1,-1,-1,0,0,0,0,0,0,0,0,0,0,0,0,0,0,0,0,0,0,0,0,0,0,0,-1,-1,-1,-1,-1,-1,-1,-1,-1,-1
-1,-1,-1,-1,-1,-1,-1,-1,0,1,1,1,1,1,1,1,1,1,1,1,1,1,1,1,1,1,1,1,1,1,1,1,0,-1,-1,-1,-1,-1,-1,-1,-1,-1
-1,-1,-1,-1,-1,-1,-1,0,2,3,3,3,3,3,3,3,3,3,3,3,3,3,3,3,3,3,3,3,3,3,3,3,1,0,-1,-1,-1,-1,-1,-1,-1,-1
-1,-1,-1,-1,-1,-1,-1,0,2,3,0,0,0,0,0,0,0,0,0,0,0,0,0,0,0,0,0,0,0,0,0,3,1,0,-1,-1,-1,-1,-1,-1,-1,-1
-1,-1,-1,-1,-1,-1,-1,0,2,3,0,9,10,10,10,10,10,10,10,10,10,10,10,10,10,10,10,10,10,10,0,3,1,0,-1,-1,-1,-1,-1,-1,-1,-1
-1,-1,-1,-1,-1,-1,-1,0,2,3,0,9,11,11,11,11,11,11,11,11,11,11,11,11,11,11,11,11,11,10,0,3,1,0,-1,-1,-1,-1,-1,-1,-1,-1
-1,-1,-1,-1,-1,-1,-1,0,2,3,0,9,11,11,11,11,11,11,11,11,11,11,11,11,11,11,11,11,11,10,0,3,1,0,-1,-1,-1,-1,-1,-1,-1,-1
-1,-1,-1,-1,-1,-1,-1,0,2,3,0,9,11,11,11,11,11,11,11,11,11,11,11,11,11,11,11,11,11,10,0,3,1,0,-1,-1,-1,-1,-1,-1,-1,-1
-1,-1,-1,-1,-1,-1,-1,0,2,3,0,9,11,11,11,11,11,11,11,11,11,11,11,11,11,11,11,11,11,10,0,3,1,0,-1,-1,-1,-1,-1,-1,-1,-1
-1,-1,-1,-1,-1,-1,-1,0,2,3,0,9,11,11,11,11,11,11,11,11,11,11,11,11,11,11,11,11,11,10,0,3,1,0,-1,-1,-1,-1,-1,-1,-1,-1
-1,-1,-1,-1,-1,-1,-1,0,2,3,0,9,11,11,11,11,11,11,11,11,11,11,11,11,11,11,11,11,11,10,0,3,1,0,-1,-1,-1,-1,-1,-1,-1,-1
-1,-1,-1,-1,-1,-1,-1,0,2,3,0,9,11,11,11,11,11,11,11,11,11,11,11,11,11,11,11,11,11,10,0,3,1,0,-1,-1,-1,-1,-1,-1,-1,-1
-1,-1,-1,-1,-1,-1,-1,0,2,3,0,9,11,11,11,11,11,11,11,11,11,11,11,11,11,11,11,11,11,10,0,3,1,0,-1,-1,-1,0,0,0,0,0
-1,-1,-1,-1,-1,-1,-1,0,2,3,0,9,11,11,11,11,11,11,11,11,11,11,11,11,11,11,11,11,11,10,0,3,0,0,0,0,-1,0,5,4,4,0
-1,-1,-1,-1,-1,-1,-1,0,2,3,0,9,11,10,11,11,11,11,11,11,11,11,11,11,11,11,11,11,11,9,0,0,0,4,4,0,-1,0,5,4,4,0
-1,-1,-1,-1,-1,-1,-1,0,2,3,0,9,11,10,10,11,11,11,11,11,11,11,11,11,11,11,11,11,9,0,0,4,4,4,4,0,-1,0,5,5,5,0
-1,-1,-1,-1,-1,-1,-1,0,2,3,0,9,11,11,11,11,11,11,11,11,11,11,11,11,11,11,9,9,0,0,4,4,4,4,5,0,-1,0,0,0,0,0
-1,-1,-1,-1,-1,-1,-1,0,2,3,0,9,9,9,9,9,9,9,9,9,9,9,9,9,9,9,0,0,0,4,4,4,4,5,0,0,0,0,6,0,-1,-1
-1,-1,-1,-1,-1,-1,-1,0,2,3,0,0,0,0,0,0,0,0,0,0,0,0,0,0,0,0,0,4,4,4,4,4,5,0,0,6,6,6,0,0,-1,-1
-1,-1,-1,-1,-1,-1,-1,0,2,2,3,3,3,3,3,3,3,3,0,0,0,0,0,0,0,4,4,4,4,4,4,5,0,0,6,6,7,7,0,-1,-1,-1
-1,-1,-1,-1,-1,-1,-1,-1,0,2,2,2,2,2,2,2,0,0,5,4,4,4,4,4,4,4,4,4,4,4,5,0,0,6,6,7,7,0,0,-1,-1,-1
-1,-1,-1,-1,-1,-1,-1,-1,-1,0,0,0,0,0,0,0,0,5,5,4,4,4,4,4,4,4,4,5,5,5,0,0,6,6,7,7,0,0,-1,-1,-1,-1
-1,-1,-1,-1,-1,-1,-1,-1,-1,-1,-1,-1,-1,-1,-1,-1,0,0,5,4,4,4,4,5,5,5,5,0,0,0,6,6,6,7,7,7,0,-1,-1,-1,-1,-1
-1,-1,-1,-1,-1,-1,-1,-1,-1,-1,-1,-1,-1,-1,-1,-1,-1,0,0,5,5,5,5,0,0,0,0,0,6,6,7,7,7,7,7,0,0,-1,-1,-1,-1,-1
-1,-1,-1,-1,-1,-1,-1,-1,-1,-1,-1,-1,-1,-1,-1,-1,-1,-1,-1,0,0,0,0,0,6,6,6,7,7,7,7,7,7,7,0,0,-1,-1,-1,-1,-1,-1
-1,-1,-1,-1,-1,-1,-1,-1,-1,-1,-1,-1,-1,-1,-1,-1,-1,-1,-1,0,0,6,6,6,7,7,7,7,7,7,7,7,7,0,0,-1,-1,-1,-1,-1,-1,-1
-1,-1,-1,-1,-1,-1,-1,-1,-1,-1,-1,-1,-1,-1,-1,-1,-1,-1,-1,-1,-1,0,0,0,7,7,7,7,7,7,7,0,0,0,-1,-1,-1,-1,-1,-1,-1,-1
-1,-1,-1,-1,-1,-1,-1,-1,-1,-1,-1,-1,-1,-1,-1,-1,-1,-1,-1,-1,-1,-1,-1,0,0,7,7,7,7,7,0,0,-1,-1,-1,-1,-1,-1,-1,-1,-1,-1
-1,-1,-1,-1,-1,-1,-1,-1,-1,-1,-1,-1,-1,-1,-1,-1,-1,-1,-1,-1,-1,-1,-1,-1,-1,0,0,0,0,0,-1,-1,-1,-1,-1,-1,-1,-1,-1,-1,-1,-1
0,0,0
0.2705882,0.2705882,0.2705882
0.4784314,0.4784314,0.4784314
0.3803922,0.3803922,0.3803922
0.8627452,0.8627452,0.8627452
1,1,1
0.1960784,0.1960784,0.1960784
0.4470589,0.4470589,0.4470589
0.6666667,0.6666667,0.6666667
0.5843138,0.5843138,0.5843138
0.8509805,0.8509805,0.8509805
0.7098039,0.7098039,0.7098039
