54,80,
-1,-1,-1,-1,-1,-1,-1,-1,-1,-1,-1,-1,-1,0,0,0,0,0,0,0,0,0,0,0,0,0,-1,-1,0,0,0,0,0,0,0,0,0,0,0,0,0,-1,-1,-1,-1,-1,-1,-1,-1,-1,-1,-1,-1,-1
-1,-1,-1,-1,-1,-1,-1,-1,-1,-1,-1,-1,-1,0,1,2,2,2,2,2,2,2,2,2,2,0,-1,-1,0,2,2,2,2,2,2,2,2,2,2,1,0,-1,-1,-1,-1,-1,-1,-1,-1,-1,-1,-1,-1,-1
-1,-1,-1,-1,-1,-1,-1,-1,-1,-1,-1,-1,-1,0,0,1,2,2,2,2,2,2,2,2,2,0,-1,-1,0,2,2,2,2,2,2,2,2,2,1,0,0,-1,-1,-1,-1,-1,-1,-1,-1,-1,-1,-1,-1,-1
-1,-1,-1,-1,-1,-1,-1,-1,-1,-1,-1,-1,-1,-1,0,0,1,2,2,2,2,2,2,2,2,0,-1,-1,0,2,2,2,2,2,2,2,2,1,0,0,-1,-1,-1,-1,-1,-1,-1,-1,-1,-1,-1,-1,-1,-1
-1,-1,-1,-1,-1,-1,-1,-1,-1,-1,-1,-1,-1,-1,-1,0,0,1,2,2,2,2,2,2,2,0,-1,-1,0,2,2,2,2,2,2,2,1,0,0,-1,-1,-1,-1,-1,-1,-1,-1,-1,-1,-1,-1,-1,-1,-1
-1,-1,-1,-1,-1,-1,-1,-1,-1,-1,-1,-1,-1,-1,-1,-1,0,0,0,0,0,0,0,0,0,0,-1,-1,0,0,0,0,0,0,0,0,0,0,-1,-1,-1,-1,-1,-1,-1,-1,-1,-1,-1,-1,-1,-1,-1,-1
-1,-1,-1,-1,-1,-1,-1,-1,-1,-1,-1,-1,-1,-1,-1,-1,0,1,1,1,1,1,1,1,1,0,-1,-1,0,1,1,1,1,1,1,1,1,0,-1,-1,-1,-1,-1,-1,-1,-1,-1,-1,-1,-1,-1,-1,-1,-1
-1,-1,-1,-1,-1,-1,-1,-1,-1,-1,-1,-1,-1,-1,-1,-1,0,1,1,1,1,1,1,1,1,0,-1,-1,0,1,1,1,1,1,1,1,1,0,-1,-1,-1,-1,-1,-1,-1,-1,-1,-1,-1,-1,-1,-1,-1,-1
-1,-1,-1,-1,-1,-1,-1,-1,-1,-1,-1,-1,-1,-1,-1,-1,0,1,1,1,1,1,1,1,1,0,-1,-1,0,1,1,1,1,1,1,1,1,0,-1,-1,-1,-1,-1,-1,-1,-1,-1,-1,-1,-1,-1,-1,-1,-1
-1,-1,-1,-1,-1,-1,-1,-1,-1,-1,-1,-1,-1,-1,-1,-1,0,1,1,1,1,1,1,1,1,0,-1,-1,0,1,1,1,1,1,1,1,1,0,-1,-1,-1,-1,-1,-1,-1,-1,-1,-1,-1,-1,-1,-1,-1,-1
-1,-1,-1,-1,-1,-1,-1,-1,-1,-1,-1,-1,-1,-1,-1,-1,0,1,1,1,1,1,1,1,1,0,-1,-1,0,1,1,1,1,1,1,1,1,0,-1,-1,-1,-1,-1,-1,-1,-1,-1,-1,-1,-1,-1,-1,-1,-1
-1,-1,-1,-1,-1,-1,-1,-1,-1,-1,-1,-1,-1,-1,-1,-1,0,1,1,1,1,1,1,1,1,0,-1,-1,0,1,1,1,1,1,1,1,1,0,-1,-1,-1,-1,-1,-1,-1,-1,-1,-1,-1,-1,-1,-1,-1,-1
-1,-1,-1,-1,-1,-1,-1,-1,-1,-1,-1,-1,-1,-1,-1,-1,0,2,1,1,1,1,1,1,1,0,-1,-1,0,1,1,1,1,1,1,1,2,0,-1,-1,-1,-1,-1,-1,-1,-1,-1,-1,-1,-1,-1,-1,-1,-1
-1,-1,-1,-1,-1,-1,-1,-1,-1,-1,-1,-1,-1,-1,0,0,0,0,1,1,1,1,1,1,1,0,-1,-1,0,1,1,1,1,1,1,1,0,0,0,0,-1,-1,-1,-1,-1,-1,-1,-1,-1,-1,-1,-1,-1,-1
-1,-1,-1,-1,-1,-1,-1,-1,-1,-1,-1,-1,0,0,0,2,2,0,1,1,1,1,1,1,1,0,-1,-1,0,1,1,1,1,1,1,2,0,2,2,0,0,0,-1,-1,-1,-1,-1,-1,-1,-1,-1,-1,-1,-1
-1,-1,-1,-1,-1,-1,0,0,0,-1,0,0,0,2,1,1,2,0,2,1,1,1,1,1,1,0,0,0,0,1,1,1,1,1,1,2,0,2,1,2,2,0,0,0,-1,0,0,0,-1,-1,-1,-1,-1,-1
-1,-1,-1,0,0,0,2,2,2,0,0,2,2,1,1,1,2,0,2,1,1,1,1,1,1,1,1,1,1,1,1,1,1,1,1,2,0,2,1,1,1,2,2,0,0,2,2,2,0,0,0,-1,-1,-1
-1,-1,0,0,2,2,2,2,2,2,0,1,1,1,1,1,2,2,0,2,1,1,1,1,2,2,2,2,2,2,1,1,1,1,2,0,2,2,1,1,1,1,1,0,2,2,2,2,2,2,0,0,-1,-1
-1,0,0,2,2,2,2,2,2,2,0,1,1,1,1,1,2,2,0,2,2,2,2,2,2,0,0,0,0,2,2,2,2,2,2,0,2,2,1,1,1,1,1,0,2,2,2,2,2,2,2,0,0,-1
-1,0,1,2,2,2,2,2,2,2,0,1,1,1,1,1,1,2,0,0,0,0,0,0,0,0,3,3,0,0,0,0,0,0,0,0,2,1,1,1,1,1,1,0,2,2,2,2,2,2,2,1,0,-1
0,1,1,2,2,2,2,2,2,2,2,0,1,1,1,1,1,2,0,2,2,2,2,2,2,0,3,3,0,2,2,2,2,2,2,0,2,1,1,1,1,1,0,2,2,2,2,2,2,2,2,1,1,0
0,0,1,2,2,2,2,2,2,0,0,0,1,1,1,1,1,2,0,0,0,0,0,0,0,0,3,3,0,0,0,0,0,0,0,0,2,1,1,1,1,1,0,0,0,2,2,2,2,2,2,1,0,0
-1,0,0,1,2,2,0,0,0,0,1,0,1,1,1,1,1,2,0,4,4,4,4,4,4,0,0,0,0,4,4,4,4,4,4,0,2,1,1,1,1,1,0,1,0,0,0,0,2,2,1,0,0,-1
-1,-1,0,0,0,0,0,1,1,1,1,0,1,1,1,1,2,0,0,4,3,3,3,3,3,3,3,3,3,3,3,3,3,3,4,0,0,2,1,1,1,1,0,1,1,1,1,0,0,0,0,0,-1,-1
-1,-1,-1,0,0,1,1,1,1,1,1,0,1,1,1,2,0,1,1,0,4,3,3,3,3,3,3,3,3,3,3,3,3,4,0,1,1,0,2,1,1,1,0,1,1,1,1,1,1,0,0,-1,-1,-1
-1,-1,-1,0,5,1,1,1,1,1,1,0,1,1,2,2,0,1,1,0,4,3,3,3,3,3,0,0,3,3,3,3,3,4,0,1,1,0,2,1,1,1,0,1,1,1,1,1,1,5,0,-1,-1,-1
-1,-1,-1,0,5,1,1,1,1,1,1,1,0,1,2,0,1,1,1,0,4,3,3,3,3,0,0,0,0,3,3,3,3,4,0,1,1,1,0,2,1,1,0,1,1,1,1,1,1,5,0,-1,-1,-1
-1,-1,-1,0,5,1,1,1,1,1,1,1,0,1,0,1,1,1,1,0,4,3,3,3,0,0,2,2,0,0,3,3,3,4,0,1,1,1,1,0,1,0,1,1,1,1,1,1,1,5,0,-1,-1,-1
-1,-1,-1,-1,0,5,1,1,1,1,1,1,0,1,0,1,1,1,1,0,4,3,3,0,0,2,2,2,4,0,0,3,3,4,0,1,1,1,1,0,1,0,1,1,1,1,1,1,5,0,-1,-1,-1,-1
-1,-1,-1,-1,0,5,1,1,1,1,1,1,0,1,0,1,1,1,1,0,4,3,0,0,2,2,2,2,2,2,0,0,3,4,0,1,1,1,1,0,1,0,1,1,1,1,1,1,5,0,-1,-1,-1,-1
-1,-1,-1,-1,0,5,1,1,1,1,1,1,0,1,1,0,1,1,1,1,0,3,0,2,2,2,2,2,2,2,2,0,3,0,1,1,1,1,0,1,1,0,1,1,1,1,1,1,5,0,-1,-1,-1,-1
-1,-1,-1,-1,-1,0,5,1,1,1,1,1,0,1,1,0,1,1,1,1,0,4,0,0,2,4,2,2,2,2,0,0,4,0,1,1,1,1,0,1,1,0,1,1,1,1,1,5,0,-1,-1,-1,-1,-1
-1,-1,-1,-1,-1,0,5,1,1,1,1,1,0,1,1,0,1,1,1,1,0,4,3,0,2,2,2,2,2,2,0,3,4,0,1,1,1,1,0,1,1,0,1,1,1,1,1,5,0,-1,-1,-1,-1,-1
-1,-1,-1,-1,-1,0,0,5,1,1,1,1,1,0,1,0,1,1,1,1,0,4,3,0,2,2,2,2,4,2,0,3,4,0,1,1,1,1,0,1,0,1,1,1,1,1,5,0,0,-1,-1,-1,-1,-1
-1,-1,-1,-1,-1,-1,0,5,1,1,1,1,1,0,1,0,1,1,1,1,0,4,3,0,0,2,2,2,2,0,0,3,4,0,1,1,1,1,0,1,0,1,1,1,1,1,5,0,-1,-1,-1,-1,-1,-1
-1,-1,-1,-1,-1,-1,0,0,5,1,1,1,1,0,1,0,1,1,1,1,0,4,3,3,0,2,2,2,2,0,3,3,4,0,1,1,1,1,0,1,0,1,1,1,1,5,0,0,-1,-1,-1,-1,-1,-1
-1,-1,-1,-1,-1,-1,-1,0,5,1,1,1,1,0,1,1,0,1,1,1,0,4,4,3,0,2,4,2,2,0,3,4,4,0,1,1,1,0,1,1,0,1,1,1,1,5,0,-1,-1,-1,-1,-1,-1,-1
-1,-1,-1,-1,-1,-1,-1,0,5,5,1,1,1,1,1,1,0,1,1,1,1,0,4,3,3,0,2,2,0,3,3,4,0,1,1,1,1,0,1,1,1,1,1,1,5,5,0,-1,-1,-1,-1,-1,-1,-1
-1,-1,-1,-1,-1,-1,-1,-1,0,5,1,1,1,1,1,1,0,1,1,1,1,0,4,4,4,0,2,2,0,4,4,4,0,1,1,1,1,0,1,1,1,1,1,1,5,0,-1,-1,-1,-1,-1,-1,-1,-1
-1,-1,-1,-1,-1,-1,-1,-1,0,5,1,1,1,1,1,1,0,1,1,1,1,0,4,0,0,0,0,0,0,0,0,4,0,1,1,1,1,0,1,1,1,1,1,1,5,0,-1,-1,-1,-1,-1,-1,-1,-1
-1,-1,-1,-1,-1,-1,-1,-1,0,0,5,1,1,1,1,1,0,1,1,1,1,0,0,0,3,0,2,2,0,3,0,0,0,1,1,1,1,0,1,1,1,1,1,5,0,0,-1,-1,-1,-1,-1,-1,-1,-1
-1,-1,-1,-1,-1,-1,-1,-1,-1,0,5,1,1,1,1,1,0,1,1,2,0,0,3,3,3,0,2,4,0,3,3,3,0,0,2,1,1,0,1,1,1,1,1,5,0,-1,-1,-1,-1,-1,-1,-1,-1,-1
-1,-1,-1,-1,-1,-1,-1,-1,-1,0,0,2,2,2,2,1,1,0,2,0,0,3,3,4,4,0,0,0,0,4,4,3,3,0,0,2,0,1,1,2,2,2,2,0,0,-1,-1,-1,-1,-1,-1,-1,-1,-1
-1,-1,-1,-1,-1,-1,-1,-1,-1,-1,0,0,0,0,0,2,2,0,2,0,3,3,4,0,0,0,6,6,0,0,0,4,3,3,0,2,0,2,2,0,0,0,0,0,-1,-1,-1,-1,-1,-1,-1,-1,-1,-1
-1,-1,-1,-1,-1,-1,-1,-1,-1,-1,-1,-1,-1,-1,0,0,0,0,0,0,4,4,0,0,6,6,6,6,6,6,0,0,4,4,0,0,0,0,0,0,-1,-1,-1,-1,-1,-1,-1,-1,-1,-1,-1,-1,-1,-1
-1,-1,-1,-1,-1,-1,-1,-1,-1,-1,-1,0,0,0,0,0,0,0,0,0,0,0,0,0,0,0,0,0,0,0,0,0,0,0,0,0,0,0,0,0,0,0,0,-1,-1,-1,-1,-1,-1,-1,-1,-1,-1,-1
-1,-1,-1,-1,-1,-1,-1,-1,-1,-1,0,0,0,0,0,0,0,0,0,0,0,0,0,0,0,0,0,0,0,0,0,0,0,0,0,0,0,0,0,0,0,0,0,0,-1,-1,-1,-1,-1,-1,-1,-1,-1,-1
-1,-1,-1,-1,-1,-1,-1,-1,-1,0,0,7,7,7,7,7,7,7,7,7,7,7,7,7,7,7,7,7,7,7,7,7,7,7,7,7,7,7,7,7,7,7,7,0,0,-1,-1,-1,-1,-1,-1,-1,-1,-1
-1,-1,-1,-1,-1,-1,-1,-1,0,0,7,7,7,7,7,7,7,7,7,7,7,7,7,7,7,7,7,7,7,7,7,7,7,7,7,7,7,7,7,7,7,7,7,7,0,0,-1,-1,-1,-1,-1,-1,-1,-1
-1,-1,-1,-1,-1,-1,-1,-1,0,0,8,6,0,0,6,6,6,6,6,6,6,6,6,6,6,6,6,6,6,6,6,6,6,6,6,6,6,6,6,6,0,0,6,8,0,0,-1,-1,-1,-1,-1,-1,-1,-1
-1,-1,-1,-1,-1,-1,-1,-1,0,0,8,6,0,6,6,6,6,6,6,6,6,6,6,6,0,0,0,0,0,0,6,6,6,6,6,6,6,6,6,6,6,0,6,8,0,0,-1,-1,-1,-1,-1,-1,-1,-1
-1,-1,-1,-1,-1,-1,-1,-1,0,0,8,6,6,6,6,6,6,6,6,6,6,6,0,0,2,2,2,2,2,2,0,0,6,6,6,6,6,6,6,6,6,6,6,8,0,0,-1,-1,-1,-1,-1,-1,-1,-1
-1,-1,-1,-1,-1,-1,-1,-1,0,0,8,6,6,6,6,6,6,6,6,6,0,0,2,2,1,1,1,1,1,1,2,2,0,0,6,6,6,6,6,6,6,6,6,8,0,0,-1,-1,-1,-1,-1,-1,-1,-1
-1,-1,-1,-1,-1,-1,-1,-1,0,0,8,6,6,6,6,6,6,6,6,0,2,2,1,1,1,0,0,0,0,1,1,1,9,9,0,6,6,6,6,6,6,6,6,8,0,0,-1,-1,-1,-1,-1,-1,-1,-1
-1,-1,-1,-1,-1,-1,-1,-1,0,0,8,6,6,6,6,6,6,6,6,0,1,1,1,1,0,2,2,2,2,0,1,1,1,1,0,6,6,6,6,6,6,6,6,8,0,0,-1,-1,-1,-1,-1,-1,-1,-1
-1,-1,-1,-1,-1,-1,-1,-1,0,0,8,6,6,6,6,6,6,6,6,0,1,1,1,0,2,2,2,2,2,2,0,1,1,1,0,6,6,6,6,6,6,6,6,8,0,0,-1,-1,-1,-1,-1,-1,-1,-1
-1,-1,-1,-1,-1,0,0,0,0,0,8,6,6,6,6,6,6,6,0,1,1,1,0,2,2,2,2,2,2,2,2,0,1,1,1,0,6,6,6,6,6,6,6,8,0,0,0,0,0,-1,-1,-1,-1,-1
-1,-1,-1,-1,0,2,2,2,0,0,8,6,6,6,6,6,6,6,0,1,1,1,0,2,2,2,2,2,2,2,2,0,1,1,1,0,6,6,6,6,6,6,6,8,0,0,2,2,2,0,-1,-1,-1,-1
-1,-1,-1,0,2,2,1,1,0,0,8,6,6,6,6,6,6,6,0,5,1,1,0,2,2,2,2,2,2,2,2,0,1,1,5,0,6,6,6,6,6,6,6,8,0,0,1,1,2,2,0,-1,-1,-1
-1,-1,0,2,2,1,1,1,0,0,8,6,6,6,6,6,6,6,0,5,1,1,0,2,2,2,2,2,2,2,2,0,1,1,5,0,6,6,6,6,6,6,6,8,0,0,1,1,1,2,2,0,-1,-1
-1,-1,0,2,1,1,1,1,0,0,8,6,6,6,6,6,6,6,0,5,1,1,0,2,2,2,2,2,2,2,2,0,1,1,5,0,6,6,6,6,6,6,6,8,0,0,1,1,1,1,2,0,-1,-1
-1,-1,0,2,1,1,1,1,0,0,8,6,6,6,6,6,6,6,6,0,5,1,1,0,2,2,2,2,2,2,0,1,1,5,0,6,6,6,6,6,6,6,6,8,0,0,1,1,1,1,2,0,-1,-1
-1,-1,0,2,1,1,1,1,0,0,8,6,6,6,6,6,6,6,6,0,5,1,1,1,0,2,2,2,2,0,1,1,1,5,0,6,6,6,6,6,6,6,6,8,0,0,1,1,1,1,2,0,-1,-1
-1,-1,0,2,1,1,1,1,0,0,8,6,6,6,6,6,6,6,6,0,5,5,1,1,1,0,0,0,0,1,1,1,5,5,0,6,6,6,6,6,6,6,6,8,0,0,1,1,1,1,2,0,-1,-1
-1,-1,0,2,1,1,1,1,0,0,8,6,6,6,6,6,6,6,6,6,0,0,5,5,1,1,1,1,1,1,5,5,0,0,6,6,6,6,6,6,6,6,6,8,0,0,1,1,1,1,2,0,-1,-1
-1,-1,-1,0,5,1,1,1,0,0,8,6,6,6,6,6,6,6,6,6,6,6,0,0,5,5,5,5,5,5,0,0,6,6,6,6,6,6,6,6,6,6,6,8,0,0,1,1,1,5,0,-1,-1,-1
-1,-1,-1,-1,0,5,1,1,0,0,8,6,0,6,6,6,6,6,6,6,6,6,6,6,0,0,0,0,0,0,6,6,6,6,6,6,6,6,6,6,6,0,6,8,0,0,1,1,5,0,-1,-1,-1,-1
-1,-1,-1,-1,-1,0,0,0,0,0,8,6,0,0,6,6,6,6,6,6,6,6,6,6,6,6,6,6,6,6,6,6,6,6,6,6,6,6,6,6,0,0,6,8,0,0,0,0,0,-1,-1,-1,-1,-1
-1,-1,-1,-1,0,1,1,1,0,0,8,6,6,6,6,6,6,6,6,6,6,6,6,6,6,6,6,6,6,6,6,6,6,6,6,6,6,6,6,6,6,6,6,8,0,0,1,1,1,0,-1,-1,-1,-1
-1,-1,-1,-1,0,1,1,1,1,0,0,8,8,8,8,8,8,8,8,8,8,8,8,8,8,8,8,8,8,8,8,8,8,8,8,8,8,8,8,8,8,8,8,0,0,1,1,1,1,0,-1,-1,-1,-1
-1,-1,-1,-1,0,5,1,1,1,1,0,0,0,0,0,0,0,0,0,0,0,0,0,0,0,0,0,0,0,0,0,0,0,0,0,0,0,0,0,0,0,0,0,0,1,1,1,1,1,0,-1,-1,-1,-1
-1,-1,-1,-1,0,5,5,1,1,1,1,0,0,0,0,0,0,0,0,0,0,0,0,0,0,0,0,0,0,0,0,0,0,0,0,0,0,0,0,0,0,0,0,1,1,1,1,5,5,0,-1,-1,-1,-1
-1,-1,-1,-1,-1,0,0,5,1,1,1,1,0,0,-1,-1,-1,-1,-1,-1,-1,-1,-1,-1,-1,-1,-1,-1,-1,-1,-1,-1,-1,-1,-1,-1,-1,-1,-1,-1,0,0,1,1,1,1,5,0,0,-1,-1,-1,-1,-1
-1,-1,-1,-1,-1,-1,0,5,5,1,1,1,1,0,0,0,-1,-1,-1,-1,-1,-1,-1,-1,-1,-1,-1,-1,-1,-1,-1,-1,-1,-1,-1,-1,-1,-1,0,0,0,1,1,1,1,5,5,0,-1,-1,-1,-1,-1,-1
-1,-1,-1,-1,-1,-1,-1,0,0,5,5,1,1,1,1,0,0,0,-1,-1,-1,-1,-1,-1,-1,-1,-1,-1,-1,-1,-1,-1,-1,-1,-1,-1,0,0,0,1,1,1,1,5,5,0,0,-1,-1,-1,-1,-1,-1,-1
-1,-1,-1,-1,-1,-1,-1,-1,0,0,0,5,1,1,1,1,1,0,0,0,0,0,0,0,0,0,0,0,0,0,0,0,0,0,0,0,0,1,1,1,1,1,5,0,0,0,-1,-1,-1,-1,-1,-1,-1,-1
-1,-1,-1,-1,-1,-1,-1,-1,-1,-1,0,0,5,5,1,1,1,1,1,1,1,1,1,1,1,1,1,1,1,1,1,1,1,1,1,1,1,1,1,1,5,5,0,0,-1,-1,-1,-1,-1,-1,-1,-1,-1,-1
-1,-1,-1,-1,-1,-1,-1,-1,-1,-1,-1,0,0,0,5,5,5,5,5,1,1,1,1,1,1,1,1,1,1,1,1,1,1,1,1,5,5,5,5,5,0,0,0,-1,-1,-1,-1,-1,-1,-1,-1,-1,-1,-1
-1,-1,-1,-1,-1,-1,-1,-1,-1,-1,-1,-1,-1,0,0,0,0,0,0,5,5,5,5,5,5,5,5,5,5,5,5,5,5,5,5,0,0,0,0,0,0,-1,-1,-1,-1,-1,-1,-1,-1,-1,-1,-1,-1,-1
-1,-1,-1,-1,-1,-1,-1,-1,-1,-1,-1,-1,-1,-1,-1,-1,-1,-1,0,0,0,0,0,0,0,0,0,0,0,0,0,0,0,0,0,0,-1,-1,-1,-1,-1,-1,-1,-1,-1,-1,-1,-1,-1,-1,-1,-1,-1,-1
0,0,0
0.2745098,0.282353,0.3333333
0.1372549,0.1490196,0.172549
1,1,1
0.7137255,0.7137255,0.7137255
0.4941177,0.5019608,0.5450981
0.5607843,0.5921569,0.6588235
0.4078432,0.4117647,0.4705883
0.7294118,0.7529413,0.7843138
0.1411765,0.1490196,0.1803922
