62,71,
-1,-1,-1,-1,-1,-1,-1,-1,-1,-1,-1,-1,-1,-1,0,0,0,0,0,0,0,0,0,0,0,0,0,0,0,0,0,0,0,0,0,0,0,0,0,0,0,0,0,0,0,0,0,0,0,0,-1,-1,-1,-1,-1,-1,-1,-1,-1,-1,-1,-1
-1,-1,-1,-1,-1,-1,-1,-1,-1,-1,-1,-1,-1,-1,0,1,1,1,1,1,1,0,0,2,2,2,2,0,2,2,2,2,2,2,2,0,1,1,1,1,1,1,1,3,3,3,3,3,3,0,-1,-1,-1,-1,-1,-1,-1,-1,-1,-1,-1,-1
-1,-1,-1,-1,-1,-1,-1,-1,-1,-1,-1,-1,-1,-1,0,1,1,1,1,1,1,0,2,2,2,2,2,0,2,2,2,2,2,2,2,0,1,1,1,1,1,1,1,3,3,3,3,3,0,-1,-1,-1,-1,-1,-1,-1,-1,-1,-1,-1,-1,-1
-1,-1,-1,-1,-1,-1,-1,-1,-1,-1,-1,-1,-1,0,0,1,1,1,1,1,1,0,2,2,2,2,2,0,2,2,2,2,2,2,2,0,1,1,1,1,1,1,3,3,3,3,3,3,0,-1,-1,-1,-1,-1,-1,-1,-1,-1,-1,-1,-1,-1
-1,-1,-1,-1,-1,-1,-1,-1,-1,-1,-1,-1,-1,0,4,1,1,1,1,1,1,0,2,2,2,2,2,0,2,2,2,2,2,2,2,0,1,1,1,1,1,1,3,0,0,0,0,0,0,0,-1,-1,-1,-1,-1,-1,-1,-1,-1,-1,-1,-1
-1,-1,-1,-1,-1,-1,-1,-1,-1,-1,-1,-1,-1,0,4,1,1,1,1,1,0,0,2,2,2,2,2,2,2,2,2,2,2,2,2,0,1,1,1,1,1,1,0,0,5,5,0,3,3,0,-1,-1,-1,-1,-1,-1,-1,-1,-1,-1,-1,-1
-1,-1,-1,-1,-1,-1,-1,-1,-1,-1,-1,-1,-1,0,3,3,3,3,3,1,0,2,2,2,2,2,2,2,2,2,2,2,2,2,2,0,1,1,1,1,1,1,0,5,5,5,0,3,3,3,0,-1,-1,-1,-1,-1,-1,-1,-1,-1,-1,-1
-1,-1,-1,-1,-1,-1,-1,-1,-1,-1,-1,-1,-1,0,3,3,3,3,3,1,0,2,2,2,2,2,2,2,2,2,2,2,2,2,2,0,1,1,1,1,1,0,0,5,5,0,4,1,3,3,3,0,-1,-1,-1,-1,-1,-1,-1,-1,-1,-1
-1,-1,-1,-1,-1,-1,-1,-1,-1,-1,-1,-1,-1,0,3,3,3,3,3,1,0,2,2,2,2,2,2,2,2,2,2,2,2,2,2,0,1,1,1,1,0,0,5,5,5,0,4,1,1,3,3,3,0,-1,-1,-1,-1,-1,-1,-1,-1,-1
-1,-1,-1,-1,-1,-1,-1,-1,-1,-1,-1,-1,-1,0,3,3,3,3,3,1,0,2,2,2,2,2,2,2,2,2,2,2,2,2,2,0,1,1,1,1,0,5,5,5,5,0,4,1,1,1,1,3,3,0,-1,-1,-1,-1,-1,-1,-1,-1
-1,-1,-1,-1,-1,-1,-1,-1,-1,-1,-1,-1,-1,0,3,3,3,3,3,1,0,0,0,0,0,0,0,0,0,0,0,0,0,0,0,0,1,1,1,1,0,5,5,5,5,0,4,1,1,1,1,1,3,0,0,-1,-1,-1,-1,-1,-1,-1
-1,-1,-1,-1,-1,-1,-1,-1,-1,-1,-1,-1,-1,0,3,3,3,3,3,1,0,6,6,6,7,7,7,7,0,7,7,7,7,6,7,0,1,1,1,1,0,0,5,5,5,0,4,1,1,1,1,1,1,3,3,0,-1,-1,-1,-1,-1,-1
-1,-1,-1,-1,-1,-1,-1,-1,-1,-1,-1,-1,-1,0,3,3,3,3,3,1,0,6,6,6,7,7,7,7,0,7,7,7,7,6,0,1,1,1,1,1,1,0,0,0,5,0,4,1,1,1,1,1,1,1,3,0,0,-1,-1,-1,-1,-1
-1,-1,-1,-1,-1,-1,-1,-1,-1,-1,-1,-1,-1,0,3,3,3,3,1,1,1,0,6,6,7,7,7,7,0,7,7,7,7,6,0,1,1,1,1,1,1,3,3,0,0,0,4,1,1,1,1,1,1,1,1,3,0,0,-1,-1,-1,-1
-1,-1,-1,-1,-1,-1,-1,-1,-1,-1,-1,-1,-1,0,4,1,1,1,1,1,1,0,6,6,7,7,7,6,0,7,7,7,7,6,0,1,1,1,1,1,1,3,3,3,3,0,0,4,1,1,1,1,1,1,1,3,3,0,0,-1,-1,-1
-1,-1,-1,-1,-1,-1,-1,-1,-1,-1,-1,-1,-1,0,4,1,1,1,1,1,1,0,6,7,7,7,6,0,0,6,7,7,7,6,0,1,1,1,1,1,1,1,3,3,3,3,0,0,4,4,1,1,1,1,1,1,3,3,0,0,-1,-1
-1,-1,-1,-1,-1,-1,-1,-1,-1,-1,-1,-1,-1,0,4,1,1,1,1,1,1,0,6,7,7,6,0,0,5,0,6,7,7,6,0,1,1,1,1,1,1,1,3,3,3,3,0,0,0,0,4,1,1,1,1,1,1,3,3,0,-1,-1
-1,-1,-1,-1,-1,-1,-1,-1,-1,-1,-1,-1,-1,0,4,1,1,1,1,1,1,0,6,7,7,6,0,5,5,0,6,6,7,6,0,1,1,1,1,1,1,1,3,3,3,3,0,-1,-1,0,0,4,4,1,1,1,1,1,3,3,0,-1
-1,-1,-1,-1,-1,-1,-1,-1,-1,-1,-1,-1,-1,0,4,1,1,1,1,1,1,0,6,7,7,0,0,8,5,5,0,6,7,6,0,1,1,1,1,1,1,1,1,3,3,3,0,-1,-1,-1,-1,0,4,4,4,1,1,1,1,3,0,0
-1,-1,-1,-1,-1,-1,-1,-1,-1,-1,-1,-1,-1,0,4,1,1,1,1,1,1,0,6,7,7,0,8,8,8,5,0,6,6,6,0,3,1,1,1,1,1,1,1,3,3,0,0,-1,-1,-1,-1,-1,0,3,4,4,1,1,1,1,3,0
-1,-1,-1,-1,0,0,0,0,0,0,0,0,-1,0,4,1,1,1,1,1,1,0,6,7,6,0,8,8,8,5,0,0,6,6,0,3,1,1,1,1,1,1,1,3,3,0,-1,-1,-1,-1,-1,-1,-1,0,0,3,3,1,1,1,3,0
-1,-1,-1,0,0,3,3,3,3,3,0,0,0,0,4,1,1,1,1,1,1,0,6,7,6,0,9,8,8,5,5,0,6,6,0,3,1,1,1,1,1,1,1,1,3,0,-1,-1,-1,-1,-1,-1,0,0,3,3,1,1,1,1,4,0
-1,-1,-1,0,3,3,3,3,3,3,3,3,0,0,4,1,1,1,1,1,1,0,6,7,0,9,9,8,8,8,5,0,6,6,0,3,1,1,1,1,1,1,1,1,3,0,-1,-1,-1,-1,-1,0,0,3,3,3,1,1,1,4,0,0
-1,-1,0,0,3,3,3,3,3,3,3,3,3,0,4,1,1,1,1,1,1,0,6,7,0,9,8,8,8,8,5,0,0,6,0,3,3,1,1,1,1,1,1,1,3,0,-1,-1,-1,-1,0,0,3,3,3,1,1,1,1,4,0,-1
-1,-1,0,3,3,3,3,1,1,1,3,3,3,0,4,1,1,1,1,1,1,0,6,7,0,9,8,8,8,8,8,5,0,6,0,3,3,1,1,1,1,1,1,1,3,0,-1,-1,-1,0,0,3,3,3,1,1,1,1,4,0,0,-1
-1,-1,0,3,3,1,1,1,1,1,1,1,3,0,4,1,1,1,1,1,1,0,6,7,0,9,8,8,8,8,8,5,0,6,0,3,3,1,1,1,1,1,1,1,3,0,-1,-1,-1,0,3,3,3,1,1,1,1,1,4,0,-1,-1
-1,-1,0,3,3,1,1,1,1,1,1,1,3,0,4,1,1,1,1,1,1,1,0,7,0,9,9,8,8,8,8,5,0,6,0,3,3,1,1,1,1,1,1,1,1,0,-1,-1,0,0,3,3,1,1,1,1,1,4,0,0,-1,-1
-1,-1,0,3,1,1,1,1,1,1,1,1,3,0,4,1,1,1,1,1,1,3,0,7,0,0,9,8,8,8,8,5,0,0,6,0,3,3,1,1,1,1,1,1,1,0,-1,0,0,3,3,1,1,1,1,1,4,0,0,-1,-1,-1
-1,-1,0,3,1,1,1,1,1,1,1,1,1,0,4,1,1,1,1,1,3,3,0,6,7,0,9,8,8,8,8,5,5,0,6,0,3,3,3,1,1,1,1,1,1,3,0,0,3,1,1,1,1,1,1,1,4,0,-1,-1,-1,-1
-1,-1,0,3,1,1,1,1,1,1,1,1,1,0,4,1,1,1,1,1,3,3,0,6,7,0,9,8,8,8,8,5,5,0,6,0,3,3,3,1,1,1,1,1,1,3,0,3,1,1,1,1,1,1,1,4,0,0,-1,-1,-1,-1
-1,-1,0,1,1,1,1,1,1,1,1,1,0,0,4,1,1,1,1,1,3,0,0,6,7,0,9,8,8,8,8,5,5,0,6,0,3,3,3,3,1,1,1,1,1,3,3,1,1,1,1,1,1,1,1,4,0,-1,-1,-1,-1,-1
-1,-1,0,4,1,1,1,1,1,1,1,1,0,0,4,1,1,1,1,3,0,0,0,6,6,0,9,9,8,8,8,5,5,0,6,0,0,3,3,3,3,1,1,1,1,1,1,1,1,1,1,1,1,1,4,0,0,-1,-1,-1,-1,-1
-1,-1,0,4,1,1,1,1,1,1,1,1,0,0,4,1,1,1,3,3,0,1,0,6,6,0,0,9,8,8,8,5,5,0,6,0,0,0,3,3,3,3,1,1,1,1,1,1,1,1,1,1,1,1,4,0,-1,-1,-1,-1,-1,-1
-1,-1,0,4,1,1,1,1,1,1,1,0,1,0,4,1,1,1,3,0,0,1,0,6,6,7,0,9,8,8,8,5,5,0,6,0,4,0,0,3,3,3,3,1,1,1,1,1,1,1,1,1,1,4,0,0,-1,-1,-1,-1,-1,-1
-1,-1,0,4,1,1,1,1,1,1,1,0,1,0,4,1,1,3,3,0,4,1,0,6,6,7,0,9,8,8,8,5,0,6,6,0,4,4,0,0,3,3,3,1,1,1,1,1,1,1,1,1,4,0,0,-1,-1,-1,-1,-1,-1,-1
-1,-1,0,4,1,1,1,1,1,1,1,0,1,0,1,1,1,3,3,0,1,1,0,0,6,7,0,9,9,8,8,5,0,6,6,0,1,4,4,0,3,3,3,1,1,1,1,1,1,1,1,4,4,0,-1,-1,-1,-1,-1,-1,-1,-1
-1,-1,0,4,1,1,1,1,1,1,1,0,1,1,1,1,1,3,0,4,1,1,1,0,6,7,0,0,9,8,5,5,0,6,6,0,1,1,4,0,0,3,3,3,1,1,1,1,1,1,4,4,0,-1,-1,-1,-1,-1,-1,-1,-1,-1
-1,-1,0,4,1,1,1,1,1,1,1,0,1,1,1,1,1,3,0,4,1,1,1,0,6,7,7,0,0,5,5,0,0,6,6,0,1,1,1,4,0,0,3,3,1,1,1,1,1,4,4,0,-1,-1,-1,-1,-1,-1,-1,-1,-1,-1
-1,-1,0,4,1,1,1,1,1,1,1,0,1,1,1,1,1,3,0,4,1,1,1,0,6,7,7,6,0,0,0,0,0,6,6,0,1,1,1,1,4,0,3,3,1,1,1,1,1,0,0,-1,-1,-1,-1,-1,-1,-1,-1,-1,-1,-1
-1,-1,0,4,1,1,1,1,1,1,0,0,1,1,1,1,1,3,0,4,1,1,1,0,6,7,6,0,0,5,5,5,0,0,6,0,1,1,1,1,4,0,3,3,1,1,3,3,0,0,-1,-1,-1,-1,-1,-1,-1,-1,-1,-1,-1,-1
-1,-1,0,4,1,1,1,1,1,1,0,-1,0,1,1,1,1,3,0,4,1,1,1,0,6,7,6,0,9,5,5,5,5,0,6,0,1,1,1,1,1,0,3,3,3,3,3,0,0,0,-1,-1,-1,-1,-1,-1,-1,-1,-1,-1,-1,-1
-1,-1,0,4,1,1,1,1,1,1,0,-1,0,0,1,1,1,3,0,4,1,1,1,0,0,6,6,0,9,8,8,8,8,0,6,0,1,1,1,1,3,0,3,3,3,0,0,10,10,0,0,0,0,-1,-1,-1,-1,-1,-1,-1,-1,-1
-1,-1,0,4,1,1,1,1,1,1,0,-1,-1,0,1,1,1,3,0,0,4,1,1,1,0,6,6,0,9,9,8,8,8,0,6,0,3,3,3,3,3,0,3,0,0,0,10,10,10,10,10,0,0,-1,-1,-1,-1,-1,-1,-1,-1,-1
-1,-1,0,4,1,1,1,1,1,1,0,-1,-1,0,0,1,1,1,3,0,0,4,1,1,0,6,6,0,0,9,8,8,0,0,10,0,0,0,0,0,0,0,0,0,10,10,10,10,10,0,0,5,0,-1,-1,-1,-1,-1,-1,-1,-1,-1
-1,-1,0,4,4,4,4,4,4,4,0,-1,-1,-1,0,1,1,1,3,3,0,0,4,1,0,6,7,6,0,0,0,0,0,10,10,0,0,10,10,10,10,10,10,10,10,10,0,0,0,5,5,5,0,-1,-1,-1,-1,-1,-1,-1,-1,-1
-1,-1,0,0,0,0,0,0,0,4,0,-1,-1,-1,-1,0,1,1,1,3,3,0,4,4,0,6,6,6,0,10,10,10,10,10,10,10,10,10,10,10,10,10,10,10,0,0,5,5,5,5,5,5,0,-1,-1,-1,-1,-1,-1,-1,-1,-1
-1,-1,0,0,10,10,10,10,0,0,0,-1,-1,-1,-1,-1,0,0,3,3,3,3,0,0,0,0,0,0,0,10,10,10,10,10,10,10,10,10,10,10,10,0,0,0,5,5,5,5,5,0,0,5,0,-1,-1,-1,-1,-1,-1,-1,-1,-1
-1,-1,0,10,10,10,10,10,10,10,0,-1,-1,-1,-1,-1,-1,0,0,0,0,0,0,0,0,-1,-1,0,0,10,10,10,10,10,10,10,10,10,10,0,0,5,5,5,5,5,5,0,0,6,0,5,0,-1,-1,-1,-1,-1,-1,-1,-1,-1
-1,0,0,10,10,10,10,10,10,10,0,-1,-1,-1,-1,-1,-1,-1,-1,-1,-1,-1,-1,-1,0,0,0,10,10,10,10,10,10,10,10,10,0,0,0,5,5,5,5,5,0,0,0,7,7,6,0,5,5,0,-1,-1,-1,-1,-1,-1,-1,-1
-1,0,10,10,10,10,10,10,5,5,0,-1,-1,-1,-1,-1,-1,-1,-1,-1,-1,-1,0,0,10,10,10,10,10,10,10,10,10,0,0,0,5,5,5,5,5,0,0,0,7,7,7,7,7,6,0,5,5,0,-1,-1,-1,-1,-1,-1,-1,-1
-1,0,10,10,10,10,10,0,5,5,0,0,-1,-1,-1,-1,-1,-1,-1,-1,0,0,10,10,10,10,10,10,10,10,10,0,0,5,5,5,5,5,5,0,0,7,7,7,7,7,7,7,7,6,0,5,5,0,-1,-1,-1,-1,-1,-1,-1,-1
0,0,5,5,5,10,0,0,5,5,5,0,-1,-1,-1,-1,-1,-1,-1,-1,0,10,10,10,10,10,10,10,0,0,0,5,5,5,5,5,0,0,0,7,7,7,7,7,7,7,7,7,7,6,0,5,5,0,-1,-1,-1,-1,-1,-1,-1,-1
0,5,5,5,5,0,5,5,5,5,0,0,-1,-1,-1,-1,-1,-1,-1,-1,0,10,10,10,10,10,0,0,5,5,5,5,5,5,0,0,7,7,7,7,7,7,7,7,7,7,7,7,7,6,0,5,5,0,-1,-1,-1,-1,-1,-1,-1,-1
0,0,5,5,5,0,5,0,0,0,0,0,-1,-1,-1,-1,-1,-1,-1,0,10,10,10,0,0,0,5,5,5,5,5,0,0,0,7,7,7,7,7,7,7,7,7,7,7,7,7,7,7,6,0,5,5,0,-1,-1,-1,-1,-1,-1,-1,-1
-1,0,5,5,5,5,0,0,5,5,0,0,-1,-1,-1,-1,-1,-1,-1,0,10,0,0,5,5,5,5,5,0,0,0,7,7,7,7,7,7,7,7,7,7,7,7,7,7,7,7,7,7,6,0,5,5,0,-1,-1,-1,-1,-1,-1,-1,-1
-1,-1,0,0,5,5,5,5,5,5,0,-1,-1,-1,-1,-1,-1,-1,-1,0,0,5,5,5,5,5,0,0,7,7,7,7,7,7,7,7,7,7,7,7,7,7,7,7,7,7,7,7,7,6,0,5,5,0,-1,-1,-1,-1,-1,-1,-1,-1
-1,-1,-1,0,0,0,0,0,5,5,0,-1,-1,-1,-1,-1,-1,-1,-1,-1,0,5,5,5,0,0,6,7,7,7,7,7,7,7,7,7,7,7,7,7,7,7,7,7,7,7,7,7,7,6,0,5,5,0,-1,-1,-1,-1,-1,-1,-1,-1
-1,-1,-1,-1,-1,-1,-1,0,5,5,0,-1,-1,-1,-1,-1,-1,-1,-1,-1,0,5,5,5,5,0,6,7,7,7,7,7,7,7,7,7,7,7,7,7,7,7,7,7,7,7,7,7,7,6,0,5,5,0,-1,-1,-1,-1,-1,-1,-1,-1
-1,-1,-1,-1,-1,-1,-1,0,5,5,0,-1,-1,-1,-1,-1,-1,-1,-1,-1,-1,0,5,5,5,0,6,6,7,7,7,7,7,7,7,7,7,7,7,7,7,7,7,7,7,7,7,7,7,6,0,5,5,5,0,-1,-1,-1,-1,-1,-1,-1
-1,-1,-1,-1,-1,-1,-1,0,5,5,0,-1,-1,-1,-1,-1,-1,-1,-1,-1,-1,0,5,5,5,5,0,6,7,7,7,7,7,7,7,7,7,7,7,7,7,7,7,7,7,7,7,7,7,6,0,5,5,5,0,-1,-1,-1,-1,-1,-1,-1
-1,-1,-1,-1,-1,-1,-1,0,5,5,0,-1,-1,-1,-1,-1,-1,-1,-1,-1,-1,-1,0,5,5,5,0,6,6,7,7,7,7,7,7,7,7,7,7,7,7,7,7,7,7,7,6,6,6,6,0,5,5,5,0,-1,-1,-1,-1,-1,-1,-1
-1,-1,-1,-1,-1,-1,-1,0,5,0,-1,-1,-1,-1,-1,-1,-1,-1,-1,-1,-1,-1,0,5,5,5,5,0,6,6,7,7,7,7,7,7,7,7,7,7,7,7,6,6,6,6,6,6,0,0,0,5,5,5,0,-1,-1,-1,-1,-1,-1,-1
-1,-1,-1,-1,-1,-1,-1,0,0,0,-1,-1,-1,-1,-1,-1,-1,-1,-1,-1,-1,-1,-1,0,5,5,5,5,0,6,7,7,7,7,7,7,7,7,6,6,6,6,6,6,0,0,0,0,5,5,5,5,5,5,0,-1,-1,-1,-1,-1,-1,-1
-1,-1,-1,-1,-1,-1,-1,-1,-1,-1,-1,-1,-1,-1,-1,-1,-1,-1,-1,-1,-1,-1,-1,0,5,5,5,5,0,6,6,7,7,7,7,6,6,6,6,6,0,0,0,0,5,5,5,5,5,5,5,5,5,0,0,-1,-1,-1,-1,-1,-1,-1
-1,-1,-1,-1,-1,-1,-1,-1,-1,-1,-1,-1,-1,-1,-1,-1,-1,-1,-1,-1,-1,-1,-1,-1,0,5,5,5,5,0,6,6,6,6,6,6,0,0,0,0,5,5,5,5,5,5,5,5,5,0,0,0,0,-1,-1,-1,-1,-1,-1,-1,-1,-1
-1,-1,-1,-1,-1,-1,-1,-1,-1,-1,-1,-1,-1,-1,-1,-1,-1,-1,-1,-1,-1,-1,-1,-1,0,5,5,5,5,0,6,6,0,0,0,0,5,5,5,5,5,5,5,5,5,0,0,0,0,-1,-1,-1,-1,-1,-1,-1,-1,-1,-1,-1,-1,-1
-1,-1,-1,-1,-1,-1,-1,-1,-1,-1,-1,-1,-1,-1,-1,-1,-1,-1,-1,-1,-1,-1,-1,-1,-1,0,5,5,5,5,0,0,5,5,5,5,5,5,5,5,5,0,0,0,0,-1,-1,-1,-1,-1,-1,-1,-1,-1,-1,-1,-1,-1,-1,-1,-1,-1
-1,-1,-1,-1,-1,-1,-1,-1,-1,-1,-1,-1,-1,-1,-1,-1,-1,-1,-1,-1,-1,-1,-1,-1,-1,0,5,5,5,5,5,5,5,5,5,5,5,0,0,0,0,-1,-1,-1,-1,-1,-1,-1,-1,-1,-1,-1,-1,-1,-1,-1,-1,-1,-1,-1,-1,-1
-1,-1,-1,-1,-1,-1,-1,-1,-1,-1,-1,-1,-1,-1,-1,-1,-1,-1,-1,-1,-1,-1,-1,-1,-1,-1,0,5,5,5,5,5,5,0,0,0,0,-1,-1,-1,-1,-1,-1,-1,-1,-1,-1,-1,-1,-1,-1,-1,-1,-1,-1,-1,-1,-1,-1,-1,-1,-1
-1,-1,-1,-1,-1,-1,-1,-1,-1,-1,-1,-1,-1,-1,-1,-1,-1,-1,-1,-1,-1,-1,-1,-1,-1,-1,0,5,5,0,0,0,0,-1,-1,-1,-1,-1,-1,-1,-1,-1,-1,-1,-1,-1,-1,-1,-1,-1,-1,-1,-1,-1,-1,-1,-1,-1,-1,-1,-1,-1
-1,-1,-1,-1,-1,-1,-1,-1,-1,-1,-1,-1,-1,-1,-1,-1,-1,-1,-1,-1,-1,-1,-1,-1,-1,-1,-1,0,0,-1,-1,-1,-1,-1,-1,-1,-1,-1,-1,-1,-1,-1,-1,-1,-1,-1,-1,-1,-1,-1,-1,-1,-1,-1,-1,-1,-1,-1,-1,-1,-1,-1
0,0,0
0.7843138,0.7843138,0.7843138
0.3176471,0.3176471,0.3176471
0.6039216,0.6039216,0.6039216
0.8941177,0.8941177,0.8941177
0.2627451,0.2627451,0.2627451
0.8000001,0.8000001,0.8000001
1,1,1
0.3215686,0.3215686,0.3215686
0.5058824,0.5058824,0.5058824
0.145098,0.145098,0.145098
