42,79,
0,0,0,0,0,0,0,0,0,-1,-1,0,0,0,-1,-1,-1,-1,-1,-1,-1,-1,0,0,0,-1,-1,0,0,0,0,0,0,0,0,0,0,-1,-1,-1,-1,-1
0,1,1,1,1,1,1,1,1,0,-1,0,1,0,-1,-1,-1,-1,-1,-1,-1,-1,0,1,0,-1,0,1,1,1,1,1,1,1,1,0,0,-1,-1,-1,-1,-1
0,0,2,2,3,3,3,3,1,1,0,1,1,0,-1,-1,-1,-1,-1,-1,-1,-1,0,1,1,0,1,1,3,3,3,3,2,0,0,-1,-1,-1,-1,-1,-1,-1
-1,-1,0,0,0,2,2,3,3,3,1,1,1,0,-1,-1,-1,-1,-1,-1,-1,-1,0,1,1,1,1,3,3,3,3,2,0,-1,-1,-1,-1,-1,-1,-1,-1,-1
-1,-1,-1,-1,-1,0,0,2,3,3,3,3,3,0,-1,-1,-1,-1,-1,-1,-1,-1,0,1,3,3,3,3,3,3,2,0,-1,-1,-1,-1,-1,-1,-1,-1,-1,-1
-1,-1,-1,-1,-1,-1,0,2,3,3,3,3,3,1,0,-1,-1,-1,-1,-1,-1,-1,0,1,3,3,3,3,3,2,0,-1,-1,-1,-1,-1,-1,-1,-1,-1,-1,-1
-1,-1,-1,-1,-1,-1,-1,0,2,3,3,3,3,1,0,-1,-1,-1,-1,-1,-1,-1,0,1,3,3,3,3,2,0,-1,-1,-1,-1,-1,-1,-1,-1,-1,-1,-1,-1
-1,-1,-1,-1,-1,-1,-1,0,2,3,3,3,3,1,0,-1,-1,-1,-1,-1,-1,-1,0,1,3,3,3,3,2,0,-1,-1,-1,-1,-1,-1,-1,-1,-1,-1,-1,-1
-1,-1,-1,-1,-1,-1,-1,0,2,3,3,3,3,1,0,-1,-1,-1,-1,-1,-1,-1,0,1,3,3,3,3,2,0,-1,-1,-1,-1,-1,-1,-1,-1,-1,-1,-1,-1
-1,-1,-1,-1,-1,-1,-1,0,2,3,3,3,3,1,0,-1,-1,-1,-1,-1,-1,-1,0,1,1,3,3,3,2,0,-1,-1,-1,-1,-1,-1,-1,-1,-1,-1,-1,-1
-1,-1,-1,-1,-1,-1,-1,-1,0,3,3,1,1,1,0,0,0,0,0,0,0,0,0,0,1,1,1,1,1,0,-1,-1,-1,-1,-1,-1,-1,-1,-1,-1,-1,-1
-1,-1,-1,-1,-1,-1,-1,-1,0,1,1,0,0,0,0,0,4,4,4,4,4,4,4,4,0,0,0,0,0,0,-1,-1,-1,-1,-1,-1,-1,-1,-1,-1,-1,-1
-1,-1,-1,-1,-1,-1,-1,0,0,0,0,0,4,4,4,4,4,4,4,4,4,4,4,4,4,4,4,4,4,0,0,0,0,-1,-1,-1,-1,-1,-1,-1,-1,-1
-1,-1,-1,-1,-1,0,0,0,4,4,4,4,4,4,4,4,4,5,5,5,5,5,5,5,5,5,4,4,4,4,4,4,0,0,-1,-1,-1,-1,-1,-1,-1,-1
-1,-1,-1,-1,0,0,5,4,4,4,5,5,5,5,5,5,5,0,0,0,0,0,0,0,0,0,5,5,5,5,4,4,4,0,-1,-1,-1,-1,-1,-1,-1,-1
-1,-1,-1,-1,0,5,5,5,5,5,0,0,0,0,0,0,0,6,6,6,6,6,6,6,6,6,0,0,0,0,5,5,5,0,-1,-1,-1,-1,-1,-1,-1,-1
-1,-1,-1,-1,0,5,5,0,0,0,0,6,6,6,7,7,7,7,7,7,7,7,7,7,7,7,6,6,6,0,0,0,5,0,-1,-1,-1,-1,-1,-1,-1,-1
-1,-1,-1,-1,-1,0,0,6,6,6,7,7,7,7,7,7,7,7,7,7,7,7,7,7,7,7,7,7,7,6,6,6,0,-1,-1,-1,0,0,0,-1,-1,-1
-1,-1,-1,-1,-1,-1,0,6,7,7,7,7,7,7,7,7,7,7,7,7,7,7,7,7,7,7,7,7,7,7,7,7,0,-1,0,0,1,1,0,-1,-1,-1
-1,-1,-1,-1,-1,-1,0,8,7,7,7,7,7,7,7,7,7,7,7,7,7,7,7,7,7,7,7,7,7,7,7,6,0,0,1,1,1,0,-1,-1,-1,-1
-1,-1,-1,-1,-1,-1,-1,0,8,7,7,7,7,7,7,7,7,7,7,7,7,7,7,7,7,7,7,7,7,6,6,0,0,1,1,0,0,-1,-1,-1,-1,-1
-1,-1,-1,-1,-1,-1,-1,0,8,7,7,7,7,7,7,7,7,7,7,7,7,7,7,7,7,7,7,7,6,6,0,0,1,1,0,-1,-1,-1,-1,-1,-1,-1
-1,-1,-1,-1,-1,-1,-1,0,8,7,7,7,7,7,7,7,7,7,7,7,7,7,7,7,7,7,7,6,6,0,1,1,1,0,-1,-1,-1,-1,-1,-1,-1,-1
-1,-1,-1,-1,-1,-1,-1,0,8,7,7,7,7,7,7,7,7,7,7,7,7,7,7,7,7,7,6,6,0,1,1,0,0,-1,-1,-1,-1,-1,-1,-1,-1,-1
-1,-1,-1,-1,-1,-1,-1,0,8,7,7,7,7,7,7,7,7,7,7,7,7,7,7,7,7,6,6,0,0,1,0,-1,-1,-1,-1,-1,-1,-1,-1,-1,-1,-1
-1,-1,-1,-1,-1,-1,-1,-1,0,8,7,7,7,7,7,7,7,7,7,7,7,7,7,7,6,0,0,0,1,0,0,-1,-1,-1,-1,-1,-1,-1,-1,-1,-1,-1
-1,-1,-1,-1,-1,-1,-1,-1,0,8,7,7,7,7,7,7,7,7,7,7,7,7,7,6,0,0,1,1,0,6,0,-1,-1,-1,-1,-1,-1,-1,-1,-1,-1,-1
-1,-1,-1,-1,-1,-1,-1,-1,0,8,7,7,7,7,7,7,7,7,7,7,7,7,6,0,0,1,0,0,6,7,0,-1,-1,-1,-1,-1,-1,-1,-1,-1,-1,-1
-1,-1,-1,-1,-1,-1,-1,-1,0,8,7,7,7,7,7,7,7,7,7,7,7,6,6,0,1,0,6,6,7,7,0,-1,-1,-1,-1,-1,-1,-1,-1,-1,-1,-1
-1,-1,-1,-1,-1,-1,-1,-1,0,8,8,7,7,7,7,7,7,7,7,7,6,6,0,0,0,6,6,7,7,7,0,-1,-1,-1,-1,-1,-1,-1,-1,-1,-1,-1
-1,-1,-1,-1,-1,-1,-1,-1,-1,0,8,7,7,7,7,7,7,6,6,6,6,0,0,0,0,0,6,7,7,7,0,-1,-1,-1,-1,-1,-1,-1,-1,-1,-1,-1
-1,-1,-1,-1,-1,-1,-1,-1,-1,0,8,8,7,7,7,6,6,6,0,0,0,6,6,6,6,0,6,6,7,0,-1,-1,-1,-1,-1,-1,-1,-1,-1,-1,-1,-1
-1,-1,-1,-1,-1,-1,-1,-1,-1,0,0,8,8,6,6,6,0,0,6,6,6,6,7,7,6,6,0,6,6,0,-1,-1,-1,-1,-1,-1,-1,-1,-1,-1,-1,-1
-1,-1,-1,-1,-1,-1,0,0,0,0,0,0,6,6,0,0,6,6,6,7,7,7,7,7,7,6,6,0,6,0,-1,-1,-1,-1,-1,-1,-1,-1,-1,-1,-1,-1
-1,-1,-1,-1,-1,0,6,6,6,6,6,6,0,0,0,0,0,8,8,8,8,8,8,7,7,7,6,0,6,0,-1,-1,-1,-1,-1,-1,-1,-1,-1,-1,-1,-1
-1,-1,-1,-1,0,0,6,6,7,7,7,6,6,6,6,6,0,0,0,0,0,0,8,8,7,7,7,6,0,0,-1,-1,-1,-1,-1,-1,-1,-1,-1,-1,-1,-1
-1,-1,-1,-1,0,6,7,7,7,7,7,7,7,7,7,6,6,6,6,6,6,6,0,8,8,7,7,7,6,0,-1,-1,-1,-1,-1,-1,-1,-1,-1,-1,-1,-1
-1,-1,-1,-1,0,8,7,7,7,7,7,7,7,7,7,7,7,7,7,7,7,6,6,0,8,7,7,7,6,6,0,-1,-1,-1,-1,-1,-1,-1,-1,-1,-1,-1
-1,-1,-1,-1,0,8,7,7,7,7,7,7,7,7,7,7,7,7,7,7,7,7,7,0,0,8,7,7,7,6,0,-1,-1,-1,-1,-1,-1,-1,-1,-1,-1,-1
-1,-1,-1,-1,0,8,7,7,7,8,8,8,8,8,8,8,8,8,8,8,8,8,0,0,0,8,8,7,7,7,6,0,-1,-1,-1,-1,-1,-1,-1,-1,-1,-1
-1,-1,-1,-1,-1,0,8,7,0,0,0,0,0,0,0,0,0,0,0,0,0,0,7,6,6,0,8,7,7,7,7,6,0,-1,-1,-1,-1,-1,-1,-1,-1,-1
-1,-1,-1,-1,-1,-1,0,8,7,7,7,7,7,7,7,7,7,7,0,7,7,7,7,7,6,0,8,8,7,7,7,6,0,-1,-1,-1,-1,-1,-1,-1,-1,-1
-1,-1,-1,-1,-1,-1,-1,0,7,7,7,7,7,7,7,7,7,0,5,0,7,7,7,7,6,6,0,8,7,7,7,7,6,0,-1,-1,-1,-1,-1,-1,-1,-1
-1,-1,-1,-1,-1,-1,-1,0,8,7,7,7,7,7,7,7,7,0,5,4,0,7,7,7,7,7,0,8,7,7,7,7,6,0,-1,-1,-1,-1,-1,-1,-1,-1
-1,-1,-1,-1,-1,-1,-1,0,8,8,8,7,7,7,7,7,0,5,4,4,4,0,7,7,7,7,7,7,7,7,7,7,0,0,-1,-1,-1,-1,-1,-1,-1,-1
-1,-1,-1,-1,-1,-1,-1,0,0,0,0,8,7,7,7,7,0,5,4,4,4,4,0,7,7,7,7,7,7,7,0,0,0,-1,-1,-1,-1,-1,-1,-1,-1,-1
-1,-1,-1,-1,-1,-1,-1,-1,-1,-1,-1,0,8,8,7,0,5,4,4,0,4,4,4,0,7,7,7,7,0,0,-1,-1,-1,-1,-1,-1,-1,-1,-1,-1,-1,-1
-1,-1,-1,-1,-1,-1,-1,-1,-1,-1,-1,-1,0,0,8,0,5,4,0,6,0,4,4,4,0,7,7,0,-1,-1,-1,-1,-1,-1,-1,-1,-1,-1,-1,-1,-1,-1
-1,-1,-1,-1,-1,-1,-1,-1,-1,-1,-1,-1,-1,-1,0,4,4,0,6,6,6,0,4,4,4,0,0,-1,-1,-1,-1,-1,-1,-1,-1,-1,-1,-1,-1,-1,-1,-1
-1,-1,-1,-1,-1,-1,-1,-1,-1,-1,-1,-1,-1,-1,-1,0,0,6,6,6,6,6,0,0,0,-1,-1,-1,-1,-1,-1,-1,-1,-1,-1,-1,-1,-1,-1,-1,-1,-1
-1,-1,-1,-1,-1,-1,-1,-1,-1,0,0,0,0,0,0,0,0,0,0,0,0,0,0,0,0,0,0,0,0,0,0,0,-1,-1,-1,-1,-1,-1,-1,-1,-1,-1
-1,-1,-1,-1,-1,-1,-1,-1,0,1,1,1,1,1,1,1,1,1,1,1,1,1,1,1,1,1,1,1,1,1,1,1,0,-1,-1,-1,-1,-1,-1,-1,-1,-1
-1,-1,-1,-1,-1,-1,-1,0,2,3,3,3,3,3,3,3,3,3,3,3,3,3,3,3,3,3,3,3,3,3,3,3,1,0,-1,-1,-1,-1,-1,-1,-1,-1
-1,-1,-1,-1,-1,-1,-1,0,2,3,0,0,0,0,0,0,0,0,0,0,0,0,0,0,0,0,0,0,0,0,0,3,1,0,-1,-1,-1,-1,-1,-1,-1,-1
-1,-1,-1,-1,-1,-1,-1,0,2,3,0,9,10,10,10,10,10,10,10,10,10,10,10,10,10,10,10,10,10,10,0,3,1,0,-1,-1,-1,-1,-1,-1,-1,-1
-1,-1,-1,-1,-1,-1,-1,0,2,3,0,9,11,11,11,11,11,11,11,11,11,11,11,11,11,11,11,11,11,10,0,3,1,0,-1,-1,-1,-1,-1,-1,-1,-1
-1,-1,-1,-1,-1,-1,-1,0,2,3,0,9,11,11,11,11,11,11,11,11,11,11,11,11,11,11,11,11,11,10,0,3,1,0,-1,-1,-1,-1,-1,-1,-1,-1
-1,-1,-1,-1,-1,-1,-1,0,2,3,0,9,11,11,11,11,11,11,11,11,11,11,11,11,11,11,11,11,11,10,0,3,1,0,-1,-1,-1,-1,-1,-1,-1,-1
-1,-1,-1,-1,-1,-1,-1,0,2,3,0,9,11,11,11,11,11,11,11,11,11,11,11,11,11,11,11,11,11,10,0,3,1,0,-1,-1,-1,-1,-1,-1,-1,-1
-1,-1,-1,-1,-1,-1,-1,0,2,3,0,9,11,11,11,11,11,11,11,11,11,11,11,11,11,11,11,11,11,10,0,3,1,0,-1,-1,-1,-1,-1,-1,-1,-1
-1,-1,-1,-1,-1,-1,-1,0,2,3,0,9,11,11,11,11,11,11,11,11,11,11,11,11,11,11,11,11,11,10,0,3,1,0,-1,-1,-1,-1,-1,-1,-1,-1
-1,-1,-1,-1,-1,-1,-1,0,2,3,0,9,11,11,11,11,11,11,11,11,11,11,11,11,11,11,11,11,11,10,0,3,1,0,-1,-1,-1,-1,-1,-1,-1,-1
-1,-1,-1,-1,-1,-1,-1,0,2,3,0,9,11,11,11,11,11,11,11,11,11,11,11,11,11,11,11,11,11,10,0,3,1,0,-1,-1,-1,0,0,0,0,0
-1,-1,-1,-1,-1,-1,-1,0,2,3,0,9,11,11,11,11,11,11,11,11,11,11,11,11,11,11,11,11,11,10,0,3,0,0,0,0,-1,0,5,4,4,0
-1,-1,-1,-1,-1,-1,-1,0,2,3,0,9,11,10,11,11,11,11,11,11,11,11,11,11,11,11,11,11,11,9,0,0,0,4,4,0,-1,0,5,4,4,0
-1,-1,-1,-1,-1,-1,-1,0,2,3,0,9,11,10,10,11,11,11,11,11,11,11,11,11,11,11,11,11,9,0,0,4,4,4,4,0,-1,0,5,5,5,0
-1,-1,-1,-1,-1,-1,-1,0,2,3,0,9,11,11,11,11,11,11,11,11,11,11,11,11,11,11,9,9,0,0,4,4,4,4,5,0,-1,0,0,0,0,0
-1,-1,-1,-1,-1,-1,-1,0,2,3,0,9,9,9,9,9,9,9,9,9,9,9,9,9,9,9,0,0,0,4,4,4,4,5,0,0,0,0,6,0,-1,-1
-1,-1,-1,-1,-1,-1,-1,0,2,3,0,0,0,0,0,0,0,0,0,0,0,0,0,0,0,0,0,4,4,4,4,4,5,0,0,6,6,6,0,0,-1,-1
-1,-1,-1,-1,-1,-1,-1,0,2,2,3,3,3,3,3,3,3,3,0,0,0,0,0,0,0,4,4,4,4,4,4,5,0,0,6,6,7,7,0,-1,-1,-1
-1,-1,-1,-1,-1,-1,-1,-1,0,2,2,2,2,2,2,2,0,0,5,4,4,4,4,4,4,4,4,4,4,4,5,0,0,6,6,7,7,0,0,-1,-1,-1
-1,-1,-1,-1,-1,-1,-1,-1,-1,0,0,0,0,0,0,0,0,5,5,4,4,4,4,4,4,4,4,5,5,5,0,0,6,6,7,7,0,0,-1,-1,-1,-1
-1,-1,-1,-1,-1,-1,-1,-1,-1,-1,-1,-1,-1,-1,-1,-1,0,0,5,4,4,4,4,5,5,5,5,0,0,0,6,6,6,7,7,7,0,-1,-1,-1,-1,-1
-1,-1,-1,-1,-1,-1,-1,-1,-1,-1,-1,-1,-1,-1,-1,-1,-1,0,0,5,5,5,5,0,0,0,0,0,6,6,7,7,7,7,7,0,0,-1,-1,-1,-1,-1
-1,-1,-1,-1,-1,-1,-1,-1,-1,-1,-1,-1,-1,-1,-1,-1,-1,-1,-1,0,0,0,0,0,6,6,6,7,7,7,7,7,7,7,0,0,-1,-1,-1,-1,-1,-1
-1,-1,-1,-1,-1,-1,-1,-1,-1,-1,-1,-1,-1,-1,-1,-1,-1,-1,-1,0,0,6,6,6,7,7,7,7,7,7,7,7,7,0,0,-1,-1,-1,-1,-1,-1,-1
-1,-1,-1,-1,-1,-1,-1,-1,-1,-1,-1,-1,-1,-1,-1,-1,-1,-1,-1,-1,-1,0,0,0,7,7,7,7,7,7,7,0,0,0,-1,-1,-1,-1,-1,-1,-1,-1
-1,-1,-1,-1,-1,-1,-1,-1,-1,-1,-1,-1,-1,-1,-1,-1,-1,-1,-1,-1,-1,-1,-1,0,0,7,7,7,7,7,0,0,-1,-1,-1,-1,-1,-1,-1,-1,-1,-1
-1,-1,-1,-1,-1,-1,-1,-1,-1,-1,-1,-1,-1,-1,-1,-1,-1,-1,-1,-1,-1,-1,-1,-1,-1,0,0,0,0,0,-1,-1,-1,-1,-1,-1,-1,-1,-1,-1,-1,-1
0,0,0
0.2784314,0.2627451,0.282353
0.4784314,0.4784314,0.4784314
0.3686275,0.3843138,0.3960785
0.8705883,0.8627452,0.8509805
1,1,1
0.4156863,0.1058824,0.06666667
0.9215687,0.2627451,0.1372549
1,0.5333334,0.4627451
0.5372549,0.6039216,0.6117647
0.8078432,0.8666667,0.8901961
0.6470588,0.7294118,0.7607844
