35,77,
-1,-1,-1,-1,-1,-1,-1,-1,-1,0,0,0,0,0,0,0,0,0,0,0,0,0,0,0,0,0,0,0,0,0,-1,-1,-1,-1,-1
-1,-1,-1,-1,-1,-1,-1,-1,-1,0,1,1,1,1,2,2,2,2,0,0,1,1,1,1,1,1,1,1,1,0,-1,-1,-1,-1,-1
-1,-1,-1,-1,-1,-1,-1,-1,-1,0,0,2,2,2,2,2,2,2,0,0,0,2,2,2,2,2,2,2,2,0,-1,-1,-1,-1,-1
-1,-1,-1,-1,-1,-1,-1,-1,-1,-1,0,0,0,0,0,0,0,0,0,-1,0,0,0,0,0,0,0,0,0,0,-1,-1,-1,-1,-1
-1,-1,-1,-1,-1,-1,-1,-1,-1,-1,-1,-1,0,1,1,1,1,1,0,-1,-1,0,1,1,1,1,1,1,1,0,-1,-1,-1,-1,-1
-1,-1,-1,-1,-1,-1,-1,-1,-1,-1,-1,-1,0,2,2,2,1,1,0,-1,-1,0,3,2,2,2,2,2,1,0,-1,-1,-1,-1,-1
-1,-1,-1,-1,-1,-1,-1,-1,-1,-1,-1,-1,0,3,2,2,2,1,0,-1,0,2,3,2,2,2,2,2,1,0,-1,-1,-1,-1,-1
-1,-1,-1,-1,-1,-1,-1,-1,-1,-1,-1,-1,0,3,2,2,2,1,0,-1,0,3,2,2,2,2,2,2,1,0,-1,-1,-1,-1,-1
-1,-1,-1,-1,-1,-1,-1,-1,-1,-1,-1,-1,0,3,2,2,2,1,1,0,0,3,2,2,2,2,2,1,0,-1,-1,-1,-1,-1,-1
-1,-1,-1,-1,-1,-1,-1,-1,-1,-1,-1,-1,0,3,2,2,2,1,1,0,0,3,2,2,2,2,2,1,0,-1,-1,-1,-1,-1,-1
-1,-1,-1,-1,-1,-1,-1,-1,-1,-1,-1,-1,0,3,2,2,2,1,1,0,0,3,2,2,2,2,2,1,0,-1,-1,-1,-1,-1,-1
-1,-1,-1,-1,-1,-1,-1,-1,-1,-1,-1,-1,0,3,2,2,2,1,1,0,0,3,2,2,2,2,2,1,0,-1,-1,-1,-1,-1,-1
-1,-1,-1,-1,-1,-1,-1,-1,-1,-1,-1,-1,0,3,2,2,2,1,1,0,3,2,2,2,2,2,2,1,0,-1,-1,-1,-1,-1,-1
-1,-1,-1,-1,-1,-1,-1,-1,-1,-1,-1,-1,0,3,2,2,2,1,1,0,3,2,2,2,2,2,2,1,0,-1,-1,-1,-1,-1,-1
-1,-1,-1,-1,-1,-1,-1,-1,-1,-1,-1,-1,0,3,2,2,2,1,1,0,3,2,2,2,2,2,1,1,0,-1,-1,-1,-1,-1,-1
-1,-1,-1,-1,-1,-1,-1,-1,-1,-1,-1,-1,0,3,2,2,2,1,1,0,3,2,2,2,2,2,1,1,0,-1,-1,-1,-1,-1,-1
-1,-1,-1,-1,-1,-1,-1,-1,-1,-1,-1,-1,0,3,2,2,2,1,1,0,3,2,2,2,2,2,1,0,-1,-1,-1,-1,-1,-1,-1
-1,-1,-1,-1,-1,-1,-1,-1,-1,-1,-1,-1,0,3,2,2,2,1,1,0,3,2,2,2,2,2,1,0,-1,-1,-1,-1,-1,-1,-1
-1,-1,-1,-1,-1,-1,-1,-1,-1,-1,-1,-1,0,3,2,2,2,1,0,3,2,2,2,2,2,2,1,0,-1,-1,-1,-1,-1,-1,-1
-1,-1,-1,-1,-1,-1,-1,-1,-1,-1,-1,-1,0,3,2,2,2,1,0,3,2,2,2,2,2,2,1,0,-1,-1,-1,-1,-1,-1,-1
-1,-1,-1,-1,-1,-1,-1,-1,-1,-1,-1,-1,0,3,2,2,2,1,0,3,2,2,2,2,2,1,1,0,-1,-1,-1,-1,-1,-1,-1
-1,-1,-1,-1,-1,-1,-1,-1,-1,-1,-1,-1,0,3,2,2,2,1,0,3,2,2,2,2,2,1,1,0,-1,-1,-1,-1,-1,-1,-1
-1,-1,-1,-1,-1,-1,-1,-1,-1,-1,-1,-1,0,3,2,2,1,1,0,3,2,2,2,2,2,1,1,0,-1,-1,-1,-1,-1,-1,-1
-1,-1,-1,-1,-1,-1,-1,-1,-1,-1,-1,-1,0,3,2,2,1,1,0,2,2,2,2,2,2,1,1,0,-1,-1,-1,-1,-1,-1,-1
-1,-1,-1,-1,-1,-1,-1,-1,-1,-1,-1,-1,0,3,2,2,1,0,3,2,2,2,2,2,2,1,0,-1,-1,-1,-1,-1,-1,-1,-1
-1,-1,-1,-1,-1,-1,-1,-1,-1,-1,-1,-1,0,3,2,2,1,0,3,2,2,2,2,2,1,1,0,-1,-1,-1,-1,-1,-1,-1,-1
-1,-1,-1,-1,-1,-1,-1,-1,-1,0,0,0,0,3,2,2,1,0,2,2,2,2,2,2,1,1,0,-1,-1,-1,-1,-1,-1,-1,-1
-1,-1,-1,-1,-1,-1,-1,-1,-1,0,4,5,0,3,2,1,1,1,2,2,2,2,2,2,1,1,0,-1,-1,-1,-1,-1,-1,-1,-1
-1,-1,-1,-1,-1,-1,-1,-1,0,0,4,5,0,1,1,1,1,1,1,1,1,1,1,1,1,1,0,-1,-1,-1,-1,-1,-1,-1,-1
-1,-1,-1,-1,-1,-1,-1,-1,0,5,5,5,0,0,0,0,0,0,0,0,0,0,0,0,0,0,0,-1,-1,-1,-1,-1,-1,-1,-1
-1,-1,-1,-1,-1,-1,-1,-1,0,0,0,0,0,0,1,0,0,1,1,1,1,1,1,1,1,1,0,0,-1,-1,-1,-1,-1,-1,-1
-1,-1,-1,-1,-1,-1,-1,-1,0,1,0,0,2,2,2,0,0,1,2,2,2,2,2,2,2,2,1,0,-1,-1,-1,-1,-1,-1,-1
-1,-1,-1,-1,-1,-1,-1,-1,0,1,0,2,2,2,2,0,0,1,2,2,2,2,2,2,2,2,1,0,-1,-1,-1,-1,-1,-1,-1
-1,-1,-1,-1,-1,-1,-1,-1,0,1,0,2,2,2,2,0,0,1,2,2,2,2,2,2,2,2,1,0,-1,-1,-1,-1,-1,-1,-1
-1,-1,-1,-1,-1,-1,-1,-1,0,1,0,2,2,2,2,0,0,1,2,2,0,0,0,0,2,2,1,0,-1,-1,-1,-1,-1,-1,-1
-1,-1,-1,-1,-1,-1,-1,-1,0,1,0,2,2,2,2,0,0,1,2,2,2,2,2,2,2,2,1,0,-1,-1,-1,-1,-1,-1,-1
-1,-1,-1,-1,-1,-1,-1,-1,0,1,0,2,2,2,2,0,0,1,2,2,2,2,2,2,2,2,1,0,-1,-1,-1,-1,-1,-1,-1
-1,-1,-1,-1,-1,-1,-1,-1,0,1,0,2,2,2,2,0,0,1,2,2,2,2,2,2,2,2,1,0,-1,-1,-1,-1,-1,-1,-1
-1,-1,-1,-1,-1,-1,-1,-1,0,1,0,1,1,1,1,0,0,1,1,1,1,1,1,1,1,1,1,0,-1,-1,-1,-1,-1,-1,-1
-1,-1,0,0,0,0,0,0,0,0,0,0,0,0,0,0,0,0,0,0,0,0,0,0,0,0,0,0,0,0,-1,-1,-1,-1,-1
-1,0,0,5,5,5,5,0,1,1,1,1,1,1,1,1,1,1,1,1,1,1,1,1,1,1,1,1,1,0,-1,-1,-1,-1,-1
0,0,5,4,4,4,5,0,2,2,2,2,2,2,2,2,2,2,2,2,2,2,2,2,2,2,1,1,1,0,-1,-1,-1,-1,-1
0,5,4,4,4,4,5,0,2,2,2,2,2,2,2,2,2,2,2,2,2,2,2,2,2,2,2,1,1,0,-1,-1,-1,-1,-1
0,4,4,4,4,4,5,0,3,3,3,3,3,3,3,3,3,3,3,3,3,3,3,3,3,2,2,2,1,0,-1,-1,-1,-1,-1
0,4,4,4,4,4,5,0,3,0,0,0,0,0,0,0,0,0,0,0,0,0,0,0,0,2,2,2,1,0,-1,-1,-1,-1,-1
0,0,4,4,4,4,5,0,0,0,0,1,1,1,1,0,0,1,1,1,1,1,1,1,0,2,2,2,1,0,-1,-1,-1,-1,-1
-1,0,0,0,0,4,5,0,0,1,0,2,2,2,2,0,0,2,2,2,0,0,0,1,0,2,2,2,1,0,-1,-1,-1,-1,-1
-1,-1,-1,-1,0,4,5,0,1,1,0,2,2,1,1,0,0,1,2,2,0,0,0,1,2,2,2,2,1,0,-1,-1,-1,-1,-1
-1,-1,-1,-1,0,4,5,0,1,1,1,2,1,1,0,0,0,0,1,1,2,2,2,1,2,2,2,2,0,0,-1,-1,-1,-1,-1
-1,-1,-1,-1,0,0,0,0,1,1,2,1,1,0,5,0,0,5,0,1,1,1,2,2,2,2,2,2,0,-1,-1,-1,-1,-1,-1
-1,-1,-1,-1,-1,0,0,0,0,2,1,1,0,5,4,0,0,4,5,0,1,1,2,2,2,2,2,0,0,-1,-1,-1,-1,-1,-1
-1,-1,-1,-1,-1,-1,-1,-1,0,0,1,0,5,4,4,0,0,4,4,5,0,1,2,2,2,2,0,-1,-1,-1,-1,-1,-1,-1,-1
-1,-1,-1,-1,-1,-1,-1,-1,-1,0,0,1,0,4,4,0,0,4,4,0,1,1,2,2,2,0,-1,-1,-1,-1,-1,-1,-1,-1,-1
-1,-1,-1,-1,-1,-1,-1,-1,-1,-1,0,0,1,0,4,0,0,4,0,1,1,1,1,1,0,-1,-1,-1,-1,-1,-1,-1,-1,-1,-1
-1,-1,-1,-1,-1,-1,-1,0,0,0,0,0,0,0,0,0,0,0,0,0,0,0,0,0,0,0,0,0,0,0,0,0,0,-1,-1
-1,-1,-1,-1,-1,-1,0,6,6,6,6,6,6,6,6,6,6,6,6,6,6,6,6,6,6,6,6,0,1,1,1,1,0,-1,-1
-1,-1,-1,-1,-1,0,0,0,0,0,0,0,0,0,0,7,7,0,0,8,8,0,0,4,4,0,0,0,0,9,1,1,0,-1,-1
-1,-1,-1,-1,-1,0,0,0,0,0,0,0,0,0,0,7,7,0,0,8,8,0,0,4,4,0,0,0,0,9,9,1,1,0,-1
-1,-1,-1,-1,-1,0,10,6,6,6,6,6,6,6,6,6,6,6,6,6,6,6,6,6,6,6,6,6,0,9,9,1,1,1,0
-1,-1,-1,-1,-1,0,10,6,0,0,0,0,0,0,0,0,0,0,0,0,0,0,0,0,0,0,6,6,0,9,9,9,1,1,0
-1,-1,-1,-1,-1,0,10,6,0,4,4,8,8,7,7,11,11,12,12,13,13,14,14,15,15,0,6,6,0,9,9,9,1,1,0
-1,-1,-1,-1,-1,0,10,6,0,4,4,8,8,7,7,11,11,12,12,13,13,14,14,15,15,0,6,6,0,9,9,9,1,1,0
-1,-1,-1,-1,-1,0,10,6,0,4,4,8,8,7,7,11,11,12,12,13,13,14,14,15,15,0,6,6,0,9,9,9,1,1,0
-1,-1,-1,-1,-1,0,10,6,0,4,4,8,8,7,7,11,11,12,12,13,13,14,14,15,15,0,6,6,0,9,9,9,1,1,0
-1,-1,-1,-1,-1,0,10,6,0,4,4,8,8,7,7,11,11,12,12,13,13,14,14,15,15,0,6,6,0,9,9,9,1,1,0
-1,-1,-1,-1,-1,0,10,6,0,4,4,8,8,7,7,11,11,12,12,13,13,14,14,15,15,0,6,6,0,9,9,9,1,1,0
-1,-1,-1,-1,-1,0,10,6,0,4,4,8,8,7,7,11,11,12,12,13,13,14,14,15,15,0,6,6,0,9,9,9,1,0,-1
-1,-1,-1,-1,-1,0,10,6,0,4,4,8,8,7,7,11,11,12,12,13,13,14,14,15,15,0,6,6,0,9,9,0,0,-1,-1
-1,-1,-1,-1,-1,0,10,6,0,0,0,0,0,0,0,0,0,0,0,0,0,0,0,0,0,0,6,6,0,9,0,-1,-1,-1,-1
-1,-1,-1,-1,-1,0,10,6,6,6,6,6,6,6,6,6,6,6,6,6,6,6,6,6,6,6,6,6,0,0,-1,-1,-1,-1,-1
-1,-1,-1,-1,-1,-1,0,10,10,10,10,10,10,10,10,10,10,10,10,10,10,10,10,10,10,10,10,0,0,-1,-1,-1,-1,-1,-1
-1,-1,-1,-1,-1,-1,-1,0,0,0,0,0,0,0,0,0,0,0,0,0,0,0,0,0,0,0,0,-1,-1,-1,-1,-1,-1,-1,-1
-1,-1,-1,-1,-1,-1,-1,-1,-1,-1,-1,-1,0,6,6,0,0,6,6,0,-1,-1,-1,-1,-1,-1,-1,-1,-1,-1,-1,-1,-1,-1,-1
-1,-1,-1,-1,-1,-1,-1,-1,-1,-1,-1,0,6,6,0,-1,-1,0,6,6,0,-1,-1,-1,-1,-1,-1,-1,-1,-1,-1,-1,-1,-1,-1
-1,-1,-1,-1,-1,-1,-1,-1,-1,-1,0,6,6,0,-1,-1,-1,-1,0,6,6,0,-1,-1,-1,-1,-1,-1,-1,-1,-1,-1,-1,-1,-1
-1,-1,-1,-1,-1,-1,-1,-1,-1,-1,0,6,0,-1,-1,-1,-1,-1,-1,0,6,0,-1,-1,-1,-1,-1,-1,-1,-1,-1,-1,-1,-1,-1
-1,-1,-1,-1,-1,-1,-1,-1,-1,-1,-1,0,-1,-1,-1,-1,-1,-1,-1,-1,0,-1,-1,-1,-1,-1,-1,-1,-1,-1,-1,-1,-1,-1,-1
0,0,0
0.1333333,0.1333333,0.1333333
0.2588235,0.2627451,0.2745098
0.3882353,0.3921569,0.4078432
0.9647059,0.9333334,0.882353
0.8470589,0.8078432,0.7490196
0.3058824,0.3333333,0.345098
0.9411765,0.5607843,0.1098039
0.8078432,0.2392157,0.05490196
0.2509804,0.2509804,0.2509804
0.4509804,0.5058824,0.5294118
0.9294118,0.8901961,0.08235294
0.4431373,0.8078432,0.1019608
0.2509804,0.3921569,0.7764707
0.5647059,0.1568628,0.8392158
0.6156863,0.05490196,0.4941177
