62,71,
-1,-1,-1,-1,-1,-1,-1,-1,-1,-1,-1,-1,-1,-1,0,0,0,0,0,0,0,0,0,0,0,0,0,0,0,0,0,0,0,0,0,0,0,0,0,0,0,0,0,0,0,0,0,0,0,0,-1,-1,-1,-1,-1,-1,-1,-1,-1,-1,-1,-1
-1,-1,-1,-1,-1,-1,-1,-1,-1,-1,-1,-1,-1,-1,0,1,1,1,1,1,1,0,0,2,2,2,2,0,2,2,2,2,2,2,2,0,1,1,1,1,1,1,1,3,3,3,3,3,3,0,-1,-1,-1,-1,-1,-1,-1,-1,-1,-1,-1,-1
-1,-1,-1,-1,-1,-1,-1,-1,-1,-1,-1,-1,-1,-1,0,1,1,1,1,1,1,0,2,2,2,2,2,0,2,2,2,2,2,2,2,0,1,1,1,1,1,1,1,3,3,3,3,3,0,-1,-1,-1,-1,-1,-1,-1,-1,-1,-1,-1,-1,-1
-1,-1,-1,-1,-1,-1,-1,-1,-1,-1,-1,-1,-1,0,0,1,1,1,1,1,1,0,2,2,2,2,2,0,2,2,2,2,2,2,2,0,1,1,1,1,1,1,3,3,3,3,3,3,0,-1,-1,-1,-1,-1,-1,-1,-1,-1,-1,-1,-1,-1
-1,-1,-1,-1,-1,-1,-1,-1,-1,-1,-1,-1,-1,0,4,1,1,1,1,1,1,0,2,2,2,2,2,0,2,2,2,2,2,2,2,0,1,1,1,1,1,1,3,0,0,0,0,0,0,0,-1,-1,-1,-1,-1,-1,-1,-1,-1,-1,-1,-1
-1,-1,-1,-1,-1,-1,-1,-1,-1,-1,-1,-1,-1,0,4,1,1,1,1,1,0,0,2,2,2,2,2,2,2,2,2,2,2,2,2,0,1,1,1,1,1,1,0,0,5,5,0,3,3,0,-1,-1,-1,-1,-1,-1,-1,-1,-1,-1,-1,-1
-1,-1,-1,-1,-1,-1,-1,-1,-1,-1,-1,-1,-1,0,3,3,3,3,3,1,0,2,2,2,2,2,2,2,2,2,2,2,2,2,2,0,1,1,1,1,1,1,0,5,5,5,0,3,3,3,0,-1,-1,-1,-1,-1,-1,-1,-1,-1,-1,-1
-1,-1,-1,-1,-1,-1,-1,-1,-1,-1,-1,-1,-1,0,3,3,3,3,3,1,0,2,2,2,2,2,2,2,2,2,2,2,2,2,2,0,1,1,1,1,1,0,0,5,5,0,4,1,3,3,3,0,-1,-1,-1,-1,-1,-1,-1,-1,-1,-1
-1,-1,-1,-1,-1,-1,-1,-1,-1,-1,-1,-1,-1,0,3,3,3,3,3,1,0,2,2,2,2,2,2,2,2,2,2,2,2,2,2,0,1,1,1,1,0,0,5,5,5,0,4,1,1,3,3,3,0,-1,-1,-1,-1,-1,-1,-1,-1,-1
-1,-1,-1,-1,-1,-1,-1,-1,-1,-1,-1,-1,-1,0,3,3,3,3,3,1,0,2,2,2,2,2,2,2,2,2,2,2,2,2,2,0,1,1,1,1,0,5,5,5,5,0,4,1,1,1,1,3,3,0,-1,-1,-1,-1,-1,-1,-1,-1
-1,-1,-1,-1,-1,-1,-1,-1,-1,-1,-1,-1,-1,0,3,3,3,3,3,1,0,0,0,0,0,0,0,0,0,0,0,0,0,0,0,0,1,1,1,1,0,5,5,5,5,0,4,1,1,1,1,1,3,0,0,-1,-1,-1,-1,-1,-1,-1
-1,-1,-1,-1,-1,-1,-1,-1,-1,-1,-1,-1,-1,0,3,3,3,3,3,1,0,6,6,6,7,7,7,7,0,7,7,7,7,6,7,0,1,1,1,1,0,0,5,5,5,0,4,1,1,1,1,1,1,3,3,0,-1,-1,-1,-1,-1,-1
-1,-1,-1,-1,-1,-1,-1,-1,-1,-1,-1,-1,-1,0,3,3,3,3,3,1,0,6,6,6,7,7,7,7,0,7,7,7,7,6,0,1,1,1,1,1,1,0,0,0,5,0,4,1,1,1,1,1,1,1,3,0,0,-1,-1,-1,-1,-1
-1,-1,-1,-1,-1,-1,-1,-1,-1,-1,-1,-1,-1,0,3,3,3,3,1,1,1,0,6,6,7,7,7,7,0,7,7,7,7,6,0,1,1,1,1,1,1,3,3,0,0,0,4,1,1,1,1,1,1,1,1,3,0,0,-1,-1,-1,-1
-1,-1,-1,-1,-1,-1,-1,-1,-1,-1,-1,-1,-1,0,4,1,1,1,1,1,1,0,6,6,7,7,7,6,0,7,7,7,7,6,0,1,1,1,1,1,1,3,3,3,3,0,0,4,1,1,1,1,1,1,1,3,3,0,0,-1,-1,-1
-1,-1,-1,-1,-1,-1,-1,-1,-1,-1,-1,-1,-1,0,4,1,1,1,1,1,1,0,6,7,7,7,6,0,0,6,7,7,7,6,0,1,1,1,1,1,1,1,3,3,3,3,0,0,4,4,1,1,1,1,1,1,3,3,0,0,-1,-1
-1,-1,-1,-1,-1,-1,-1,-1,-1,-1,-1,-1,-1,0,4,1,1,1,1,1,1,0,6,7,7,6,0,0,8,0,6,7,7,6,0,1,1,1,1,1,1,1,3,3,3,3,0,0,0,0,4,1,1,1,1,1,1,3,3,0,-1,-1
-1,-1,-1,-1,-1,-1,-1,-1,-1,-1,-1,-1,-1,0,4,1,1,1,1,1,1,0,6,7,7,6,0,8,8,0,6,6,7,6,0,1,1,1,1,1,1,1,3,3,3,3,0,-1,-1,0,0,4,4,1,1,1,1,1,3,3,0,-1
-1,-1,-1,-1,-1,-1,-1,-1,-1,-1,-1,-1,-1,0,4,1,1,1,1,1,1,0,6,7,7,0,0,9,8,8,0,6,7,6,0,1,1,1,1,1,1,1,1,3,3,3,0,-1,-1,-1,-1,0,4,4,4,1,1,1,1,3,0,0
-1,-1,-1,-1,-1,-1,-1,-1,-1,-1,-1,-1,-1,0,4,1,1,1,1,1,1,0,6,7,7,0,9,9,9,8,0,6,6,6,0,3,1,1,1,1,1,1,1,3,3,0,0,-1,-1,-1,-1,-1,0,3,4,4,1,1,1,1,3,0
-1,-1,-1,-1,0,0,0,0,0,0,0,0,-1,0,4,1,1,1,1,1,1,0,6,7,6,0,9,9,9,8,0,0,6,6,0,3,1,1,1,1,1,1,1,3,3,0,-1,-1,-1,-1,-1,-1,-1,0,0,3,3,1,1,1,3,0
-1,-1,-1,0,0,3,3,3,3,3,0,0,0,0,4,1,1,1,1,1,1,0,6,7,6,0,10,9,9,8,8,0,6,6,0,3,1,1,1,1,1,1,1,1,3,0,-1,-1,-1,-1,-1,-1,0,0,3,3,1,1,1,1,4,0
-1,-1,-1,0,3,3,3,3,3,3,3,3,0,0,4,1,1,1,1,1,1,0,6,7,0,10,10,9,9,9,8,0,6,6,0,3,1,1,1,1,1,1,1,1,3,0,-1,-1,-1,-1,-1,0,0,3,3,3,1,1,1,4,0,0
-1,-1,0,0,3,3,3,3,3,3,3,3,3,0,4,1,1,1,1,1,1,0,6,7,0,10,9,9,9,9,8,0,0,6,0,3,3,1,1,1,1,1,1,1,3,0,-1,-1,-1,-1,0,0,3,3,3,1,1,1,1,4,0,-1
-1,-1,0,3,3,3,3,1,1,1,3,3,3,0,4,1,1,1,1,1,1,0,6,7,0,10,9,9,9,9,9,8,0,6,0,3,3,1,1,1,1,1,1,1,3,0,-1,-1,-1,0,0,3,3,3,1,1,1,1,4,0,0,-1
-1,-1,0,3,3,1,1,1,1,1,1,1,3,0,4,1,1,1,1,1,1,0,6,7,0,10,9,9,9,9,9,8,0,6,0,3,3,1,1,1,1,1,1,1,3,0,-1,-1,-1,0,3,3,3,1,1,1,1,1,4,0,-1,-1
-1,-1,0,3,3,1,1,1,1,1,1,1,3,0,4,1,1,1,1,1,1,1,0,7,0,10,10,9,9,9,9,8,0,6,0,3,3,1,1,1,1,1,1,1,1,0,-1,-1,0,0,3,3,1,1,1,1,1,4,0,0,-1,-1
-1,-1,0,3,1,1,1,1,1,1,1,1,3,0,4,1,1,1,1,1,1,3,0,7,0,0,10,9,9,9,9,8,0,0,6,0,3,3,1,1,1,1,1,1,1,0,-1,0,0,3,3,1,1,1,1,1,4,0,0,-1,-1,-1
-1,-1,0,3,1,1,1,1,1,1,1,1,1,0,4,1,1,1,1,1,3,3,0,6,7,0,10,9,9,9,9,8,8,0,6,0,3,3,3,1,1,1,1,1,1,3,0,0,3,1,1,1,1,1,1,1,4,0,-1,-1,-1,-1
-1,-1,0,3,1,1,1,1,1,1,1,1,1,0,4,1,1,1,1,1,3,3,0,6,7,0,10,9,9,9,9,8,8,0,6,0,3,3,3,1,1,1,1,1,1,3,0,3,1,1,1,1,1,1,1,4,0,0,-1,-1,-1,-1
-1,-1,0,1,1,1,1,1,1,1,1,1,0,0,4,1,1,1,1,1,3,0,0,6,7,0,10,9,9,9,9,8,8,0,6,0,3,3,3,3,1,1,1,1,1,3,3,1,1,1,1,1,1,1,1,4,0,-1,-1,-1,-1,-1
-1,-1,0,4,1,1,1,1,1,1,1,1,0,0,4,1,1,1,1,3,0,0,0,6,6,0,10,10,9,9,9,8,8,0,6,0,0,3,3,3,3,1,1,1,1,1,1,1,1,1,1,1,1,1,4,0,0,-1,-1,-1,-1,-1
-1,-1,0,4,1,1,1,1,1,1,1,1,0,0,4,1,1,1,3,3,0,1,0,6,6,0,0,10,9,9,9,8,8,0,6,0,0,0,3,3,3,3,1,1,1,1,1,1,1,1,1,1,1,1,4,0,-1,-1,-1,-1,-1,-1
-1,-1,0,4,1,1,1,1,1,1,1,0,1,0,4,1,1,1,3,0,0,1,0,6,6,7,0,10,9,9,9,8,8,0,6,0,4,0,0,3,3,3,3,1,1,1,1,1,1,1,1,1,1,4,0,0,-1,-1,-1,-1,-1,-1
-1,-1,0,4,1,1,1,1,1,1,1,0,1,0,4,1,1,3,3,0,4,1,0,6,6,7,0,10,9,9,9,8,0,6,6,0,4,4,0,0,3,3,3,1,1,1,1,1,1,1,1,1,4,0,0,-1,-1,-1,-1,-1,-1,-1
-1,-1,0,4,1,1,1,1,1,1,1,0,1,0,1,1,1,3,3,0,1,1,0,0,6,7,0,10,10,9,9,8,0,6,6,0,1,4,4,0,3,3,3,1,1,1,1,1,1,1,1,4,4,0,-1,-1,-1,-1,-1,-1,-1,-1
-1,-1,0,4,1,1,1,1,1,1,1,0,1,1,1,1,1,3,0,4,1,1,1,0,6,7,0,0,10,9,8,8,0,6,6,0,1,1,4,0,0,3,3,3,1,1,1,1,1,1,4,4,0,-1,-1,-1,-1,-1,-1,-1,-1,-1
-1,-1,0,4,1,1,1,1,1,1,1,0,1,1,1,1,1,3,0,4,1,1,1,0,6,7,7,0,0,8,8,0,0,6,6,0,1,1,1,4,0,0,3,3,1,1,1,1,1,4,4,0,-1,-1,-1,-1,-1,-1,-1,-1,-1,-1
-1,-1,0,4,1,1,1,1,1,1,1,0,1,1,1,1,1,3,0,4,1,1,1,0,6,7,7,6,0,0,0,0,0,6,6,0,1,1,1,1,4,0,3,3,1,1,1,1,1,0,0,-1,-1,-1,-1,-1,-1,-1,-1,-1,-1,-1
-1,-1,0,4,1,1,1,1,1,1,0,0,1,1,1,1,1,3,0,4,1,1,1,0,6,7,6,0,0,8,8,8,0,0,6,0,1,1,1,1,4,0,3,3,1,1,3,3,0,0,-1,-1,-1,-1,-1,-1,-1,-1,-1,-1,-1,-1
-1,-1,0,4,1,1,1,1,1,1,0,-1,0,1,1,1,1,3,0,4,1,1,1,0,6,7,6,0,10,8,8,8,8,0,6,0,1,1,1,1,1,0,3,3,3,3,3,0,0,0,-1,-1,-1,-1,-1,-1,-1,-1,-1,-1,-1,-1
-1,-1,0,4,1,1,1,1,1,1,0,-1,0,0,1,1,1,3,0,4,1,1,1,0,0,6,6,0,10,9,9,9,9,0,6,0,1,1,1,1,3,0,3,3,3,0,0,11,11,0,0,0,0,-1,-1,-1,-1,-1,-1,-1,-1,-1
-1,-1,0,4,1,1,1,1,1,1,0,-1,-1,0,1,1,1,3,0,0,4,1,1,1,0,6,6,0,10,10,9,9,9,0,6,0,3,3,3,3,3,0,3,0,0,0,11,11,11,11,11,0,0,-1,-1,-1,-1,-1,-1,-1,-1,-1
-1,-1,0,4,1,1,1,1,1,1,0,-1,-1,0,0,1,1,1,3,0,0,4,1,1,0,6,6,0,0,10,9,9,0,0,11,0,0,0,0,0,0,0,0,0,11,11,11,11,11,0,0,5,0,-1,-1,-1,-1,-1,-1,-1,-1,-1
-1,-1,0,4,4,4,4,4,4,4,0,-1,-1,-1,0,1,1,1,3,3,0,0,4,1,0,6,7,6,0,0,0,0,0,11,11,0,0,11,11,11,11,11,11,11,11,11,0,0,0,5,5,5,0,-1,-1,-1,-1,-1,-1,-1,-1,-1
-1,-1,0,0,0,0,0,0,0,4,0,-1,-1,-1,-1,0,1,1,1,3,3,0,4,4,0,6,6,6,0,11,11,11,11,11,11,11,11,11,11,11,11,11,11,11,0,0,5,5,5,5,5,5,0,-1,-1,-1,-1,-1,-1,-1,-1,-1
-1,-1,0,0,11,11,11,11,0,0,0,-1,-1,-1,-1,-1,0,0,3,3,3,3,0,0,0,0,0,0,0,11,11,11,11,11,11,11,11,11,11,11,11,0,0,0,5,5,5,5,5,0,0,5,0,-1,-1,-1,-1,-1,-1,-1,-1,-1
-1,-1,0,11,11,11,11,11,11,11,0,-1,-1,-1,-1,-1,-1,0,0,0,0,0,0,0,0,-1,-1,0,0,11,11,11,11,11,11,11,11,11,11,0,0,5,5,5,5,5,5,0,0,6,0,5,0,-1,-1,-1,-1,-1,-1,-1,-1,-1
-1,0,0,11,11,11,11,11,11,11,0,-1,-1,-1,-1,-1,-1,-1,-1,-1,-1,-1,-1,-1,0,0,0,11,11,11,11,11,11,11,11,11,0,0,0,5,5,5,5,5,0,0,0,7,7,6,0,5,5,0,-1,-1,-1,-1,-1,-1,-1,-1
-1,0,11,11,11,11,11,11,5,5,0,-1,-1,-1,-1,-1,-1,-1,-1,-1,-1,-1,0,0,11,11,11,11,11,11,11,11,11,0,0,0,5,5,5,5,5,0,0,0,7,7,7,7,7,6,0,5,5,0,-1,-1,-1,-1,-1,-1,-1,-1
-1,0,11,11,11,11,11,0,5,5,0,0,-1,-1,-1,-1,-1,-1,-1,-1,0,0,11,11,11,11,11,11,11,11,11,0,0,5,5,5,5,5,5,0,0,7,7,7,7,7,7,7,7,6,0,5,5,0,-1,-1,-1,-1,-1,-1,-1,-1
0,0,5,5,5,11,0,0,5,5,5,0,-1,-1,-1,-1,-1,-1,-1,-1,0,11,11,11,11,11,11,11,0,0,0,5,5,5,5,5,0,0,0,7,7,7,7,7,7,7,7,7,7,6,0,5,5,0,-1,-1,-1,-1,-1,-1,-1,-1
0,5,5,5,5,0,5,5,5,5,0,0,-1,-1,-1,-1,-1,-1,-1,-1,0,11,11,11,11,11,0,0,5,5,5,5,5,5,0,0,7,7,7,7,7,7,7,7,7,7,7,7,7,6,0,5,5,0,-1,-1,-1,-1,-1,-1,-1,-1
0,0,5,5,5,0,5,0,0,0,0,0,-1,-1,-1,-1,-1,-1,-1,0,11,11,11,0,0,0,5,5,5,5,5,0,0,0,7,7,7,7,7,7,7,7,7,7,7,7,7,7,7,6,0,5,5,0,-1,-1,-1,-1,-1,-1,-1,-1
-1,0,5,5,5,5,0,0,5,5,0,0,-1,-1,-1,-1,-1,-1,-1,0,11,0,0,5,5,5,5,5,0,0,0,7,7,7,7,7,7,7,7,7,7,7,7,7,7,7,7,7,7,6,0,5,5,0,-1,-1,-1,-1,-1,-1,-1,-1
-1,-1,0,0,5,5,5,5,5,5,0,-1,-1,-1,-1,-1,-1,-1,-1,0,0,5,5,5,5,5,0,0,7,7,7,7,7,7,7,7,7,7,7,7,7,7,7,7,7,7,7,7,7,6,0,5,5,0,-1,-1,-1,-1,-1,-1,-1,-1
-1,-1,-1,0,0,0,0,0,5,5,0,-1,-1,-1,-1,-1,-1,-1,-1,-1,0,5,5,5,0,0,6,7,7,7,7,7,7,7,7,7,7,7,7,7,7,7,7,7,7,7,7,7,7,6,0,5,5,0,-1,-1,-1,-1,-1,-1,-1,-1
-1,-1,-1,-1,-1,-1,-1,0,5,5,0,-1,-1,-1,-1,-1,-1,-1,-1,-1,0,5,5,5,5,0,6,7,7,7,7,7,7,7,7,7,7,7,7,7,7,7,7,7,7,7,7,7,7,6,0,5,5,0,-1,-1,-1,-1,-1,-1,-1,-1
-1,-1,-1,-1,-1,-1,-1,0,5,5,0,-1,-1,-1,-1,-1,-1,-1,-1,-1,-1,0,5,5,5,0,6,6,7,7,7,7,7,7,7,7,7,7,7,7,7,7,7,7,7,7,7,7,7,6,0,5,5,5,0,-1,-1,-1,-1,-1,-1,-1
-1,-1,-1,-1,-1,-1,-1,0,5,5,0,-1,-1,-1,-1,-1,-1,-1,-1,-1,-1,0,5,5,5,5,0,6,7,7,7,7,7,7,7,7,7,7,7,7,7,7,7,7,7,7,7,7,7,6,0,5,5,5,0,-1,-1,-1,-1,-1,-1,-1
-1,-1,-1,-1,-1,-1,-1,0,5,5,0,-1,-1,-1,-1,-1,-1,-1,-1,-1,-1,-1,0,5,5,5,0,6,6,7,7,7,7,7,7,7,7,7,7,7,7,7,7,7,7,7,6,6,6,6,0,5,5,5,0,-1,-1,-1,-1,-1,-1,-1
-1,-1,-1,-1,-1,-1,-1,0,5,0,-1,-1,-1,-1,-1,-1,-1,-1,-1,-1,-1,-1,0,5,5,5,5,0,6,6,7,7,7,7,7,7,7,7,7,7,7,7,6,6,6,6,6,6,0,0,0,5,5,5,0,-1,-1,-1,-1,-1,-1,-1
-1,-1,-1,-1,-1,-1,-1,0,0,0,-1,-1,-1,-1,-1,-1,-1,-1,-1,-1,-1,-1,-1,0,5,5,5,5,0,6,7,7,7,7,7,7,7,7,6,6,6,6,6,6,0,0,0,0,5,5,5,5,5,5,0,-1,-1,-1,-1,-1,-1,-1
-1,-1,-1,-1,-1,-1,-1,-1,-1,-1,-1,-1,-1,-1,-1,-1,-1,-1,-1,-1,-1,-1,-1,0,5,5,5,5,0,6,6,7,7,7,7,6,6,6,6,6,0,0,0,0,5,5,5,5,5,5,5,5,5,0,0,-1,-1,-1,-1,-1,-1,-1
-1,-1,-1,-1,-1,-1,-1,-1,-1,-1,-1,-1,-1,-1,-1,-1,-1,-1,-1,-1,-1,-1,-1,-1,0,5,5,5,5,0,6,6,6,6,6,6,0,0,0,0,5,5,5,5,5,5,5,5,5,0,0,0,0,-1,-1,-1,-1,-1,-1,-1,-1,-1
-1,-1,-1,-1,-1,-1,-1,-1,-1,-1,-1,-1,-1,-1,-1,-1,-1,-1,-1,-1,-1,-1,-1,-1,0,5,5,5,5,0,6,6,0,0,0,0,5,5,5,5,5,5,5,5,5,0,0,0,0,-1,-1,-1,-1,-1,-1,-1,-1,-1,-1,-1,-1,-1
-1,-1,-1,-1,-1,-1,-1,-1,-1,-1,-1,-1,-1,-1,-1,-1,-1,-1,-1,-1,-1,-1,-1,-1,-1,0,5,5,5,5,0,0,5,5,5,5,5,5,5,5,5,0,0,0,0,-1,-1,-1,-1,-1,-1,-1,-1,-1,-1,-1,-1,-1,-1,-1,-1,-1
-1,-1,-1,-1,-1,-1,-1,-1,-1,-1,-1,-1,-1,-1,-1,-1,-1,-1,-1,-1,-1,-1,-1,-1,-1,0,5,5,5,5,5,5,5,5,5,5,5,0,0,0,0,-1,-1,-1,-1,-1,-1,-1,-1,-1,-1,-1,-1,-1,-1,-1,-1,-1,-1,-1,-1,-1
-1,-1,-1,-1,-1,-1,-1,-1,-1,-1,-1,-1,-1,-1,-1,-1,-1,-1,-1,-1,-1,-1,-1,-1,-1,-1,0,5,5,5,5,5,5,0,0,0,0,-1,-1,-1,-1,-1,-1,-1,-1,-1,-1,-1,-1,-1,-1,-1,-1,-1,-1,-1,-1,-1,-1,-1,-1,-1
-1,-1,-1,-1,-1,-1,-1,-1,-1,-1,-1,-1,-1,-1,-1,-1,-1,-1,-1,-1,-1,-1,-1,-1,-1,-1,0,5,5,0,0,0,0,-1,-1,-1,-1,-1,-1,-1,-1,-1,-1,-1,-1,-1,-1,-1,-1,-1,-1,-1,-1,-1,-1,-1,-1,-1,-1,-1,-1,-1
-1,-1,-1,-1,-1,-1,-1,-1,-1,-1,-1,-1,-1,-1,-1,-1,-1,-1,-1,-1,-1,-1,-1,-1,-1,-1,-1,0,0,-1,-1,-1,-1,-1,-1,-1,-1,-1,-1,-1,-1,-1,-1,-1,-1,-1,-1,-1,-1,-1,-1,-1,-1,-1,-1,-1,-1,-1,-1,-1,-1,-1
0,0,0
0.8784314,0.7960785,0.454902
0.2313726,0.3215686,0.5333334
0.8078432,0.5647059,0.2588235
0.9686275,0.9058824,0.6313726
0.2392157,0.2470588,0.4078432
0.8000001,0.8000001,0.8000001
1,1,1
0.6156863,0.09411766,0.1921569
0.8588236,0.07450981,0.1960784
0.9568628,0.2941177,0.3960785
0.145098,0.1294118,0.2117647
