54,80,
-1,-1,-1,-1,-1,-1,-1,-1,-1,-1,-1,-1,-1,0,0,0,0,0,0,0,0,0,0,0,0,0,-1,-1,0,0,0,0,0,0,0,0,0,0,0,0,0,-1,-1,-1,-1,-1,-1,-1,-1,-1,-1,-1,-1,-1
-1,-1,-1,-1,-1,-1,-1,-1,-1,-1,-1,-1,-1,0,1,2,2,2,2,2,2,2,2,2,2,0,-1,-1,0,2,2,2,2,2,2,2,2,2,2,1,0,-1,-1,-1,-1,-1,-1,-1,-1,-1,-1,-1,-1,-1
-1,-1,-1,-1,-1,-1,-1,-1,-1,-1,-1,-1,-1,0,0,1,2,2,2,2,2,2,2,2,2,0,-1,-1,0,2,2,2,2,2,2,2,2,2,1,0,0,-1,-1,-1,-1,-1,-1,-1,-1,-1,-1,-1,-1,-1
-1,-1,-1,-1,-1,-1,-1,-1,-1,-1,-1,-1,-1,-1,0,0,1,2,2,2,2,2,2,2,2,0,-1,-1,0,2,2,2,2,2,2,2,2,1,0,0,-1,-1,-1,-1,-1,-1,-1,-1,-1,-1,-1,-1,-1,-1
-1,-1,-1,-1,-1,-1,-1,-1,-1,-1,-1,-1,-1,-1,-1,0,0,1,2,2,2,2,2,2,2,0,-1,-1,0,2,2,2,2,2,2,2,1,0,0,-1,-1,-1,-1,-1,-1,-1,-1,-1,-1,-1,-1,-1,-1,-1
-1,-1,-1,-1,-1,-1,-1,-1,-1,-1,-1,-1,-1,-1,-1,-1,0,0,0,0,0,0,0,0,0,0,-1,-1,0,0,0,0,0,0,0,0,0,0,-1,-1,-1,-1,-1,-1,-1,-1,-1,-1,-1,-1,-1,-1,-1,-1
-1,-1,-1,-1,-1,-1,-1,-1,-1,-1,-1,-1,-1,-1,-1,-1,0,1,1,1,1,1,1,1,1,0,-1,-1,0,1,1,1,1,1,1,1,1,0,-1,-1,-1,-1,-1,-1,-1,-1,-1,-1,-1,-1,-1,-1,-1,-1
-1,-1,-1,-1,-1,-1,-1,-1,-1,-1,-1,-1,-1,-1,-1,-1,0,1,1,1,1,1,1,1,1,0,-1,-1,0,1,1,1,1,1,1,1,1,0,-1,-1,-1,-1,-1,-1,-1,-1,-1,-1,-1,-1,-1,-1,-1,-1
-1,-1,-1,-1,-1,-1,-1,-1,-1,-1,-1,-1,-1,-1,-1,-1,0,1,1,1,1,1,1,1,1,0,-1,-1,0,1,1,1,1,1,1,1,1,0,-1,-1,-1,-1,-1,-1,-1,-1,-1,-1,-1,-1,-1,-1,-1,-1
-1,-1,-1,-1,-1,-1,-1,-1,-1,-1,-1,-1,-1,-1,-1,-1,0,1,1,1,1,1,1,1,1,0,-1,-1,0,1,1,1,1,1,1,1,1,0,-1,-1,-1,-1,-1,-1,-1,-1,-1,-1,-1,-1,-1,-1,-1,-1
-1,-1,-1,-1,-1,-1,-1,-1,-1,-1,-1,-1,-1,-1,-1,-1,0,1,1,1,1,1,1,1,1,0,-1,-1,0,1,1,1,1,1,1,1,1,0,-1,-1,-1,-1,-1,-1,-1,-1,-1,-1,-1,-1,-1,-1,-1,-1
-1,-1,-1,-1,-1,-1,-1,-1,-1,-1,-1,-1,-1,-1,-1,-1,0,1,1,1,1,1,1,1,1,0,-1,-1,0,1,1,1,1,1,1,1,1,0,-1,-1,-1,-1,-1,-1,-1,-1,-1,-1,-1,-1,-1,-1,-1,-1
-1,-1,-1,-1,-1,-1,-1,-1,-1,-1,-1,-1,-1,-1,-1,-1,0,2,1,1,1,1,1,1,1,0,-1,-1,0,1,1,1,1,1,1,1,2,0,-1,-1,-1,-1,-1,-1,-1,-1,-1,-1,-1,-1,-1,-1,-1,-1
-1,-1,-1,-1,-1,-1,-1,-1,-1,-1,-1,-1,-1,-1,0,0,0,0,1,1,1,1,1,1,1,0,-1,-1,0,1,1,1,1,1,1,1,0,0,0,0,-1,-1,-1,-1,-1,-1,-1,-1,-1,-1,-1,-1,-1,-1
-1,-1,-1,-1,-1,-1,-1,-1,-1,-1,-1,-1,0,0,0,2,2,0,1,1,1,1,1,1,1,0,-1,-1,0,1,1,1,1,1,1,2,0,2,2,0,0,0,-1,-1,-1,-1,-1,-1,-1,-1,-1,-1,-1,-1
-1,-1,-1,-1,-1,-1,0,0,0,-1,0,0,0,2,1,1,2,0,2,1,1,1,1,1,1,0,0,0,0,1,1,1,1,1,1,2,0,2,1,2,2,0,0,0,-1,0,0,0,-1,-1,-1,-1,-1,-1
-1,-1,-1,0,0,0,2,2,2,0,0,2,2,1,1,1,2,0,2,1,1,1,1,1,1,1,1,1,1,1,1,1,1,1,1,2,0,2,1,1,1,2,2,0,0,2,2,2,0,0,0,-1,-1,-1
-1,-1,0,0,2,2,2,2,2,2,0,1,1,1,1,1,2,2,0,2,1,1,1,1,2,2,2,2,2,2,1,1,1,1,2,0,2,2,1,1,1,1,1,0,2,2,2,2,2,2,0,0,-1,-1
-1,0,0,2,2,2,2,2,2,2,0,1,1,1,1,1,2,2,0,2,2,2,2,2,2,0,0,0,0,2,2,2,2,2,2,0,2,2,1,1,1,1,1,0,2,2,2,2,2,2,2,0,0,-1
-1,0,1,2,2,2,2,2,2,2,0,1,1,1,1,1,1,2,0,0,0,0,0,0,0,0,3,3,0,0,0,0,0,0,0,0,2,1,1,1,1,1,1,0,2,2,2,2,2,2,2,1,0,-1
0,1,1,2,2,2,2,2,2,2,2,0,1,1,1,1,1,2,0,2,2,2,2,2,2,0,3,3,0,2,2,2,2,2,2,0,2,1,1,1,1,1,0,2,2,2,2,2,2,2,2,1,1,0
0,0,1,2,2,2,2,2,2,0,0,0,1,1,1,1,1,2,0,0,0,0,0,0,0,0,3,3,0,0,0,0,0,0,0,0,2,1,1,1,1,1,0,0,0,2,2,2,2,2,2,1,0,0
-1,0,0,1,2,2,0,0,0,0,1,0,1,1,1,1,1,2,0,4,4,4,4,4,4,0,0,0,0,4,4,4,4,4,4,0,2,1,1,1,1,1,0,1,0,0,0,0,2,2,1,0,0,-1
-1,-1,0,0,0,0,0,1,1,1,1,0,1,1,1,1,2,0,0,4,3,3,3,3,3,3,3,3,3,3,3,3,3,3,4,0,0,2,1,1,1,1,0,1,1,1,1,0,0,0,0,0,-1,-1
-1,-1,-1,0,0,1,1,1,1,1,1,0,1,1,1,2,0,1,1,0,4,3,3,3,3,3,3,3,3,3,3,3,3,4,0,1,1,0,2,1,1,1,0,1,1,1,1,1,1,0,0,-1,-1,-1
-1,-1,-1,0,5,1,1,1,1,1,1,0,1,1,2,2,0,1,1,0,4,3,3,3,3,3,0,0,3,3,3,3,3,4,0,1,1,0,2,1,1,1,0,1,1,1,1,1,1,5,0,-1,-1,-1
-1,-1,-1,0,5,1,1,1,1,1,1,1,0,1,2,0,1,1,1,0,4,3,3,3,3,0,0,0,0,3,3,3,3,4,0,1,1,1,0,2,1,1,0,1,1,1,1,1,1,5,0,-1,-1,-1
-1,-1,-1,0,5,1,1,1,1,1,1,1,0,1,0,1,1,1,1,0,4,3,3,3,0,0,2,2,0,0,3,3,3,4,0,1,1,1,1,0,1,0,1,1,1,1,1,1,1,5,0,-1,-1,-1
-1,-1,-1,-1,0,5,1,1,1,1,1,1,0,1,0,1,1,1,1,0,4,3,3,0,0,2,2,2,4,0,0,3,3,4,0,1,1,1,1,0,1,0,1,1,1,1,1,1,5,0,-1,-1,-1,-1
-1,-1,-1,-1,0,5,1,1,1,1,1,1,0,1,0,1,1,1,1,0,4,3,0,0,2,2,2,2,2,2,0,0,3,4,0,1,1,1,1,0,1,0,1,1,1,1,1,1,5,0,-1,-1,-1,-1
-1,-1,-1,-1,0,5,1,1,1,1,1,1,0,1,1,0,1,1,1,1,0,3,0,2,2,2,2,2,2,2,2,0,3,0,1,1,1,1,0,1,1,0,1,1,1,1,1,1,5,0,-1,-1,-1,-1
-1,-1,-1,-1,-1,0,5,1,1,1,1,1,0,1,1,0,1,1,1,1,0,4,0,0,2,4,2,2,2,2,0,0,4,0,1,1,1,1,0,1,1,0,1,1,1,1,1,5,0,-1,-1,-1,-1,-1
-1,-1,-1,-1,-1,0,5,1,1,1,1,1,0,1,1,0,1,1,1,1,0,4,3,0,2,2,2,2,2,2,0,3,4,0,1,1,1,1,0,1,1,0,1,1,1,1,1,5,0,-1,-1,-1,-1,-1
-1,-1,-1,-1,-1,0,0,5,1,1,1,1,1,0,1,0,1,1,1,1,0,4,3,0,2,2,2,2,4,2,0,3,4,0,1,1,1,1,0,1,0,1,1,1,1,1,5,0,0,-1,-1,-1,-1,-1
-1,-1,-1,-1,-1,-1,0,5,1,1,1,1,1,0,1,0,1,1,1,1,0,4,3,0,0,2,2,2,2,0,0,3,4,0,1,1,1,1,0,1,0,1,1,1,1,1,5,0,-1,-1,-1,-1,-1,-1
-1,-1,-1,-1,-1,-1,0,0,5,1,1,1,1,0,1,0,1,1,1,1,0,4,3,3,0,2,2,2,2,0,3,3,4,0,1,1,1,1,0,1,0,1,1,1,1,5,0,0,-1,-1,-1,-1,-1,-1
-1,-1,-1,-1,-1,-1,-1,0,5,1,1,1,1,0,1,1,0,1,1,1,0,4,4,3,0,2,4,2,2,0,3,4,4,0,1,1,1,0,1,1,0,1,1,1,1,5,0,-1,-1,-1,-1,-1,-1,-1
-1,-1,-1,-1,-1,-1,-1,0,5,5,1,1,1,1,1,1,0,1,1,1,1,0,4,3,3,0,2,2,0,3,3,4,0,1,1,1,1,0,1,1,1,1,1,1,5,5,0,-1,-1,-1,-1,-1,-1,-1
-1,-1,-1,-1,-1,-1,-1,-1,0,5,1,1,1,1,1,1,0,1,1,1,1,0,4,4,4,0,2,2,0,4,4,4,0,1,1,1,1,0,1,1,1,1,1,1,5,0,-1,-1,-1,-1,-1,-1,-1,-1
-1,-1,-1,-1,-1,-1,-1,-1,0,5,1,1,1,1,1,1,0,1,1,1,1,0,4,0,0,0,0,0,0,0,0,4,0,1,1,1,1,0,1,1,1,1,1,1,5,0,-1,-1,-1,-1,-1,-1,-1,-1
-1,-1,-1,-1,-1,-1,-1,-1,0,0,5,1,1,1,1,1,0,1,1,1,1,0,0,0,3,0,2,2,0,3,0,0,0,1,1,1,1,0,1,1,1,1,1,5,0,0,-1,-1,-1,-1,-1,-1,-1,-1
-1,-1,-1,-1,-1,-1,-1,-1,-1,0,5,1,1,1,1,1,0,1,1,2,0,0,3,3,3,0,2,4,0,3,3,3,0,0,2,1,1,0,1,1,1,1,1,5,0,-1,-1,-1,-1,-1,-1,-1,-1,-1
-1,-1,-1,-1,-1,-1,-1,-1,-1,0,0,2,2,2,2,1,1,0,2,0,0,3,3,4,4,0,0,0,0,4,4,3,3,0,0,2,0,1,1,2,2,2,2,0,0,-1,-1,-1,-1,-1,-1,-1,-1,-1
-1,-1,-1,-1,-1,-1,-1,-1,-1,-1,0,0,0,0,0,2,2,0,2,0,3,3,4,0,0,0,6,6,0,0,0,4,3,3,0,2,0,2,2,0,0,0,0,0,-1,-1,-1,-1,-1,-1,-1,-1,-1,-1
-1,-1,-1,-1,-1,-1,-1,-1,-1,-1,-1,-1,-1,-1,0,0,0,0,0,0,4,4,0,0,6,6,6,6,6,6,0,0,4,4,0,0,0,0,0,0,-1,-1,-1,-1,-1,-1,-1,-1,-1,-1,-1,-1,-1,-1
-1,-1,-1,-1,-1,-1,-1,-1,-1,-1,-1,0,0,0,0,0,0,0,0,0,0,0,0,0,0,0,0,0,0,0,0,0,0,0,0,0,0,0,0,0,0,0,0,-1,-1,-1,-1,-1,-1,-1,-1,-1,-1,-1
-1,-1,-1,-1,-1,-1,-1,-1,-1,-1,0,0,0,0,0,0,0,0,0,0,0,0,0,0,0,0,0,0,0,0,0,0,0,0,0,0,0,0,0,0,0,0,0,0,-1,-1,-1,-1,-1,-1,-1,-1,-1,-1
-1,-1,-1,-1,-1,-1,-1,-1,-1,0,0,7,7,7,7,7,7,7,7,7,7,7,7,7,7,7,7,7,7,7,7,7,7,7,7,7,7,7,7,7,7,7,7,0,0,-1,-1,-1,-1,-1,-1,-1,-1,-1
-1,-1,-1,-1,-1,-1,-1,-1,0,0,7,7,7,7,7,7,7,7,7,7,7,7,7,7,7,7,7,7,7,7,7,7,7,7,7,7,7,7,7,7,7,7,7,7,0,0,-1,-1,-1,-1,-1,-1,-1,-1
-1,-1,-1,-1,-1,-1,-1,-1,0,0,8,6,0,0,6,6,6,6,6,6,6,6,6,6,6,6,6,6,6,6,6,6,6,6,6,6,6,6,6,6,0,0,6,8,0,0,-1,-1,-1,-1,-1,-1,-1,-1
-1,-1,-1,-1,-1,-1,-1,-1,0,0,8,6,0,6,6,6,6,6,6,6,6,6,6,6,0,0,0,0,0,0,6,6,6,6,6,6,6,6,6,6,6,0,6,8,0,0,-1,-1,-1,-1,-1,-1,-1,-1
-1,-1,-1,-1,-1,-1,-1,-1,0,0,8,6,6,6,6,6,6,6,6,6,6,6,0,0,2,2,2,2,2,2,0,0,6,6,6,6,6,6,6,6,6,6,6,8,0,0,-1,-1,-1,-1,-1,-1,-1,-1
-1,-1,-1,-1,-1,-1,-1,-1,0,0,8,6,6,6,6,6,6,6,6,6,0,0,2,2,1,1,1,1,1,1,2,2,0,0,6,6,6,6,6,6,6,6,6,8,0,0,-1,-1,-1,-1,-1,-1,-1,-1
-1,-1,-1,-1,-1,-1,-1,-1,0,0,8,6,6,6,6,6,6,6,6,0,2,2,1,1,1,0,0,0,0,1,1,1,2,2,0,6,6,6,6,6,6,6,6,8,0,0,-1,-1,-1,-1,-1,-1,-1,-1
-1,-1,-1,-1,-1,-1,-1,-1,0,0,8,6,6,6,6,6,6,6,6,0,1,1,1,1,0,2,2,2,2,0,1,1,1,1,0,6,6,6,6,6,6,6,6,8,0,0,-1,-1,-1,-1,-1,-1,-1,-1
-1,-1,-1,-1,-1,-1,-1,-1,0,0,8,6,6,6,6,6,6,6,6,0,1,1,1,0,2,2,2,2,2,2,0,1,1,1,0,6,6,6,6,6,6,6,6,8,0,0,-1,-1,-1,-1,-1,-1,-1,-1
-1,-1,-1,-1,-1,0,0,0,0,0,8,6,6,6,6,6,6,6,0,1,1,1,0,2,2,2,2,2,2,2,2,0,1,1,1,0,6,6,6,6,6,6,6,8,0,0,0,0,0,-1,-1,-1,-1,-1
-1,-1,-1,-1,0,2,2,2,0,0,8,6,6,6,6,6,6,6,0,1,1,1,0,2,2,2,2,2,2,2,2,0,1,1,1,0,6,6,6,6,6,6,6,8,0,0,2,2,2,0,-1,-1,-1,-1
-1,-1,-1,0,2,2,1,1,0,0,8,6,6,6,6,6,6,6,0,5,1,1,0,2,2,2,2,2,2,2,2,0,1,1,5,0,6,6,6,6,6,6,6,8,0,0,1,1,2,2,0,-1,-1,-1
-1,-1,0,2,2,1,1,1,0,0,8,6,6,6,6,6,6,6,0,5,1,1,0,2,2,2,2,2,2,2,2,0,1,1,5,0,6,6,6,6,6,6,6,8,0,0,1,1,1,2,2,0,-1,-1
-1,-1,0,2,1,1,1,1,0,0,8,6,6,6,6,6,6,6,0,5,1,1,0,2,2,2,2,2,2,2,2,0,1,1,5,0,6,6,6,6,6,6,6,8,0,0,1,1,1,1,2,0,-1,-1
-1,-1,0,2,1,1,1,1,0,0,8,6,6,6,6,6,6,6,6,0,5,1,1,0,2,2,2,2,2,2,0,1,1,5,0,6,6,6,6,6,6,6,6,8,0,0,1,1,1,1,2,0,-1,-1
-1,-1,0,2,1,1,1,1,0,0,8,6,6,6,6,6,6,6,6,0,5,1,1,1,0,2,2,2,2,0,1,1,1,5,0,6,6,6,6,6,6,6,6,8,0,0,1,1,1,1,2,0,-1,-1
-1,-1,0,2,1,1,1,1,0,0,8,6,6,6,6,6,6,6,6,0,5,5,1,1,1,0,0,0,0,1,1,1,5,5,0,6,6,6,6,6,6,6,6,8,0,0,1,1,1,1,2,0,-1,-1
-1,-1,0,2,1,1,1,1,0,0,8,6,6,6,6,6,6,6,6,6,0,0,5,5,1,1,1,1,1,1,5,5,0,0,6,6,6,6,6,6,6,6,6,8,0,0,1,1,1,1,2,0,-1,-1
-1,-1,-1,0,5,1,1,1,0,0,8,6,6,6,6,6,6,6,6,6,6,6,0,0,5,5,5,5,5,5,0,0,6,6,6,6,6,6,6,6,6,6,6,8,0,0,1,1,1,5,0,-1,-1,-1
-1,-1,-1,-1,0,5,1,1,0,0,8,6,0,6,6,6,6,6,6,6,6,6,6,6,0,0,0,0,0,0,6,6,6,6,6,6,6,6,6,6,6,0,6,8,0,0,1,1,5,0,-1,-1,-1,-1
-1,-1,-1,-1,-1,0,0,0,0,0,8,6,0,0,6,6,6,6,6,6,6,6,6,6,6,6,6,6,6,6,6,6,6,6,6,6,6,6,6,6,0,0,6,8,0,0,0,0,0,-1,-1,-1,-1,-1
-1,-1,-1,-1,0,1,1,1,0,0,8,6,6,6,6,6,6,6,6,6,6,6,6,6,6,6,6,6,6,6,6,6,6,6,6,6,6,6,6,6,6,6,6,8,0,0,1,1,1,0,-1,-1,-1,-1
-1,-1,-1,-1,0,1,1,1,1,0,0,8,8,8,8,8,8,8,8,8,8,8,8,8,8,8,8,8,8,8,8,8,8,8,8,8,8,8,8,8,8,8,8,0,0,1,1,1,1,0,-1,-1,-1,-1
-1,-1,-1,-1,0,5,1,1,1,1,0,0,0,0,0,0,0,0,0,0,0,0,0,0,0,0,0,0,0,0,0,0,0,0,0,0,0,0,0,0,0,0,0,0,1,1,1,1,1,0,-1,-1,-1,-1
-1,-1,-1,-1,0,5,5,1,1,1,1,0,0,0,0,0,0,0,0,0,0,0,0,0,0,0,0,0,0,0,0,0,0,0,0,0,0,0,0,0,0,0,0,1,1,1,1,5,5,0,-1,-1,-1,-1
-1,-1,-1,-1,-1,0,0,5,1,1,1,1,0,0,-1,-1,-1,-1,-1,-1,-1,-1,-1,-1,-1,-1,-1,-1,-1,-1,-1,-1,-1,-1,-1,-1,-1,-1,-1,-1,0,0,1,1,1,1,5,0,0,-1,-1,-1,-1,-1
-1,-1,-1,-1,-1,-1,0,5,5,1,1,1,1,0,0,0,-1,-1,-1,-1,-1,-1,-1,-1,-1,-1,-1,-1,-1,-1,-1,-1,-1,-1,-1,-1,-1,-1,0,0,0,1,1,1,1,5,5,0,-1,-1,-1,-1,-1,-1
-1,-1,-1,-1,-1,-1,-1,0,0,5,5,1,1,1,1,0,0,0,-1,-1,-1,-1,-1,-1,-1,-1,-1,-1,-1,-1,-1,-1,-1,-1,-1,-1,0,0,0,1,1,1,1,5,5,0,0,-1,-1,-1,-1,-1,-1,-1
-1,-1,-1,-1,-1,-1,-1,-1,0,0,0,5,1,1,1,1,1,0,0,0,0,0,0,0,0,0,0,0,0,0,0,0,0,0,0,0,0,1,1,1,1,1,5,0,0,0,-1,-1,-1,-1,-1,-1,-1,-1
-1,-1,-1,-1,-1,-1,-1,-1,-1,-1,0,0,5,5,1,1,1,1,1,1,1,1,1,1,1,1,1,1,1,1,1,1,1,1,1,1,1,1,1,1,5,5,0,0,-1,-1,-1,-1,-1,-1,-1,-1,-1,-1
-1,-1,-1,-1,-1,-1,-1,-1,-1,-1,-1,0,0,0,5,5,5,5,5,1,1,1,1,1,1,1,1,1,1,1,1,1,1,1,1,5,5,5,5,5,0,0,0,-1,-1,-1,-1,-1,-1,-1,-1,-1,-1,-1
-1,-1,-1,-1,-1,-1,-1,-1,-1,-1,-1,-1,-1,0,0,0,0,0,0,5,5,5,5,5,5,5,5,5,5,5,5,5,5,5,5,0,0,0,0,0,0,-1,-1,-1,-1,-1,-1,-1,-1,-1,-1,-1,-1,-1
-1,-1,-1,-1,-1,-1,-1,-1,-1,-1,-1,-1,-1,-1,-1,-1,-1,-1,0,0,0,0,0,0,0,0,0,0,0,0,0,0,0,0,0,0,-1,-1,-1,-1,-1,-1,-1,-1,-1,-1,-1,-1,-1,-1,-1,-1,-1,-1
0,0,0
0.2862745,0.2862745,0.2862745
0.1490196,0.1490196,0.1490196
1,1,1
0.7137255,0.7137255,0.7137255
0.5058824,0.5058824,0.5058824
0.5882353,0.5882353,0.5882353
0.4156863,0.4156863,0.4156863
0.7490196,0.7490196,0.7490196
