62,74,
-1,-1,-1,-1,-1,-1,-1,-1,-1,-1,-1,-1,-1,-1,-1,-1,-1,-1,-1,-1,-1,-1,-1,-1,-1,-1,-1,-1,-1,-1,-1,-1,-1,-1,-1,-1,-1,-1,-1,-1,-1,-1,-1,-1,0,0,0,0,0,0,0,0,0,-1,-1,-1,-1,-1,-1,-1,-1,-1
-1,-1,-1,-1,-1,-1,-1,-1,-1,-1,-1,-1,-1,-1,-1,-1,-1,-1,-1,-1,-1,-1,-1,-1,-1,-1,-1,-1,-1,-1,-1,-1,-1,-1,-1,-1,-1,-1,-1,-1,-1,-1,0,0,0,0,0,0,0,0,0,0,0,-1,-1,-1,-1,-1,-1,-1,-1,-1
-1,-1,-1,-1,-1,-1,0,0,0,0,0,0,0,0,0,0,-1,-1,-1,-1,-1,-1,-1,-1,-1,-1,-1,-1,-1,-1,-1,-1,-1,-1,-1,-1,-1,-1,-1,-1,-1,-1,0,0,1,1,1,2,2,2,2,2,2,0,0,-1,-1,-1,-1,-1,-1,-1
-1,-1,-1,-1,-1,-1,0,0,0,0,0,0,0,0,0,0,0,-1,-1,-1,-1,-1,-1,-1,-1,-1,-1,-1,-1,-1,-1,-1,-1,-1,-1,-1,-1,-1,-1,-1,-1,0,0,1,1,1,2,2,2,2,2,2,2,0,0,0,-1,-1,-1,-1,-1,-1
-1,-1,-1,-1,0,0,2,2,2,2,1,1,1,3,3,0,0,-1,-1,-1,-1,-1,-1,-1,-1,-1,-1,-1,-1,-1,-1,-1,-1,-1,-1,-1,-1,-1,-1,-1,-1,0,0,1,1,2,2,2,2,2,2,2,2,2,0,0,-1,-1,-1,-1,-1,-1
-1,-1,-1,0,0,0,2,2,2,2,2,2,1,1,3,3,4,0,0,-1,-1,-1,-1,-1,-1,-1,-1,-1,-1,-1,-1,-1,-1,-1,-1,-1,-1,-1,-1,0,0,4,3,1,1,2,2,2,2,2,2,2,2,2,2,0,0,-1,-1,-1,-1,-1
-1,-1,-1,0,0,2,2,2,2,2,2,2,2,1,1,3,4,0,0,0,-1,-1,-1,-1,-1,-1,-1,-1,-1,-1,-1,-1,-1,-1,-1,-1,-1,-1,-1,0,0,4,3,1,1,2,2,2,2,2,2,2,2,2,2,0,0,-1,-1,-1,-1,-1
-1,0,0,0,2,2,2,2,2,2,2,2,2,1,1,3,4,4,0,0,0,0,0,0,0,0,0,0,0,0,0,0,0,0,0,0,0,0,0,0,4,4,4,3,1,2,2,2,2,2,2,2,2,2,2,2,2,0,0,-1,-1,-1
-1,0,0,0,2,2,2,2,2,2,2,2,2,1,1,3,4,4,4,4,0,0,0,0,0,0,0,0,0,0,0,0,0,0,0,0,0,0,0,0,4,4,4,3,1,1,2,2,2,2,2,2,2,2,2,2,2,0,0,-1,-1,-1
0,0,2,2,2,2,2,2,2,2,2,2,2,1,1,3,4,4,4,4,4,4,4,3,3,3,3,3,3,3,3,3,3,3,3,3,3,4,4,4,4,4,4,3,3,1,1,2,2,2,2,2,2,2,2,2,2,0,0,-1,-1,-1
0,0,2,2,2,2,2,2,2,2,2,2,2,1,3,3,4,4,4,4,4,4,4,4,4,4,4,4,4,4,4,4,4,4,4,4,4,4,4,4,4,4,4,4,3,1,1,2,2,2,2,2,2,2,2,2,2,0,0,-1,-1,-1
0,0,2,2,2,2,2,2,2,2,2,2,1,1,3,4,4,4,4,3,3,3,3,4,4,4,5,5,5,5,5,5,5,4,3,3,3,3,3,4,4,4,4,4,3,3,1,1,2,2,2,2,2,2,2,2,2,0,0,-1,-1,-1
0,0,2,2,2,2,2,2,2,2,2,1,1,3,3,4,4,3,3,3,4,4,3,3,3,4,4,5,5,5,5,5,4,3,3,4,4,4,3,3,3,4,4,4,4,3,3,1,1,2,2,2,2,2,2,2,1,0,0,-1,-1,-1
0,0,2,2,2,2,2,2,2,2,2,1,1,3,4,4,3,3,4,4,4,4,4,4,3,3,4,5,5,5,5,5,3,3,4,4,4,4,4,4,4,3,3,4,4,4,3,3,1,1,1,2,2,2,2,1,1,0,0,-1,-1,-1
0,0,2,2,2,2,2,2,2,1,1,1,3,3,4,3,3,4,4,4,4,4,4,4,4,3,4,5,5,5,5,4,3,4,4,4,4,4,4,4,4,4,3,4,4,4,4,3,3,1,1,1,1,1,1,1,0,0,-1,-1,-1,-1
-1,0,0,2,2,2,2,2,1,1,1,3,3,4,3,3,4,4,4,4,4,4,4,4,4,3,4,5,5,5,5,4,3,4,4,5,5,5,4,4,4,4,3,3,4,4,4,4,4,3,3,3,1,1,1,1,0,0,-1,-1,-1,-1
-1,0,0,2,2,2,1,1,1,3,3,3,4,3,3,4,4,4,4,4,5,5,5,5,4,3,4,5,5,5,5,4,3,4,5,5,5,5,5,4,4,4,4,3,3,4,4,4,4,4,4,0,0,0,0,0,0,0,-1,-1,-1,-1
-1,-1,0,0,1,1,1,3,3,3,4,4,4,3,4,4,4,4,5,5,5,5,5,5,4,3,4,5,5,5,5,4,3,4,5,5,5,5,5,5,4,4,4,4,3,3,4,4,4,4,0,0,0,0,0,0,0,0,0,-1,-1,-1
-1,-1,0,0,0,3,3,3,4,4,4,4,3,3,4,4,4,5,5,5,5,5,5,2,3,3,4,5,5,5,5,4,3,3,2,5,5,5,5,5,5,4,4,4,4,3,3,4,4,4,0,0,6,6,6,6,6,0,0,-1,-1,-1
-1,-1,-1,0,0,0,0,4,4,0,0,3,3,4,4,4,5,5,5,5,5,5,5,2,3,4,5,5,5,5,5,5,4,3,2,5,5,5,5,5,5,5,5,4,4,4,3,4,4,4,0,0,6,6,6,7,7,0,0,-1,-1,-1
-1,-1,-1,-1,-1,0,0,0,0,0,0,0,4,4,4,5,5,5,5,5,5,5,2,3,3,4,5,5,5,5,5,5,4,3,3,2,5,5,5,5,5,5,5,4,4,4,3,3,4,4,0,0,6,7,7,7,0,0,0,-1,-1,-1
-1,-1,-1,-1,-1,-1,-1,0,0,-1,0,0,4,4,4,5,5,5,5,5,5,5,3,3,4,5,5,5,5,5,5,5,5,4,3,2,5,5,5,5,5,5,5,5,4,4,4,3,3,4,0,0,6,7,0,0,0,0,-1,-1,-1,-1
-1,-1,-1,-1,-1,-1,-1,-1,-1,-1,0,0,4,4,5,5,5,5,5,5,5,2,3,4,5,5,5,5,5,5,5,5,5,5,3,3,2,5,5,5,5,5,5,5,4,4,4,4,3,3,0,0,7,7,0,0,-1,-1,-1,-1,-1,-1
-1,-1,-1,-1,-1,-1,-1,-1,-1,-1,0,0,4,4,5,5,5,5,5,5,5,2,3,4,5,5,5,5,5,5,5,5,5,5,4,3,3,2,5,5,5,5,5,5,4,4,4,4,3,0,0,6,0,0,-1,-1,-1,-1,-1,-1,-1,-1
-1,-1,-1,-1,-1,-1,-1,-1,-1,-1,0,0,4,4,5,5,5,5,5,5,2,3,4,5,5,5,5,5,5,5,5,5,5,5,5,4,3,2,2,5,5,5,5,5,5,4,4,4,3,0,0,7,0,0,-1,-1,-1,-1,-1,-1,-1,-1
-1,-1,-1,-1,-1,-1,-1,-1,-1,-1,0,0,4,5,5,5,5,5,5,2,2,3,4,5,5,5,5,5,5,5,5,5,5,5,5,5,4,3,2,2,5,5,5,5,5,4,4,4,0,0,0,7,7,0,0,-1,-1,-1,-1,-1,-1,-1
-1,-1,-1,-1,-1,-1,-1,-1,-1,-1,0,0,4,5,5,5,5,5,5,2,3,4,5,5,5,5,6,6,6,6,5,5,5,5,5,5,5,3,3,2,5,5,5,5,5,4,4,4,0,0,6,7,7,0,0,0,0,0,-1,-1,-1,-1
-1,-1,-1,-1,-1,-1,-1,-1,-1,-1,0,0,4,5,5,5,5,5,2,3,3,4,5,6,6,6,6,6,6,6,6,6,5,5,5,5,5,5,3,3,2,5,5,5,5,4,4,0,0,6,6,7,7,7,7,0,0,0,0,-1,-1,-1
-1,-1,-1,-1,-1,-1,-1,-1,-1,-1,-1,-1,0,0,5,5,5,2,2,3,4,5,6,6,6,6,7,7,7,7,6,6,6,6,6,5,5,5,4,3,3,2,5,5,4,0,0,0,0,6,7,7,7,7,7,7,7,0,0,-1,-1,-1
-1,-1,-1,-1,-1,-1,-1,-1,-1,-1,-1,-1,0,0,5,5,5,2,3,3,5,6,6,6,7,7,7,7,7,7,7,7,7,6,6,6,6,6,5,4,3,3,5,5,4,0,0,6,6,7,7,7,7,7,7,7,7,7,0,0,-1,-1
-1,-1,-1,-1,-1,-1,-1,-1,-1,-1,-1,-1,0,0,0,5,5,5,5,5,6,6,2,2,2,7,7,7,7,7,7,7,7,7,7,7,6,6,6,5,4,4,4,4,0,0,0,6,6,7,7,7,7,7,7,7,7,7,0,0,-1,-1
-1,-1,-1,-1,-1,-1,-1,-1,-1,-1,-1,-1,-1,0,0,5,5,5,5,6,6,6,6,6,6,6,6,6,6,6,6,6,6,6,6,6,6,6,0,0,0,0,0,0,0,0,6,6,6,7,7,7,7,7,7,7,7,7,7,0,0,-1
-1,-1,-1,-1,-1,-1,-1,-1,-1,-1,-1,-1,-1,-1,0,0,5,5,0,0,6,6,6,6,6,6,6,6,6,6,6,6,6,6,6,6,6,6,0,0,0,0,0,0,6,6,6,6,6,7,7,7,7,7,7,7,7,7,7,0,0,-1
-1,-1,-1,-1,-1,-1,-1,-1,-1,-1,-1,-1,-1,-1,0,0,0,0,0,0,3,3,3,4,4,4,4,4,4,4,4,4,4,4,4,4,3,3,3,3,3,3,0,0,0,0,6,6,6,6,7,7,7,7,7,7,7,7,7,7,0,0
-1,-1,-1,-1,-1,-1,-1,-1,-1,-1,-1,-1,-1,-1,0,0,0,0,3,4,4,4,4,4,4,4,4,4,4,4,4,4,4,4,4,4,4,4,4,4,4,4,4,4,0,0,0,0,6,6,6,7,7,7,7,7,7,7,7,7,0,0
-1,-1,-1,-1,-1,-1,-1,-1,-1,-1,-1,-1,-1,-1,0,0,4,4,4,4,4,4,4,4,5,5,5,5,5,5,5,5,5,5,5,5,5,5,5,5,4,4,4,4,4,3,0,0,0,0,6,6,7,7,7,7,7,7,7,7,0,0
-1,-1,-1,-1,-1,-1,-1,-1,-1,-1,-1,-1,0,0,4,4,4,4,4,5,5,5,5,5,5,5,5,5,5,5,5,5,5,5,5,5,5,5,5,5,5,5,5,4,4,4,3,3,0,0,6,6,6,7,7,7,7,7,7,7,0,0
-1,-1,-1,-1,-1,-1,-1,-1,-1,-1,-1,-1,0,0,4,4,5,5,5,5,5,5,5,5,5,5,5,5,5,5,5,5,5,5,5,5,5,5,5,8,8,8,8,8,8,4,4,4,3,3,0,0,6,6,7,7,7,2,2,7,0,0
-1,-1,-1,-1,-1,-1,-1,-1,-1,-1,0,0,4,4,5,5,5,5,5,5,5,5,5,5,5,5,5,5,5,5,5,5,5,5,5,5,5,5,8,8,8,8,8,8,8,8,4,4,4,3,0,0,0,6,6,7,7,2,7,0,0,0
-1,-1,-1,-1,-1,-1,-1,-1,-1,-1,0,0,8,8,8,8,5,5,5,5,5,5,5,5,5,5,5,5,5,5,5,5,5,5,5,5,5,8,8,8,8,8,8,8,8,8,5,4,4,3,3,0,0,6,6,7,7,7,0,0,0,-1
-1,-1,-1,-1,-1,-1,-1,-1,-1,0,0,8,8,8,8,8,8,5,5,5,5,5,5,5,2,2,2,2,2,5,5,5,5,5,5,5,8,8,8,8,8,8,8,8,8,8,8,5,4,4,3,0,0,6,0,0,0,0,0,0,-1,-1
-1,-1,-1,-1,-1,-1,-1,-1,-1,0,0,8,8,8,8,8,8,8,5,5,5,5,2,2,2,2,2,2,2,2,2,5,5,5,5,5,8,8,8,8,8,8,8,8,8,8,8,5,5,4,4,0,0,0,0,0,0,0,-1,-1,-1,-1
-1,-1,-1,-1,-1,-1,-1,-1,0,0,8,8,8,8,8,8,8,8,5,5,5,2,2,2,2,2,2,2,2,2,2,2,5,5,5,5,8,8,8,8,5,8,8,8,8,8,8,5,5,5,4,3,0,0,-1,-1,-1,-1,-1,-1,-1,-1
-1,-1,-1,-1,-1,-1,-1,-1,0,0,8,8,8,8,8,8,8,8,8,5,5,2,2,2,2,2,2,2,2,2,2,2,5,5,5,5,5,8,8,5,8,8,8,8,8,8,8,5,5,5,4,4,3,0,0,-1,-1,-1,-1,-1,-1,-1
-1,-1,-1,-1,-1,-1,-1,0,0,8,8,8,8,8,8,8,8,8,8,5,5,2,2,9,9,9,9,9,2,2,2,2,5,5,5,5,5,9,9,9,9,8,8,8,8,8,5,5,5,5,5,4,3,0,0,-1,-1,-1,-1,-1,-1,-1
-1,-1,-1,-1,-1,-1,-1,0,0,8,8,8,5,8,8,8,8,8,5,5,5,2,2,9,9,9,9,9,2,2,2,2,5,5,5,5,9,9,9,9,9,9,8,8,8,5,5,5,5,5,5,4,3,0,0,-1,-1,-1,-1,-1,-1,-1
-1,-1,-1,-1,-1,-1,-1,0,0,2,8,5,8,8,8,9,9,9,9,5,5,2,2,9,9,9,9,9,2,2,2,5,5,5,5,9,9,9,9,9,9,9,9,5,5,5,5,5,5,5,5,4,3,0,0,-1,-1,-1,-1,-1,-1,-1
-1,-1,-1,-1,-1,-1,-1,0,0,2,8,8,8,8,9,9,9,9,9,9,5,5,2,2,2,2,2,2,2,2,5,5,5,5,5,9,9,9,9,9,9,9,9,5,5,5,5,5,5,5,5,4,3,0,0,-1,-1,-1,-1,-1,-1,-1
-1,-1,-1,-1,-1,-1,-1,0,0,2,5,8,8,9,9,9,9,9,9,9,9,5,5,5,2,2,2,2,5,5,5,5,5,5,5,9,9,2,2,9,9,9,9,5,5,5,5,5,5,5,5,4,3,0,0,-1,-1,-1,-1,-1,-1,-1
-1,-1,-1,-1,-1,-1,-1,0,0,2,5,5,5,9,9,9,9,9,9,9,9,5,5,5,5,5,5,5,5,5,5,5,5,5,5,5,9,2,2,9,9,9,5,5,5,5,5,5,5,5,5,4,3,0,0,-1,-1,-1,-1,-1,-1,-1
-1,-1,-1,-1,-1,-1,-1,0,0,0,5,5,5,9,9,2,2,9,9,9,9,5,5,5,5,5,5,5,5,5,5,5,5,5,5,5,5,9,9,9,9,5,5,5,5,5,5,5,5,5,4,4,3,0,0,-1,-1,-1,-1,-1,-1,-1
-1,-1,-1,-1,-1,-1,-1,-1,0,0,5,5,5,5,9,2,2,9,9,9,5,5,5,5,5,5,5,5,5,5,5,5,5,5,5,5,5,5,5,5,5,5,5,5,5,5,5,5,5,5,4,4,3,0,0,-1,-1,-1,-1,-1,-1,-1
-1,-1,-1,-1,-1,-1,-1,-1,0,0,2,5,5,5,5,9,9,9,9,5,5,5,5,5,5,5,5,5,5,5,5,5,5,5,5,5,5,5,5,5,5,5,5,5,5,5,5,5,5,4,4,3,3,0,0,-1,-1,-1,-1,-1,-1,-1
-1,-1,-1,-1,-1,-1,-1,-1,0,0,2,5,5,5,5,5,5,5,5,5,5,5,5,5,5,5,5,5,5,5,5,5,5,5,5,5,5,5,5,5,5,5,5,5,5,5,5,5,4,4,4,3,3,0,0,-1,-1,-1,-1,-1,-1,-1
-1,-1,-1,-1,-1,-1,-1,-1,-1,0,0,5,5,5,5,5,5,5,5,5,5,5,5,5,5,5,5,5,5,5,5,5,5,5,5,5,5,5,5,5,5,5,5,5,5,5,5,5,4,4,3,0,0,-1,-1,-1,-1,-1,-1,-1,-1,-1
-1,-1,-1,-1,-1,-1,-1,-1,-1,0,0,2,5,5,5,5,5,5,5,5,5,5,5,5,5,5,5,5,5,5,5,5,5,5,5,5,2,2,2,2,2,2,5,5,5,5,5,4,4,4,3,0,0,-1,-1,-1,-1,-1,-1,-1,-1,-1
-1,-1,-1,-1,-1,-1,-1,-1,-1,-1,0,0,5,5,5,5,2,2,2,2,2,5,5,5,5,5,5,5,5,5,5,5,5,5,5,5,5,2,2,2,2,5,5,5,5,5,5,4,4,3,3,0,0,-1,-1,-1,-1,-1,-1,-1,-1,-1
-1,-1,-1,-1,-1,-1,-1,-1,-1,-1,0,0,2,5,5,5,5,2,2,2,5,5,5,5,5,5,5,5,5,5,5,5,5,5,5,5,5,5,5,5,5,5,5,5,5,5,5,5,4,4,3,3,0,0,-1,-1,-1,-1,-1,-1,-1,-1
-1,-1,-1,-1,-1,-1,-1,-1,-1,-1,-1,0,0,2,5,5,5,5,5,5,5,5,5,5,5,5,5,5,5,5,5,5,5,5,5,5,5,5,5,5,5,5,5,5,5,5,5,5,5,4,4,3,0,0,-1,-1,-1,-1,-1,-1,-1,-1
-1,-1,-1,-1,-1,-1,-1,-1,-1,-1,-1,0,0,2,2,5,5,5,5,5,5,5,5,5,5,5,5,5,5,5,5,5,5,5,5,5,5,5,5,5,5,5,5,5,5,5,5,5,5,5,5,4,3,3,0,0,-1,-1,-1,-1,-1,-1
-1,-1,-1,-1,-1,-1,-1,-1,-1,-1,-1,-1,-1,0,0,5,5,5,5,5,5,5,5,5,5,5,5,5,5,5,5,5,5,5,5,5,5,5,5,5,5,5,5,5,5,5,5,2,2,5,5,5,4,3,0,0,-1,-1,-1,-1,-1,-1
-1,-1,-1,-1,-1,-1,-1,-1,-1,-1,-1,-1,0,0,0,5,5,5,5,5,5,5,5,5,5,5,5,5,5,5,5,5,5,5,5,5,5,5,5,5,5,5,5,5,5,5,2,2,2,2,5,5,4,4,3,0,0,-1,-1,-1,-1,-1
-1,-1,-1,-1,-1,-1,-1,-1,-1,-1,-1,0,0,0,5,2,2,5,5,5,5,5,5,5,5,5,5,5,5,5,5,5,5,5,5,5,5,5,5,5,5,5,5,5,5,2,2,2,2,2,2,5,5,4,3,0,0,-1,-1,-1,-1,-1
-1,-1,-1,-1,-1,-1,-1,-1,-1,-1,-1,0,0,5,2,2,2,2,2,5,5,5,5,5,5,5,5,5,5,5,5,5,5,5,5,5,5,5,5,5,5,5,5,5,5,2,2,2,2,2,2,5,5,4,4,0,0,-1,-1,-1,-1,-1
-1,-1,-1,-1,-1,-1,-1,-1,-1,-1,0,0,5,5,2,2,2,2,2,2,2,5,5,5,5,5,5,5,5,5,5,5,5,5,5,5,5,5,5,5,5,5,5,5,2,2,2,2,2,2,2,5,5,4,4,0,0,-1,-1,-1,-1,-1
-1,-1,-1,-1,-1,-1,-1,-1,-1,-1,0,0,5,2,2,2,2,2,2,2,2,5,5,5,5,5,5,5,5,5,5,5,5,5,5,5,5,5,5,5,5,5,5,5,5,2,2,2,2,2,5,5,4,4,4,0,0,-1,-1,-1,-1,-1
-1,-1,-1,-1,-1,-1,-1,-1,-1,-1,0,0,5,2,2,2,2,2,2,2,5,5,4,4,4,4,5,5,5,5,5,5,5,5,5,5,5,5,0,0,0,0,0,5,5,5,2,2,2,5,5,4,4,4,0,0,-1,-1,-1,-1,-1,-1
-1,-1,-1,-1,-1,-1,-1,-1,-1,-1,0,0,5,5,2,2,2,2,2,2,5,4,4,4,4,4,4,4,4,4,4,4,4,4,4,4,4,4,0,0,0,0,0,4,4,5,5,5,5,5,5,4,4,4,0,0,-1,-1,-1,-1,-1,-1
-1,-1,-1,-1,-1,-1,-1,-1,-1,-1,0,0,2,5,5,2,2,2,5,5,5,4,4,3,0,0,0,0,0,0,0,0,0,0,0,0,0,0,-1,-1,-1,-1,-1,0,0,0,4,5,5,5,4,4,0,0,-1,-1,-1,-1,-1,-1,-1,-1
-1,-1,-1,-1,-1,-1,-1,-1,-1,-1,0,0,2,2,5,5,5,5,5,5,4,4,3,3,0,0,0,0,0,0,0,0,0,0,0,0,0,0,-1,-1,-1,-1,-1,0,0,0,4,4,4,4,4,4,0,0,-1,-1,-1,-1,-1,-1,-1,-1
-1,-1,-1,-1,-1,-1,-1,-1,-1,-1,-1,-1,0,0,2,5,5,4,4,4,4,3,0,0,-1,-1,-1,-1,-1,-1,-1,-1,-1,-1,-1,-1,-1,-1,-1,-1,-1,-1,-1,-1,-1,-1,0,0,0,0,0,0,-1,-1,-1,-1,-1,-1,-1,-1,-1,-1
-1,-1,-1,-1,-1,-1,-1,-1,-1,-1,-1,-1,0,0,0,2,2,4,4,3,3,3,0,0,-1,-1,-1,-1,-1,-1,-1,-1,-1,-1,-1,-1,-1,-1,-1,-1,-1,-1,-1,-1,-1,-1,0,0,0,0,0,0,-1,-1,-1,-1,-1,-1,-1,-1,-1,-1
-1,-1,-1,-1,-1,-1,-1,-1,-1,-1,-1,-1,-1,0,0,0,0,0,0,0,0,0,-1,-1,-1,-1,-1,-1,-1,-1,-1,-1,-1,-1,-1,-1,-1,-1,-1,-1,-1,-1,-1,-1,-1,-1,-1,-1,-1,-1,-1,-1,-1,-1,-1,-1,-1,-1,-1,-1,-1,-1
-1,-1,-1,-1,-1,-1,-1,-1,-1,-1,-1,-1,-1,-1,-1,0,0,0,0,0,0,0,-1,-1,-1,-1,-1,-1,-1,-1,-1,-1,-1,-1,-1,-1,-1,-1,-1,-1,-1,-1,-1,-1,-1,-1,-1,-1,-1,-1,-1,-1,-1,-1,-1,-1,-1,-1,-1,-1,-1,-1
0,0,0
0.8784314,0.8784314,0.8784314
1,1,1
0.5960785,0.1686275,0.4196079
0.9333334,0.6156863,0.7843138
1,0.854902,0.9215687
0.2039216,0.09411766,0.5490196
0.5137255,0.3333333,0.9411765
1,0.5058824,0.7137255
0.3372549,0.1019608,0.2392157
