62,74,
-1,-1,-1,-1,-1,-1,-1,-1,-1,-1,-1,-1,-1,0,0,0,0,0,0,0,0,0,0,0,0,0,-1,-1,-1,-1,-1,-1,-1,-1,-1,-1,-1,-1,-1,-1,-1,-1,-1,-1,-1,-1,-1,-1,-1,-1,-1,-1,-1,-1,-1,-1,-1,-1,-1,-1,-1,-1
-1,-1,-1,-1,-1,-1,-1,-1,-1,-1,-1,-1,0,1,1,1,1,1,1,1,1,1,1,1,1,0,0,-1,-1,-1,-1,-1,-1,-1,-1,-1,-1,0,0,0,0,0,0,0,0,0,0,0,0,0,0,0,-1,-1,-1,-1,-1,-1,-1,-1,-1,-1
-1,-1,-1,-1,-1,-1,-1,-1,-1,-1,-1,-1,0,2,2,2,2,2,2,2,1,1,1,1,1,1,0,-1,-1,-1,-1,-1,-1,-1,-1,-1,0,1,1,1,1,1,1,1,1,1,1,1,1,1,1,0,-1,-1,-1,-1,-1,-1,-1,-1,-1,-1
-1,-1,-1,-1,-1,-1,-1,-1,-1,-1,-1,-1,0,0,2,2,2,2,2,2,2,1,1,1,1,1,0,-1,-1,-1,-1,-1,-1,-1,-1,-1,0,1,1,1,1,1,1,1,2,2,2,2,2,2,2,0,-1,-1,-1,-1,-1,-1,-1,-1,-1,-1
-1,-1,-1,-1,-1,-1,-1,-1,-1,-1,-1,-1,-1,0,0,2,2,2,2,2,1,1,1,1,1,3,3,3,3,3,3,3,3,3,3,3,0,1,1,1,1,1,2,2,2,2,2,2,2,2,0,-1,-1,-1,-1,-1,-1,-1,-1,-1,-1,-1
-1,-1,-1,-1,-1,-1,-1,-1,-1,-1,-1,-1,-1,-1,0,0,0,2,1,1,1,3,3,3,3,3,4,4,4,4,4,4,4,4,4,3,3,3,3,1,1,1,1,2,2,2,2,2,0,0,-1,-1,-1,-1,-1,-1,-1,-1,-1,-1,-1,-1
-1,-1,-1,-1,-1,-1,-1,-1,-1,-1,-1,-1,-1,-1,-1,-1,0,0,1,3,3,4,4,4,4,4,4,4,4,4,4,4,4,4,4,4,4,4,4,3,3,3,1,1,1,2,2,0,0,-1,-1,-1,-1,-1,-1,-1,-1,-1,-1,-1,-1,-1
-1,-1,-1,-1,-1,-1,-1,-1,-1,-1,-1,-1,-1,-1,-1,-1,-1,-1,3,4,4,4,4,4,4,4,4,4,4,4,4,4,4,4,4,4,4,4,4,4,4,3,3,3,1,1,0,0,-1,-1,-1,-1,-1,-1,-1,-1,-1,-1,-1,-1,-1,-1
-1,-1,-1,-1,-1,-1,-1,-1,-1,-1,-1,-1,-1,-1,-1,3,3,3,3,4,4,4,4,5,5,5,5,5,5,5,5,5,5,5,5,5,5,5,5,4,4,4,4,3,3,3,3,-1,-1,-1,-1,-1,-1,-1,-1,-1,-1,-1,-1,-1,-1,-1
-1,-1,-1,-1,-1,-1,-1,-1,-1,-1,-1,-1,-1,3,3,3,4,4,4,4,5,5,5,5,5,5,5,5,5,5,5,5,5,5,5,5,5,5,5,5,5,4,4,4,4,3,3,-1,-1,-1,-1,-1,-1,-1,-1,-1,-1,-1,-1,-1,-1,-1
-1,-1,-1,-1,-1,-1,-1,-1,-1,-1,-1,-1,3,3,4,4,4,4,5,5,5,5,5,5,5,5,5,5,5,5,5,5,5,5,5,5,5,5,5,5,5,5,5,4,4,4,3,3,3,-1,-1,-1,-1,-1,-1,-1,-1,-1,-1,-1,-1,-1
-1,-1,-1,-1,-1,-1,-1,-1,-1,-1,3,3,3,4,4,4,4,5,5,5,5,5,5,5,5,5,5,5,5,5,5,5,5,5,5,5,5,5,5,5,5,5,5,5,5,4,4,4,3,3,-1,-1,-1,-1,-1,-1,-1,-1,-1,-1,-1,-1
-1,-1,-1,-1,-1,-1,-1,-1,-1,3,3,4,4,4,4,5,5,5,5,5,5,5,5,5,5,5,5,5,5,5,5,5,5,5,5,5,5,5,5,5,5,5,5,5,5,5,4,4,4,3,3,-1,-1,-1,-1,-1,-1,-1,-1,-1,-1,-1
-1,-1,-1,-1,-1,-1,-1,-1,3,3,4,4,4,5,5,5,5,4,4,4,4,4,4,5,5,5,5,5,5,5,5,5,5,5,5,5,5,5,5,5,5,5,5,5,5,5,5,4,4,4,3,-1,-1,-1,-1,-1,-1,-1,-1,-1,-1,-1
-1,-1,-1,-1,-1,-1,-1,3,3,4,4,4,5,5,5,4,4,4,4,4,4,4,4,4,4,4,5,5,5,5,5,5,5,5,5,5,5,5,5,5,5,5,5,5,5,5,5,4,4,4,3,3,-1,-1,-1,-1,-1,-1,-1,-1,-1,-1
-1,-1,-1,-1,-1,-1,3,3,4,4,5,5,5,4,4,4,4,4,4,4,4,4,4,4,4,4,4,5,5,5,5,5,5,5,5,5,5,5,5,5,5,5,5,5,5,5,5,5,4,4,4,3,3,-1,-1,-1,-1,-1,-1,-1,-1,-1
-1,-1,-1,-1,-1,3,3,4,4,5,5,5,4,4,4,4,4,4,3,3,3,3,3,3,3,3,4,4,5,5,5,5,5,5,5,5,5,5,5,5,5,5,5,5,5,5,5,5,4,4,4,4,3,-1,-1,-1,-1,-1,-1,-1,-1,-1
-1,-1,-1,-1,3,3,4,4,5,5,5,4,4,4,4,4,4,3,3,4,4,4,4,4,4,3,3,4,5,5,5,5,5,5,5,5,5,5,5,5,5,5,5,5,5,5,5,5,4,4,4,4,3,3,-1,-1,-1,-1,-1,-1,-1,-1
-1,-1,-1,3,3,4,4,5,5,5,4,4,4,4,4,3,3,4,4,5,5,5,5,5,5,5,3,3,4,5,5,5,5,5,5,5,5,5,5,5,5,5,5,5,5,5,5,5,4,4,4,4,4,3,3,-1,-1,-1,-1,-1,-1,-1
-1,-1,3,3,4,4,5,5,5,5,4,4,4,3,3,3,4,4,5,5,5,5,5,5,5,5,5,3,3,5,5,5,5,5,5,5,5,5,5,5,5,5,5,5,5,5,5,4,4,4,4,4,4,4,3,-1,-1,-1,-1,-1,-1,-1
-1,-1,3,4,4,4,5,5,5,4,4,4,3,3,4,4,4,5,5,5,5,5,5,5,5,5,5,5,3,5,5,5,5,5,5,5,5,5,5,5,5,5,5,5,5,4,4,4,4,4,4,4,4,4,4,3,-1,-1,-1,-1,-1,-1
-1,-1,3,4,4,5,5,5,4,4,4,4,3,4,4,4,5,5,5,5,5,5,5,5,5,5,5,5,3,5,5,5,5,5,5,5,5,5,5,5,5,5,5,4,4,4,4,4,4,4,4,4,4,4,4,3,-1,-1,-1,-1,-1,-1
-1,3,3,4,5,5,5,5,4,4,4,3,4,4,5,5,5,5,5,5,5,5,5,5,5,5,5,5,3,5,5,5,5,5,5,5,5,5,5,5,5,4,4,4,4,4,4,4,4,4,4,4,4,4,4,3,-1,-1,-1,-1,-1,-1
-1,3,4,4,5,5,5,5,4,4,3,4,4,5,5,5,5,5,5,5,5,5,5,5,5,5,5,5,3,5,5,5,5,5,5,5,5,5,5,5,4,4,4,6,6,6,6,6,4,4,4,4,4,4,4,3,3,-1,-1,-1,-1,-1
-1,3,4,4,5,5,5,4,4,3,3,4,5,5,3,5,5,5,5,5,5,5,5,5,5,5,5,5,3,5,5,5,5,5,5,5,5,4,4,4,4,6,6,7,7,7,7,6,6,4,4,4,4,4,4,4,3,-1,-1,-1,-1,-1
-1,3,4,5,5,5,5,4,4,3,4,5,5,3,3,4,5,5,5,5,5,5,5,5,5,5,5,5,3,5,5,5,5,5,4,4,4,4,4,4,6,6,7,7,7,7,7,7,6,6,4,4,4,4,4,4,3,-1,-1,-1,-1,-1
3,4,4,5,5,5,5,4,3,3,4,5,3,3,4,5,5,5,5,5,5,5,5,5,5,5,5,3,3,5,5,5,4,4,4,4,4,4,4,4,6,7,7,8,8,8,7,7,7,6,4,4,6,6,6,6,3,-1,-1,-1,-1,-1
3,4,4,5,5,5,5,5,3,4,4,3,3,4,5,5,5,5,5,5,5,5,5,5,5,5,5,3,5,5,4,4,6,6,6,6,6,6,4,4,6,8,8,8,8,8,8,7,7,6,4,6,6,7,7,7,6,6,-1,-1,-1,-1
3,4,4,5,5,5,5,5,3,4,4,3,4,5,5,5,3,3,5,5,5,5,5,5,5,5,3,3,5,5,6,6,6,7,7,7,7,6,6,6,6,8,8,8,8,8,8,7,7,6,6,6,7,8,7,7,7,6,-1,-1,-1,-1
3,4,5,5,5,5,5,5,3,4,3,4,5,5,5,3,3,4,5,5,5,5,5,5,5,5,5,5,5,6,6,7,7,7,7,7,7,7,7,6,8,8,8,8,8,8,8,8,7,7,6,7,8,8,7,7,7,6,6,6,6,-1
3,4,5,5,5,5,5,5,3,3,3,4,5,5,3,3,4,5,5,5,5,5,5,5,5,5,5,5,5,6,7,7,8,8,7,7,7,7,7,7,8,8,8,8,8,8,8,8,8,8,8,8,8,8,7,7,7,7,7,7,6,6
3,4,5,5,5,5,5,5,3,3,4,4,5,3,3,4,5,5,3,3,5,5,5,5,5,5,5,5,6,6,7,8,8,8,8,8,8,8,8,8,8,7,7,7,7,7,7,7,7,7,7,8,8,7,7,7,7,7,7,7,7,6
3,4,5,5,5,5,5,5,5,3,4,4,3,3,4,5,5,3,3,5,5,5,5,5,5,5,5,5,6,7,8,8,8,8,8,8,8,8,7,7,7,7,6,6,6,6,6,6,7,7,7,7,7,7,7,7,7,7,7,7,7,6
3,4,5,5,5,5,5,5,5,3,3,3,3,4,5,5,3,3,5,5,5,5,5,5,5,5,4,4,6,6,8,8,8,8,8,8,8,6,6,6,6,6,6,4,4,4,4,6,6,6,6,7,7,7,7,7,7,7,7,7,6,6
3,4,5,5,5,5,5,5,5,5,3,4,4,4,3,3,3,5,5,5,5,5,5,5,5,4,4,4,4,6,8,8,8,8,8,7,6,6,4,4,4,4,4,4,4,4,4,4,4,4,6,6,6,6,7,7,7,7,7,6,6,-1
3,4,5,5,5,5,5,5,5,5,5,3,3,3,3,5,5,5,5,5,5,5,5,5,4,4,6,6,6,6,6,8,8,8,6,6,6,4,4,4,5,5,5,5,5,4,4,4,4,4,4,4,4,6,6,7,6,6,6,6,-1,-1
3,3,5,5,5,5,5,5,5,5,5,5,5,5,5,5,5,5,5,5,5,5,5,5,4,6,6,7,7,7,7,7,8,6,6,4,4,5,5,5,5,5,5,5,5,5,5,4,4,4,4,4,4,4,6,6,6,-1,-1,-1,-1,-1
-1,3,5,5,5,5,5,5,5,5,5,5,5,5,5,5,5,5,5,5,5,5,5,5,6,6,7,7,7,7,7,7,7,6,4,5,5,5,5,5,5,5,5,5,5,4,4,4,4,4,4,4,4,4,4,4,3,3,-1,-1,-1,-1
-1,3,5,5,5,5,5,5,5,5,5,5,5,5,5,5,5,5,5,5,5,5,5,6,6,7,7,7,8,8,8,7,6,4,5,5,5,5,5,5,5,5,5,5,4,4,4,0,0,0,0,0,0,0,0,4,4,3,3,-1,-1,-1
-1,3,5,5,5,5,5,5,5,5,5,5,5,5,5,5,5,5,5,5,5,5,5,6,7,7,7,8,8,8,8,6,6,4,5,5,5,5,5,5,5,5,5,4,4,0,0,0,1,1,1,1,1,1,0,0,4,4,3,-1,-1,-1
-1,-1,3,5,5,5,5,5,5,5,5,5,5,5,5,5,5,5,5,5,5,5,5,6,7,7,8,8,8,8,8,6,4,5,5,5,5,5,5,5,5,5,5,4,0,0,1,1,1,1,1,1,1,1,1,0,4,4,3,3,-1,-1
-1,-1,3,5,5,5,5,5,5,5,5,5,5,5,5,5,5,5,5,5,5,5,5,6,6,8,8,8,8,8,6,6,5,5,5,5,5,5,5,5,5,5,5,0,0,1,2,2,2,2,2,2,2,1,1,0,4,4,4,3,-1,-1
-1,-1,3,3,5,5,5,5,5,5,5,5,5,5,5,5,5,5,5,5,5,5,5,5,6,8,8,8,8,8,6,4,5,5,5,5,5,5,5,5,5,5,5,0,1,2,2,2,2,2,2,2,2,1,0,4,4,4,4,3,-1,-1
-1,-1,-1,3,5,5,5,5,5,5,5,5,5,5,5,5,5,5,5,5,5,5,5,4,6,6,8,8,8,6,6,5,5,5,5,5,5,5,5,5,5,5,5,0,0,2,2,2,2,2,2,2,1,0,0,4,4,4,4,3,-1,-1
-1,-1,-1,3,3,5,5,5,5,5,5,5,5,5,5,5,5,5,5,5,5,5,4,4,4,6,6,6,6,6,6,5,5,5,5,5,5,5,5,5,5,5,5,5,5,0,0,0,0,0,0,0,0,0,4,4,4,4,4,3,-1,-1
-1,-1,-1,-1,3,5,5,5,5,5,5,5,5,5,5,5,5,5,5,5,5,5,4,4,4,4,4,4,4,6,6,5,5,5,5,5,5,5,5,5,9,9,5,5,5,5,5,5,5,5,5,5,5,5,4,9,9,4,4,3,-1,-1
-1,-1,-1,-1,3,3,5,5,5,5,5,5,5,5,5,5,5,5,5,5,5,4,4,4,4,4,4,4,6,6,4,5,5,5,5,5,5,5,5,9,9,9,9,5,5,5,5,5,5,5,5,5,5,5,9,9,9,9,4,3,-1,-1
-1,-1,-1,-1,-1,3,5,5,5,5,5,5,5,5,5,5,5,5,5,4,4,4,4,4,4,4,3,6,6,3,4,5,5,5,5,5,5,5,5,9,5,9,9,5,5,5,5,5,5,5,5,5,5,5,9,5,9,9,4,3,-1,-1
-1,-1,-1,-1,-1,-1,3,5,5,5,5,5,5,5,5,5,5,4,4,4,4,4,4,4,3,3,3,6,6,3,4,5,5,5,5,5,5,5,5,5,9,9,5,5,5,5,5,5,5,5,5,5,5,5,4,9,9,4,4,3,-1,-1
-1,-1,-1,-1,-1,-1,3,3,5,5,5,5,5,5,5,4,4,4,4,4,4,3,3,3,3,-1,6,6,7,3,4,5,5,5,5,5,5,5,5,5,5,5,5,5,5,5,5,5,5,5,5,5,5,5,4,4,4,4,4,3,-1,-1
-1,-1,-1,-1,-1,-1,-1,3,3,5,5,5,4,4,4,4,4,4,3,3,3,3,-1,-1,-1,-1,6,8,8,3,3,5,5,5,5,5,5,5,5,5,5,5,5,5,5,5,5,5,5,5,5,5,5,5,4,4,4,4,3,6,-1,-1
-1,-1,-1,-1,-1,-1,-1,-1,3,3,4,4,4,4,3,3,3,3,3,-1,-1,-1,-1,-1,-1,-1,6,8,8,7,3,4,5,5,5,5,5,5,5,5,5,5,5,5,5,5,5,5,5,5,5,5,5,5,4,4,4,4,3,7,6,-1
-1,-1,-1,-1,-1,-1,-1,-1,-1,3,4,3,3,3,3,-1,-1,-1,-1,-1,-1,-1,-1,-1,-1,-1,10,6,6,7,3,4,5,5,5,5,5,5,5,5,5,5,5,5,5,5,5,5,5,5,5,5,5,4,4,4,4,4,3,7,6,6
-1,-1,-1,-1,-1,-1,-1,-1,-1,-1,3,3,-1,-1,-1,-1,-1,-1,-1,-1,-1,-1,-1,-1,-1,-1,10,11,6,7,3,3,4,5,5,5,5,5,5,5,5,5,5,5,5,5,5,5,5,5,5,5,5,4,4,4,4,3,3,7,7,6
-1,-1,-1,-1,-1,-1,-1,-1,-1,-1,-1,-1,-1,-1,-1,-1,-1,-1,-1,-1,-1,-1,-1,-1,-1,10,10,11,6,8,7,3,4,4,5,5,5,5,5,5,5,5,5,5,5,5,5,5,5,5,5,5,4,4,4,4,4,3,7,7,7,6
-1,-1,-1,-1,-1,-1,-1,-1,-1,-1,-1,-1,-1,-1,-1,-1,-1,-1,-1,-1,-1,-1,-1,-1,-1,10,12,11,6,6,8,3,3,4,4,5,5,5,5,5,5,5,5,5,5,5,5,5,5,5,5,4,4,4,4,4,3,3,7,7,6,-1
-1,-1,-1,-1,-1,-1,-1,-1,-1,-1,-1,-1,-1,-1,-1,-1,-1,-1,-1,-1,-1,-1,-1,-1,-1,10,12,11,11,6,8,7,3,3,4,4,5,5,5,5,5,5,5,5,5,5,5,5,5,5,4,4,4,4,4,3,3,7,7,6,-1,-1
-1,-1,-1,-1,-1,-1,-1,-1,-1,-1,-1,-1,-1,-1,-1,-1,-1,-1,-1,-1,-1,-1,-1,-1,-1,10,12,12,11,6,6,8,7,3,3,4,4,4,5,5,5,5,5,5,5,5,5,5,5,4,4,4,4,4,3,3,7,7,6,10,-1,-1
-1,-1,-1,-1,-1,-1,-1,-1,-1,-1,-1,-1,-1,-1,-1,-1,-1,-1,-1,-1,-1,-1,-1,-1,-1,10,12,12,12,11,6,8,7,7,3,3,4,4,4,4,4,5,5,5,5,5,4,4,4,4,4,4,3,3,3,7,6,6,6,10,-1,-1
-1,-1,-1,-1,-1,-1,-1,-1,-1,-1,-1,-1,-1,-1,-1,-1,-1,-1,-1,-1,-1,-1,-1,-1,-1,10,10,12,12,11,6,6,8,7,7,3,3,3,4,4,4,4,4,4,4,4,4,4,4,4,4,3,3,7,7,7,6,11,11,10,-1,-1
-1,-1,-1,-1,-1,-1,-1,-1,-1,-1,-1,-1,-1,-1,-1,-1,-1,-1,-1,-1,-1,-1,-1,-1,-1,-1,10,12,5,12,11,6,6,6,8,7,7,3,3,3,3,3,3,4,4,4,4,4,3,3,3,3,7,8,7,7,6,11,10,10,-1,-1
-1,-1,-1,-1,-1,-1,-1,-1,-1,-1,-1,-1,-1,-1,-1,-1,-1,-1,-1,-1,-1,-1,-1,-1,-1,-1,10,10,12,12,12,11,11,6,6,8,8,7,7,7,7,7,3,3,3,3,3,3,7,7,8,8,8,8,8,6,6,11,10,-1,-1,-1
-1,-1,-1,-1,-1,-1,-1,-1,-1,-1,-1,-1,-1,-1,-1,-1,-1,-1,-1,-1,-1,-1,-1,-1,-1,-1,-1,10,12,12,12,12,11,11,6,6,8,8,7,7,7,7,7,7,7,7,8,8,7,7,6,6,6,6,6,6,11,11,10,-1,-1,-1
-1,-1,-1,-1,-1,-1,-1,-1,-1,-1,-1,-1,-1,-1,-1,-1,-1,-1,-1,-1,-1,-1,-1,-1,-1,-1,-1,10,12,12,12,12,12,11,11,6,8,8,7,7,7,6,6,6,6,6,8,8,8,6,6,11,11,11,11,11,11,10,10,-1,-1,-1
-1,-1,-1,-1,-1,-1,-1,-1,-1,-1,-1,-1,-1,-1,-1,-1,-1,-1,-1,-1,-1,-1,-1,-1,-1,-1,-1,-1,10,12,12,12,12,12,11,6,6,8,7,6,6,6,11,11,11,6,6,8,8,6,11,11,11,5,11,11,10,10,-1,-1,-1,-1
-1,-1,-1,-1,-1,-1,-1,-1,-1,-1,-1,-1,-1,-1,-1,-1,-1,-1,-1,-1,-1,-1,-1,-1,-1,-1,-1,-1,10,10,12,12,12,12,12,11,6,6,6,6,11,11,11,11,11,11,6,6,6,6,11,11,11,11,11,11,10,-1,-1,-1,-1,-1
-1,-1,-1,-1,-1,-1,-1,-1,-1,-1,-1,-1,-1,-1,-1,-1,-1,-1,-1,-1,-1,-1,-1,-1,-1,-1,-1,-1,-1,10,10,12,12,5,12,12,12,11,11,11,11,11,11,5,11,11,11,11,11,11,11,11,11,11,11,10,10,-1,-1,-1,-1,-1
-1,-1,-1,-1,-1,-1,-1,-1,-1,-1,-1,-1,-1,-1,-1,-1,-1,-1,-1,-1,-1,-1,-1,-1,-1,-1,-1,-1,-1,-1,10,12,12,12,12,12,12,12,12,12,11,11,11,11,11,11,11,11,11,11,11,11,11,11,10,10,-1,-1,-1,-1,-1,-1
-1,-1,-1,-1,-1,-1,-1,-1,-1,-1,-1,-1,-1,-1,-1,-1,-1,-1,-1,-1,-1,-1,-1,-1,-1,-1,-1,-1,-1,-1,-1,10,12,12,12,12,12,12,12,12,12,12,11,11,11,11,11,11,11,11,11,11,10,10,10,-1,-1,-1,-1,-1,-1,-1
-1,-1,-1,-1,-1,-1,-1,-1,-1,-1,-1,-1,-1,-1,-1,-1,-1,-1,-1,-1,-1,-1,-1,-1,-1,-1,-1,-1,-1,-1,-1,10,10,12,12,12,12,12,12,12,12,12,11,11,11,11,11,11,5,11,10,10,10,-1,-1,-1,-1,-1,-1,-1,-1,-1
-1,-1,-1,-1,-1,-1,-1,-1,-1,-1,-1,-1,-1,-1,-1,-1,-1,-1,-1,-1,-1,-1,-1,-1,-1,-1,-1,-1,-1,-1,-1,-1,10,10,12,12,12,12,12,12,12,11,11,11,11,11,11,11,11,10,10,-1,-1,-1,-1,-1,-1,-1,-1,-1,-1,-1
-1,-1,-1,-1,-1,-1,-1,-1,-1,-1,-1,-1,-1,-1,-1,-1,-1,-1,-1,-1,-1,-1,-1,-1,-1,-1,-1,-1,-1,-1,-1,-1,-1,10,10,12,12,12,12,5,11,11,11,11,11,11,11,10,10,10,-1,-1,-1,-1,-1,-1,-1,-1,-1,-1,-1,-1
-1,-1,-1,-1,-1,-1,-1,-1,-1,-1,-1,-1,-1,-1,-1,-1,-1,-1,-1,-1,-1,-1,-1,-1,-1,-1,-1,-1,-1,-1,-1,-1,-1,-1,10,10,10,12,11,11,11,11,11,11,11,10,10,10,-1,-1,-1,-1,-1,-1,-1,-1,-1,-1,-1,-1,-1,-1
-1,-1,-1,-1,-1,-1,-1,-1,-1,-1,-1,-1,-1,-1,-1,-1,-1,-1,-1,-1,-1,-1,-1,-1,-1,-1,-1,-1,-1,-1,-1,-1,-1,-1,-1,-1,10,10,10,10,10,10,10,10,10,10,-1,-1,-1,-1,-1,-1,-1,-1,-1,-1,-1,-1,-1,-1,-1,-1
0.4196079,0.4196079,0.4196079
0.5607843,0.5607843,0.5607843
0.7372549,0.7372549,0.7372549
0.4941177,0.4941177,0.4941177
0.7882354,0.7882354,0.7882354
0.9725491,0.9725491,0.9725491
0.4352942,0.4352942,0.4352942
0.5686275,0.5686275,0.5686275
0.6862745,0.6862745,0.6862745
0,0,0
0.2666667,0.2666667,0.2666667
0.3843138,0.3843138,0.3843138
0.5019608,0.5019608,0.5019608
