36,73,
-1,-1,-1,-1,-1,-1,-1,-1,0,0,0,0,0,0,0,0,0,-1,-1,-1,0,0,0,0,0,0,0,0,0,-1,-1,-1,-1,-1,-1,-1
-1,-1,-1,-1,-1,0,0,0,0,1,1,1,1,1,1,1,0,0,-1,0,0,1,1,1,1,1,1,1,0,0,0,0,-1,-1,-1,-1
-1,-1,-1,-1,-1,0,1,1,1,1,1,1,1,1,1,1,1,0,-1,0,1,1,1,1,1,1,1,1,1,1,1,0,-1,-1,-1,-1
-1,-1,-1,-1,-1,0,2,2,2,2,2,2,2,2,1,1,1,0,-1,0,1,1,1,2,2,2,2,2,2,2,2,0,-1,-1,-1,-1
-1,-1,-1,-1,-1,0,0,0,2,2,2,2,2,2,2,1,1,0,-1,0,1,1,2,2,2,2,2,2,2,0,0,0,-1,-1,-1,-1
-1,-1,-1,-1,-1,-1,-1,0,0,0,2,2,2,3,3,3,3,0,-1,0,3,3,3,3,2,2,2,0,0,0,-1,-1,-1,-1,-1,-1
-1,-1,-1,-1,-1,-1,-1,-1,-1,0,0,0,0,3,4,4,3,-1,-1,-1,3,4,4,3,0,0,0,0,-1,-1,-1,-1,-1,-1,-1,-1
-1,-1,-1,-1,-1,-1,-1,-1,-1,-1,-1,-1,-1,3,4,4,3,-1,-1,-1,3,4,4,3,-1,-1,-1,-1,-1,-1,-1,-1,-1,-1,-1,-1
-1,-1,-1,-1,-1,-1,-1,-1,-1,-1,-1,-1,-1,3,5,5,3,-1,-1,-1,3,5,5,3,-1,-1,-1,-1,-1,-1,-1,-1,-1,-1,-1,-1
-1,-1,-1,-1,-1,-1,-1,-1,-1,-1,-1,-1,-1,3,5,5,3,-1,-1,-1,3,5,5,3,-1,-1,-1,-1,-1,-1,-1,-1,-1,-1,-1,-1
-1,-1,-1,-1,-1,-1,-1,-1,-1,-1,-1,-1,-1,3,3,3,3,3,3,3,3,3,3,3,-1,-1,-1,-1,-1,-1,-1,-1,-1,-1,-1,-1
-1,-1,-1,-1,-1,-1,-1,-1,-1,-1,-1,3,3,3,5,5,5,5,5,5,5,5,5,5,3,3,3,-1,-1,-1,-1,-1,-1,-1,-1,-1
-1,-1,-1,-1,-1,-1,-1,-1,-1,3,3,3,5,5,5,5,5,5,5,5,5,5,5,5,5,5,3,3,3,3,-1,-1,-1,-1,-1,-1
-1,-1,-1,-1,-1,-1,-1,-1,3,3,5,5,5,5,5,4,4,4,4,4,4,4,4,4,5,5,5,5,5,3,3,3,3,3,-1,-1
-1,-1,-1,-1,-1,-1,3,3,3,5,5,5,4,4,4,4,4,4,4,4,4,4,4,4,4,4,5,5,5,5,5,5,5,5,3,-1
-1,-1,-1,-1,-1,-1,3,5,5,5,4,4,4,4,4,4,4,4,4,4,4,4,4,4,4,4,4,4,5,5,5,5,5,3,3,-1
-1,-1,-1,-1,-1,3,3,5,4,4,4,4,4,4,4,4,4,4,4,4,4,4,4,4,4,4,4,4,5,5,5,5,5,3,-1,-1
-1,-1,-1,-1,-1,3,4,4,4,4,4,4,4,4,4,4,4,5,5,5,5,5,5,4,4,4,4,5,5,5,5,5,3,3,-1,-1
-1,-1,-1,-1,-1,3,4,4,4,4,4,4,4,4,5,5,5,5,5,5,5,5,5,5,5,4,5,5,5,5,5,5,3,-1,-1,-1
-1,-1,-1,-1,-1,3,4,4,4,4,4,4,4,5,5,0,0,0,0,0,0,0,0,5,5,5,5,5,5,5,5,5,3,3,-1,-1
-1,-1,-1,-1,-1,3,5,5,5,5,5,5,5,5,0,0,1,1,1,1,1,1,0,0,5,5,5,5,5,5,5,5,5,3,3,-1
-1,-1,-1,-1,-1,3,5,5,5,0,0,5,5,0,1,1,1,1,1,1,1,1,1,0,0,5,5,5,5,5,5,5,5,5,3,3
-1,-1,-1,-1,-1,3,5,0,0,1,0,0,5,0,1,1,1,1,1,1,1,1,1,1,0,5,0,0,0,0,0,5,5,5,3,3
-1,-1,-1,-1,-1,3,0,0,1,1,1,0,0,0,1,1,1,1,1,1,1,1,1,1,0,0,0,1,1,1,0,0,3,3,3,-1
-1,-1,-1,-1,-1,0,0,1,1,1,1,1,1,0,1,1,2,2,2,2,2,1,1,1,1,1,1,1,1,1,1,0,0,-1,-1,-1
-1,-1,-1,-1,-1,0,1,1,1,1,1,1,1,1,1,2,2,2,2,2,2,2,1,1,1,1,1,1,1,1,1,1,1,0,-1,-1
-1,-1,-1,-1,-1,0,1,1,2,2,2,2,1,1,1,2,2,2,2,2,2,2,2,1,1,1,2,2,2,1,1,1,1,0,-1,-1
-1,-1,-1,-1,-1,0,1,2,2,2,2,2,1,1,1,2,2,2,2,2,2,2,2,1,1,2,2,2,2,1,1,1,1,0,-1,-1
-1,-1,-1,-1,-1,0,0,2,2,2,2,2,2,1,1,2,2,2,2,2,2,2,1,1,1,2,2,2,2,1,1,1,1,0,-1,-1
-1,-1,-1,-1,-1,-1,0,0,2,2,2,2,2,1,1,1,2,2,2,2,2,2,1,1,2,2,2,2,2,1,1,1,0,0,-1,-1
-1,-1,-1,-1,-1,-1,-1,0,0,2,2,2,2,2,0,0,0,0,0,0,0,0,0,0,2,2,2,2,1,1,1,0,0,-1,-1,-1
-1,-1,-1,-1,-1,-1,-1,-1,0,0,2,0,0,0,0,5,5,5,5,5,5,5,5,0,0,0,0,0,1,0,0,-1,-1,-1,-1,-1
-1,-1,-1,-1,-1,-1,-1,-1,-1,-1,0,0,5,5,4,4,4,4,4,4,4,4,5,5,5,5,5,0,0,0,-1,-1,-1,-1,-1,-1
-1,-1,-1,-1,-1,-1,-1,-1,-1,-1,-1,3,4,4,4,4,4,4,4,4,4,4,4,5,5,5,5,5,3,-1,-1,-1,-1,-1,-1,-1
-1,-1,-1,-1,-1,-1,-1,-1,-1,-1,3,3,4,4,4,4,4,4,4,4,4,4,4,4,5,5,5,5,3,-1,-1,-1,-1,-1,-1,-1
-1,-1,-1,-1,-1,-1,-1,-1,-1,-1,3,4,4,4,4,4,4,4,4,4,4,4,4,4,5,5,5,5,3,-1,-1,-1,-1,-1,-1,-1
-1,-1,-1,-1,-1,-1,-1,-1,-1,-1,3,4,4,4,4,4,4,4,4,4,4,4,4,4,4,5,5,5,3,-1,-1,-1,-1,-1,-1,-1
-1,-1,-1,-1,-1,-1,-1,-1,-1,-1,3,4,4,4,4,4,4,4,4,4,4,4,4,4,4,5,5,5,3,3,-1,-1,-1,-1,-1,-1
-1,-1,-1,-1,-1,-1,-1,-1,-1,-1,3,4,4,4,4,4,4,4,4,4,4,4,4,4,4,4,5,5,5,3,-1,-1,-1,-1,-1,-1
-1,-1,-1,-1,-1,-1,-1,-1,-1,3,4,4,4,4,4,4,4,4,4,4,4,4,4,4,4,4,5,5,5,3,-1,-1,-1,-1,-1,-1
-1,-1,-1,-1,-1,-1,-1,-1,3,3,4,4,4,4,4,4,4,4,4,4,4,4,4,4,4,4,5,5,5,3,-1,-1,-1,-1,-1,-1
-1,-1,-1,-1,-1,-1,-1,-1,3,4,4,4,4,4,4,4,4,4,4,4,4,4,4,4,4,4,4,5,5,5,3,-1,-1,-1,-1,-1
-1,-1,-1,-1,-1,-1,-1,-1,3,4,4,4,4,4,4,4,4,4,4,4,4,4,4,4,4,4,4,5,5,5,3,-1,-1,-1,-1,-1
-1,-1,-1,-1,-1,-1,-1,3,5,5,5,4,4,4,4,4,4,4,4,4,4,4,4,4,4,4,4,5,5,5,3,3,-1,-1,-1,-1
-1,-1,-1,-1,-1,-1,-1,3,5,5,5,5,5,4,4,4,4,4,4,4,4,4,4,4,4,4,4,5,5,5,5,3,-1,-1,-1,-1
-1,-1,-1,-1,-1,-1,3,3,5,5,5,5,5,5,5,4,4,4,4,4,4,4,4,4,4,4,4,5,5,5,5,3,3,-1,-1,-1
-1,-1,-1,-1,-1,-1,3,5,5,5,5,5,5,5,5,5,5,4,4,4,4,4,4,4,4,4,4,4,5,5,5,5,3,-1,-1,-1
-1,-1,6,6,6,6,6,6,6,6,6,5,5,5,5,5,5,5,4,4,4,4,4,4,4,4,4,4,5,5,5,5,3,-1,-1,-1
-1,6,6,7,7,7,7,7,7,7,6,6,6,6,5,5,5,5,4,4,4,4,4,4,4,4,4,4,5,5,5,5,3,3,-1,-1
6,6,7,7,7,7,7,7,7,7,7,7,7,6,6,5,5,5,5,4,4,4,4,4,4,4,4,4,5,5,5,5,5,3,-1,-1
6,7,7,8,8,8,8,8,8,8,7,7,7,7,6,6,5,5,5,5,4,4,4,4,4,4,4,5,5,5,5,5,5,3,-1,-1
6,8,8,8,8,8,8,8,8,8,8,7,7,7,7,6,6,5,5,5,4,4,4,4,4,4,5,5,5,5,5,5,5,3,3,-1
6,6,8,8,8,8,8,8,8,8,8,7,7,7,7,7,6,5,5,5,5,5,5,5,5,5,5,5,5,5,5,5,5,5,3,-1
-1,6,6,8,8,8,8,8,8,8,8,8,7,7,7,7,6,5,5,5,5,5,5,5,5,5,5,5,5,5,5,5,5,5,3,-1
-1,-1,6,6,6,8,8,8,8,8,8,8,7,7,7,7,6,6,5,5,5,5,0,0,0,0,0,0,0,5,5,5,5,5,3,3
-1,-1,-1,-1,6,6,8,8,8,8,8,8,8,7,7,7,7,6,5,5,0,0,0,9,9,9,9,9,9,0,0,5,5,5,5,3
-1,-1,-1,-1,-1,6,8,8,8,8,8,8,8,7,7,7,7,6,5,0,0,9,9,9,9,9,9,9,9,9,0,0,5,5,5,3
-1,-1,-1,0,0,6,8,8,8,8,8,8,8,8,7,7,7,6,5,0,9,9,9,10,10,10,10,10,9,9,9,0,5,5,5,3
-1,-1,0,0,9,6,6,8,8,8,8,8,8,8,7,7,7,6,0,0,10,10,10,10,10,10,10,10,10,9,9,9,0,5,5,3
-1,-1,0,9,9,9,6,8,8,8,8,8,8,8,8,7,7,6,0,10,10,10,10,10,10,10,10,10,0,0,9,9,0,5,5,3
-1,0,0,9,9,9,6,8,8,8,8,8,6,8,8,7,7,6,0,10,10,10,10,10,10,10,10,10,0,0,9,9,0,5,5,3
-1,0,10,10,9,9,6,8,8,8,8,8,6,6,8,7,6,6,0,10,10,10,10,10,10,10,10,10,0,0,9,9,0,5,5,3
-1,0,10,10,10,9,9,6,8,8,8,8,8,8,8,7,6,4,0,0,10,10,10,10,10,10,10,10,10,10,9,9,0,5,5,3
-1,0,10,10,10,9,9,6,6,8,8,8,8,8,7,6,6,4,4,0,10,10,10,10,10,10,10,10,10,10,9,0,0,5,3,3
-1,0,0,10,10,10,9,9,6,6,6,8,8,8,6,6,4,4,4,0,0,10,10,10,10,10,10,10,10,10,0,0,5,3,3,-1
-1,-1,0,10,10,10,9,9,9,3,6,6,6,6,6,4,4,4,4,4,0,0,10,10,10,10,10,10,10,0,0,5,3,3,-1,-1
-1,-1,0,0,10,10,9,9,9,3,4,4,4,4,4,4,4,4,4,4,4,0,0,0,10,10,10,0,0,0,5,5,3,-1,-1,-1
-1,-1,-1,0,0,0,9,9,0,3,3,4,4,4,4,4,4,4,4,4,4,4,4,0,0,0,0,0,5,5,5,3,3,-1,-1,-1
-1,-1,-1,-1,-1,0,0,0,-1,-1,3,3,4,4,4,4,4,4,4,4,4,4,4,4,4,5,5,5,5,5,3,3,-1,-1,-1,-1
-1,-1,-1,-1,-1,-1,-1,-1,-1,-1,-1,3,3,4,4,4,4,4,4,4,4,4,4,4,5,5,5,5,5,3,3,-1,-1,-1,-1,-1
-1,-1,-1,-1,-1,-1,-1,-1,-1,-1,-1,-1,-1,3,3,4,4,4,4,4,4,4,5,5,5,5,5,3,3,-1,-1,-1,-1,-1,-1,-1
-1,-1,-1,-1,-1,-1,-1,-1,-1,-1,-1,-1,-1,-1,-1,3,3,3,3,5,5,5,5,3,3,3,3,-1,-1,-1,-1,-1,-1,-1,-1,-1
-1,-1,-1,-1,-1,-1,-1,-1,-1,-1,-1,-1,-1,-1,-1,-1,-1,-1,3,3,3,3,3,3,-1,-1,-1,-1,-1,-1,-1,-1,-1,-1,-1,-1
0,0,0
0.1803922,0.1803922,0.1803922
0.3490196,0.3490196,0.3490196
0.4980392,0.4980392,0.4980392
0.9254903,0.9254903,0.9254903
0.7490196,0.7490196,0.7490196
0.3372549,0.3372549,0.3372549
0.572549,0.572549,0.572549
0.7098039,0.7098039,0.7098039
0.7450981,0.7450981,0.7450981
1,1,1
