59,77,
-1,-1,-1,-1,-1,-1,-1,-1,-1,-1,-1,-1,-1,-1,-1,-1,-1,-1,-1,0,0,0,0,0,0,-1,-1,-1,-1,-1,-1,-1,-1,0,0,0,0,0,0,0,-1,-1,-1,-1,-1,-1,-1,-1,-1,-1,-1,-1,-1,-1,-1,-1,-1,-1,-1
1,1,1,1,-1,-1,1,-1,-1,-1,-1,-1,-1,-1,-1,-1,-1,-1,-1,0,2,2,2,2,2,0,-1,-1,-1,-1,-1,-1,0,2,2,2,2,2,2,0,-1,-1,-1,-1,-1,-1,-1,-1,-1,-1,-1,-1,1,-1,3,1,1,-1,3
3,1,1,1,1,1,1,-1,-1,-1,-1,-1,-1,-1,-1,-1,-1,-1,-1,0,4,4,4,2,2,0,-1,-1,-1,-1,-1,-1,0,2,2,4,4,4,4,0,-1,-1,-1,-1,-1,-1,-1,-1,-1,-1,-1,1,1,1,3,1,1,1,3
3,1,1,1,1,1,1,-1,-1,-1,-1,-1,-1,-1,-1,-1,-1,-1,-1,0,0,0,2,2,2,0,-1,-1,-1,-1,-1,-1,0,2,4,4,4,0,0,0,-1,-1,-1,-1,-1,-1,-1,-1,-1,-1,-1,1,1,1,3,1,1,1,3
3,1,1,1,1,3,1,-1,-1,-1,-1,-1,-1,-1,-1,-1,-1,-1,-1,-1,-1,0,2,0,0,0,0,0,0,0,-1,-1,0,2,2,2,4,0,-1,-1,-1,-1,-1,-1,-1,-1,-1,-1,-1,-1,-1,1,1,1,3,1,1,1,3
3,1,1,1,1,3,1,-1,-1,-1,-1,-1,-1,-1,-1,-1,-1,-1,-1,0,0,0,0,5,5,5,5,5,5,0,0,0,0,2,2,2,2,0,-1,-1,-1,-1,-1,-1,-1,-1,-1,-1,-1,-1,-1,1,1,1,3,1,1,1,3
-1,1,1,1,1,3,1,-1,-1,-1,-1,-1,-1,-1,-1,-1,-1,-1,0,0,5,5,5,5,5,5,5,5,5,5,5,0,0,0,2,2,2,0,-1,-1,-1,-1,-1,-1,-1,-1,-1,-1,-1,-1,-1,1,1,1,3,1,1,1,3
-1,1,1,1,1,3,1,-1,-1,-1,-1,-1,-1,-1,-1,-1,-1,-1,0,5,5,5,5,5,6,6,7,7,7,7,7,5,5,0,0,2,2,0,-1,-1,-1,-1,-1,-1,-1,-1,-1,-1,-1,-1,-1,1,1,1,3,1,1,1,3
-1,1,1,1,1,3,1,-1,-1,-1,-1,-1,-1,-1,-1,-1,-1,0,0,5,6,6,6,6,6,6,7,7,7,7,7,7,7,5,0,0,0,0,-1,-1,-1,-1,-1,-1,-1,-1,-1,-1,-1,-1,-1,1,1,1,3,1,1,1,-1
-1,1,1,1,1,3,1,-1,-1,-1,-1,-1,-1,-1,-1,-1,-1,0,5,5,6,6,6,6,6,6,6,7,7,7,7,7,7,7,5,5,0,0,-1,-1,-1,-1,-1,-1,-1,-1,-1,-1,-1,-1,-1,1,1,3,1,1,1,1,-1
-1,1,1,1,1,3,1,-1,-1,-1,-1,-1,-1,-1,-1,-1,-1,0,5,5,5,6,6,6,6,6,6,6,5,7,7,7,7,7,7,5,5,0,0,-1,-1,-1,-1,-1,-1,-1,-1,-1,-1,-1,-1,1,1,3,1,1,1,1,-1
-1,3,1,1,1,3,1,-1,-1,-1,-1,-1,-1,-1,-1,-1,-1,0,7,7,6,6,6,6,6,6,6,7,7,5,5,7,7,7,7,7,7,5,0,0,-1,-1,-1,-1,-1,-1,-1,-1,-1,-1,-1,1,1,3,1,1,1,1,-1
-1,3,1,1,1,1,3,-1,-1,-1,-1,-1,-1,-1,-1,-1,-1,0,7,7,6,6,6,6,6,6,7,7,7,7,5,5,8,8,8,7,7,7,5,0,0,-1,-1,-1,-1,0,0,-1,-1,-1,-1,1,1,3,1,1,1,1,-1
-1,3,1,1,1,1,3,-1,-1,-1,-1,-1,-1,-1,0,0,0,0,0,7,7,7,5,6,6,7,7,7,7,7,7,7,5,8,8,8,7,7,7,5,0,0,-1,0,0,0,0,0,-1,-1,-1,1,1,3,1,1,1,3,-1
-1,3,1,1,1,1,3,-1,-1,-1,-1,-1,-1,0,0,2,2,2,0,0,8,7,5,6,6,7,7,8,8,8,7,7,7,7,8,8,7,7,7,5,5,0,0,0,2,2,2,0,0,-1,1,1,1,3,1,1,1,3,-1
-1,-1,1,1,1,1,3,-1,-1,-1,-1,-1,-1,0,4,4,4,2,2,0,7,8,8,5,6,7,7,8,8,8,8,8,7,7,7,8,8,7,5,5,0,0,0,2,2,2,2,2,0,-1,1,1,1,3,1,1,1,3,-1
-1,-1,3,1,1,1,1,3,-1,-1,-1,-1,-1,0,4,4,4,4,2,0,0,8,8,5,5,7,7,8,8,8,8,8,8,7,7,8,8,8,5,0,0,2,2,2,4,4,4,2,0,-1,1,1,3,1,1,1,1,3,-1
-1,-1,3,1,1,1,1,3,-1,-1,-1,-1,-1,0,0,4,4,4,2,2,0,8,8,5,5,7,7,8,8,8,8,8,8,8,8,8,8,8,5,0,2,2,2,4,4,4,4,0,-1,-1,1,1,3,1,1,1,1,-1,-1
-1,-1,-1,1,1,1,1,3,-1,-1,-1,-1,-1,-1,0,0,0,4,4,2,0,8,8,8,5,7,7,8,8,8,8,8,8,8,8,7,7,8,5,0,2,2,4,4,4,4,4,0,-1,-1,1,1,3,1,1,1,3,-1,-1
-1,-1,-1,1,1,1,1,3,-1,-1,-1,-1,-1,-1,-1,-1,0,0,0,2,0,8,8,8,5,7,7,8,8,8,8,8,8,8,8,7,5,8,5,0,2,4,4,4,4,0,0,0,-1,-1,1,1,3,1,1,1,3,-1,-1
-1,-1,-1,3,1,1,1,1,-1,-1,-1,-1,-1,-1,-1,-1,-1,-1,0,0,0,7,8,8,5,7,8,8,8,8,8,8,8,8,8,7,5,5,8,0,0,4,4,0,0,0,-1,-1,-1,-1,1,3,1,1,1,1,3,-1,-1
-1,-1,-1,3,1,1,1,1,-1,-1,-1,-1,-1,-1,-1,-1,-1,-1,-1,0,0,7,8,8,5,7,8,8,8,8,8,8,8,8,8,7,7,5,8,8,0,0,0,0,-1,-1,-1,-1,-1,1,1,3,1,1,1,3,3,-1,-1
-1,-1,-1,-1,3,1,1,1,-1,-1,-1,-1,-1,-1,-1,-1,-1,-1,-1,-1,0,7,8,8,7,7,8,8,8,8,8,8,8,8,8,7,7,5,8,8,8,7,7,0,-1,-1,-1,-1,-1,1,1,3,1,1,1,3,-1,-1,-1
-1,-1,-1,-1,3,1,1,1,3,-1,-1,-1,-1,-1,-1,-1,-1,-1,-1,-1,0,7,8,8,8,7,8,8,8,8,8,8,8,8,8,8,7,5,5,8,8,7,7,0,-1,-1,-1,-1,-1,1,3,1,1,1,1,3,-1,-1,-1
-1,-1,-1,-1,3,1,1,1,1,-1,-1,-1,-1,-1,-1,-1,-1,-1,-1,-1,0,7,7,7,5,7,7,7,7,8,8,8,8,8,8,8,7,7,5,8,8,8,7,0,-1,-1,-1,-1,1,1,3,1,1,1,3,3,-1,-1,-1
-1,-1,-1,-1,-1,1,1,1,1,-1,-1,-1,-1,-1,-1,-1,-1,-1,-1,-1,0,7,7,7,5,7,7,7,7,7,7,7,8,8,8,8,7,7,5,8,8,8,7,0,-1,-1,-1,-1,1,3,3,1,1,1,3,-1,-1,-1,-1
-1,-1,-1,-1,-1,3,1,1,1,3,-1,-1,-1,-1,-1,-1,-1,-1,-1,-1,0,5,5,5,5,5,5,5,5,7,7,7,7,8,8,8,8,7,5,8,8,8,7,0,-1,-1,-1,1,1,3,1,1,1,3,3,-1,-1,-1,-1
-1,-1,-1,-1,-1,3,1,1,1,1,-1,-1,-1,-1,-1,-1,-1,-1,-1,0,0,0,0,0,0,0,0,0,0,0,5,5,7,7,7,8,8,7,7,8,8,8,7,0,-1,-1,-1,1,3,3,1,1,1,3,-1,-1,-1,-1,-1
-1,-1,-1,-1,-1,-1,3,1,1,1,-1,-1,-1,-1,-1,-1,-1,-1,0,0,9,9,9,9,9,9,9,9,9,0,0,0,0,5,7,7,8,7,7,8,8,8,8,0,0,-1,1,3,3,1,1,1,3,-1,-1,-1,-1,-1,-1
-1,-1,-1,-1,-1,-1,3,1,1,1,-1,-1,-1,-1,-1,-1,-1,0,0,9,10,10,10,10,10,10,10,10,10,9,9,9,0,0,5,7,7,8,7,8,8,8,8,7,0,1,1,3,1,1,1,3,3,-1,-1,-1,-1,-1,-1
-1,-1,-1,-1,-1,-1,-1,3,1,1,1,-1,-1,-1,-1,-1,0,0,9,9,10,10,10,10,10,10,10,10,10,9,9,9,9,9,0,0,7,7,8,8,8,8,8,7,1,1,3,1,1,1,1,3,-1,-1,-1,-1,-1,-1,-1
-1,-1,-1,-1,-1,-1,-1,3,3,1,1,-1,-1,-1,-1,0,0,9,9,9,9,11,11,11,11,11,11,11,9,9,9,9,9,9,9,0,0,7,8,8,8,8,8,1,1,1,1,1,1,1,3,-1,-1,-1,-1,-1,-1,-1,-1
-1,-1,-1,-1,-1,-1,-1,-1,3,1,1,1,-1,-1,0,0,9,9,9,9,9,9,9,9,9,9,9,9,9,9,9,9,9,9,9,9,0,0,7,8,8,8,1,1,1,1,1,1,3,3,-1,-1,-1,-1,-1,-1,-1,-1,-1
-1,-1,-1,-1,-1,-1,-1,-1,-1,3,1,1,1,-1,0,9,12,12,12,12,9,9,10,10,10,9,9,12,12,12,12,12,12,9,9,9,9,0,7,8,8,1,1,1,1,1,1,3,3,-1,-1,-1,-1,-1,-1,-1,-1,-1,-1
-1,-1,-1,-1,-1,-1,-1,-1,-1,3,3,1,1,0,0,12,12,12,12,12,9,10,10,10,10,10,9,12,12,12,12,12,12,12,12,9,9,0,0,7,1,1,1,1,1,3,3,3,-1,-1,-1,-1,-1,-1,-1,-1,-1,-1,-1
-1,-1,-1,-1,-1,-1,-1,-1,-1,-1,3,1,1,1,12,12,12,12,12,12,12,10,10,10,10,10,12,12,12,12,12,12,12,12,12,12,9,9,0,1,1,1,1,3,3,3,-1,-1,-1,-1,-1,-1,-1,-1,-1,-1,-1,-1,-1
-1,-1,-1,-1,-1,-1,-1,-1,-1,-1,-1,3,1,1,1,1,0,0,0,0,12,12,12,12,12,12,12,12,12,12,0,0,0,0,12,12,12,1,1,1,1,1,3,3,3,-1,-1,-1,-1,-1,-1,-1,-1,-1,-1,-1,-1,-1,-1
-1,-1,-1,-1,-1,-1,-1,-1,-1,-1,-1,-1,3,3,3,1,1,1,1,0,0,12,12,12,12,12,12,12,12,0,0,1,1,1,1,1,1,1,1,3,3,3,3,7,0,-1,-1,-1,-1,-1,-1,-1,-1,-1,-1,-1,-1,-1,-1
-1,-1,-1,-1,-1,-1,-1,-1,-1,-1,-1,-1,-1,0,3,3,3,1,0,0,12,12,12,12,12,12,12,12,12,12,0,0,3,3,3,3,3,3,3,3,3,8,8,7,0,-1,-1,-1,-1,-1,-1,-1,-1,-1,-1,-1,-1,-1,-1
-1,-1,-1,-1,-1,-1,-1,-1,-1,-1,-1,-1,-1,0,12,12,0,0,0,12,12,12,12,12,12,12,12,12,12,12,12,0,0,0,12,12,12,2,0,7,8,8,8,7,0,-1,-1,-1,-1,-1,-1,-1,-1,-1,-1,-1,-1,-1,-1
-1,-1,-1,-1,-1,-1,-1,-1,-1,-1,-1,-1,-1,0,4,12,12,12,12,12,12,12,12,12,12,12,12,12,12,12,12,12,12,12,12,12,4,2,0,7,8,8,8,7,0,-1,-1,-1,-1,-1,-1,-1,-1,-1,-1,-1,-1,-1,-1
-1,-1,-1,-1,-1,-1,-1,-1,-1,-1,-1,-1,-1,0,4,4,4,4,4,4,12,12,12,12,12,12,12,12,12,4,4,4,4,4,4,4,4,2,0,7,8,8,8,7,0,-1,-1,-1,-1,-1,-1,-1,-1,-1,-1,-1,-1,-1,-1
-1,-1,-1,-1,-1,-1,-1,-1,-1,-1,-1,-1,-1,0,4,4,4,4,4,4,12,12,12,12,12,12,12,12,4,4,4,4,4,4,4,4,2,0,0,7,8,8,8,7,0,-1,-1,-1,-1,-1,-1,-1,-1,-1,-1,-1,-1,-1,-1
-1,-1,-1,-1,-1,-1,-1,-1,-1,-1,-1,-1,-1,0,0,4,4,4,4,4,4,12,12,12,12,12,12,12,4,4,4,4,4,4,4,2,2,0,7,8,8,8,8,0,0,-1,-1,-1,-1,-1,-1,-1,-1,-1,-1,-1,-1,-1,-1
-1,-1,-1,-1,-1,-1,-1,-1,-1,-1,-1,-1,-1,-1,0,4,4,4,4,4,4,12,12,12,12,12,12,4,4,4,4,4,4,4,2,2,0,0,7,8,8,8,7,0,-1,-1,-1,-1,-1,-1,-1,-1,-1,-1,-1,-1,-1,-1,-1
-1,-1,-1,-1,-1,-1,-1,-1,-1,-1,-1,-1,-1,-1,0,0,4,4,4,4,4,4,4,12,12,4,4,4,4,4,4,4,4,2,2,0,0,7,8,7,7,8,7,0,-1,-1,-1,-1,-1,-1,-1,-1,-1,-1,-1,-1,-1,-1,-1
-1,-1,-1,-1,-1,-1,-1,-1,-1,-1,-1,-1,-1,-1,-1,0,2,2,4,4,4,4,4,4,4,4,4,4,4,4,4,2,2,2,2,0,7,7,8,7,8,8,7,0,-1,-1,-1,-1,-1,-1,-1,-1,-1,-1,-1,-1,-1,-1,-1
-1,-1,-1,-1,-1,-1,-1,-1,-1,-1,-1,-1,-1,-1,-1,0,0,2,2,2,2,4,4,4,4,4,4,4,4,2,2,2,2,0,0,0,7,8,8,7,8,7,7,0,-1,-1,-1,-1,-1,-1,-1,-1,-1,-1,-1,-1,-1,-1,-1
-1,-1,-1,-1,-1,-1,-1,-1,-1,-1,-1,-1,-1,-1,-1,-1,0,0,0,2,2,2,2,2,2,2,2,2,2,2,2,2,0,0,7,7,8,8,7,7,8,7,0,-1,-1,-1,-1,-1,-1,-1,-1,-1,-1,-1,-1,-1,-1,-1,-1
-1,-1,-1,-1,-1,-1,-1,-1,-1,-1,-1,-1,-1,-1,-1,-1,0,7,0,0,0,2,2,2,2,2,2,2,2,0,0,0,0,7,7,8,8,7,7,8,8,7,0,-1,-1,-1,-1,-1,-1,-1,-1,-1,-1,-1,-1,-1,-1,-1,-1
-1,-1,-1,-1,-1,-1,-1,-1,-1,-1,-1,-1,-1,-1,-1,-1,0,7,7,7,0,0,0,0,0,0,0,0,0,0,7,7,7,7,8,8,7,7,5,8,7,0,0,-1,-1,-1,-1,-1,-1,-1,-1,-1,-1,-1,-1,-1,-1,-1,-1
-1,-1,-1,-1,-1,-1,-1,-1,-1,-1,-1,-1,-1,-1,-1,-1,0,8,8,7,7,7,7,7,7,7,7,7,7,7,7,7,8,8,8,7,7,5,8,8,7,0,-1,-1,-1,-1,-1,-1,-1,-1,-1,-1,-1,-1,-1,-1,-1,-1,-1
-1,-1,-1,-1,-1,-1,-1,-1,-1,-1,-1,-1,-1,-1,-1,-1,0,8,8,8,8,7,7,7,7,7,7,7,7,7,8,8,8,8,7,7,7,5,8,7,0,0,-1,-1,-1,-1,-1,-1,-1,-1,-1,-1,-1,-1,-1,-1,-1,-1,-1
-1,-1,-1,-1,-1,-1,-1,-1,-1,-1,-1,-1,-1,-1,-1,-1,0,8,8,8,8,8,8,8,8,8,8,8,8,8,8,8,8,7,7,7,5,8,8,7,0,-1,-1,-1,-1,-1,-1,-1,-1,-1,-1,-1,-1,-1,-1,-1,-1,-1,-1
-1,-1,-1,-1,-1,-1,-1,-1,-1,-1,-1,-1,-1,-1,-1,-1,0,8,8,8,8,8,8,8,8,8,8,8,8,8,8,8,7,7,7,5,5,8,7,0,0,-1,-1,-1,-1,-1,-1,-1,-1,-1,-1,-1,-1,-1,-1,-1,-1,-1,-1
-1,-1,-1,-1,-1,-1,-1,-1,-1,-1,-1,-1,-1,-1,-1,-1,0,8,8,8,8,8,7,8,8,8,8,8,8,8,8,7,7,7,5,5,8,8,7,0,-1,-1,-1,-1,-1,-1,-1,-1,-1,-1,-1,-1,-1,-1,-1,-1,-1,-1,-1
-1,-1,-1,-1,-1,-1,-1,-1,-1,-1,-1,-1,-1,-1,-1,-1,-1,0,8,8,8,7,5,7,7,8,8,8,8,8,8,7,7,5,5,8,8,7,0,-1,-1,-1,-1,-1,-1,-1,-1,-1,-1,-1,-1,-1,-1,-1,-1,-1,-1,-1,-1
-1,-1,-1,-1,-1,-1,-1,-1,-1,-1,-1,-1,-1,-1,-1,-1,-1,0,8,8,8,7,5,7,7,7,8,8,8,8,8,7,5,5,8,8,7,0,0,-1,-1,-1,-1,-1,-1,-1,-1,-1,-1,-1,-1,-1,-1,-1,-1,-1,-1,-1,-1
-1,-1,-1,-1,-1,-1,-1,-1,-1,-1,-1,-1,-1,-1,-1,-1,-1,0,8,8,7,7,5,7,7,7,7,8,8,8,8,8,8,8,8,7,7,0,-1,-1,-1,-1,-1,-1,-1,-1,-1,-1,-1,-1,-1,-1,-1,-1,-1,-1,-1,-1,-1
-1,-1,-1,-1,-1,-1,-1,-1,-1,-1,-1,-1,-1,-1,-1,-1,-1,-1,0,7,7,7,5,5,7,7,7,7,8,8,8,8,8,8,7,7,0,-1,-1,-1,-1,-1,-1,-1,-1,-1,-1,-1,-1,-1,-1,-1,-1,-1,-1,-1,-1,-1,-1
-1,-1,-1,-1,-1,-1,-1,-1,-1,-1,-1,-1,-1,-1,-1,-1,-1,-1,0,7,7,7,5,5,5,7,7,7,7,7,7,7,7,7,7,0,-1,-1,-1,-1,-1,-1,-1,-1,-1,-1,-1,-1,-1,-1,-1,-1,-1,-1,-1,-1,-1,-1,-1
-1,-1,-1,-1,-1,-1,-1,-1,-1,-1,-1,-1,-1,-1,-1,-1,-1,-1,-1,0,7,5,5,6,5,5,7,7,7,7,7,7,7,7,0,-1,-1,-1,-1,-1,-1,-1,-1,-1,-1,-1,-1,-1,-1,-1,-1,-1,-1,-1,-1,-1,-1,-1,-1
-1,-1,-1,-1,-1,-1,-1,-1,-1,-1,-1,-1,-1,-1,-1,-1,-1,-1,-1,0,0,5,6,6,6,5,5,7,7,7,7,7,0,0,-1,-1,-1,-1,-1,-1,-1,-1,-1,-1,-1,-1,-1,-1,-1,-1,-1,-1,-1,-1,-1,-1,-1,-1,-1
-1,-1,-1,-1,-1,-1,-1,-1,-1,-1,-1,-1,-1,-1,-1,-1,-1,-1,-1,-1,0,0,6,6,6,6,5,5,5,7,0,0,0,-1,-1,-1,-1,-1,-1,-1,-1,-1,-1,-1,-1,-1,-1,-1,-1,-1,-1,-1,-1,-1,-1,-1,-1,-1,-1
-1,-1,-1,-1,-1,-1,-1,-1,-1,-1,-1,-1,-1,-1,-1,-1,-1,-1,-1,-1,-1,0,6,6,6,6,6,5,0,0,0,-1,-1,-1,-1,-1,-1,-1,-1,-1,-1,-1,-1,-1,-1,-1,-1,-1,-1,-1,-1,-1,-1,-1,-1,-1,-1,-1,-1
-1,-1,-1,-1,-1,-1,-1,-1,-1,-1,-1,-1,-1,-1,-1,-1,-1,-1,-1,-1,-1,0,6,6,6,6,6,6,0,-1,-1,-1,-1,-1,-1,-1,-1,-1,-1,-1,-1,-1,-1,-1,-1,-1,-1,-1,-1,-1,-1,-1,-1,-1,-1,-1,-1,-1,-1
-1,-1,-1,-1,-1,-1,-1,-1,-1,-1,-1,-1,-1,-1,-1,-1,-1,-1,-1,-1,0,6,6,6,6,6,0,-1,-1,-1,-1,-1,-1,-1,-1,-1,-1,-1,-1,-1,-1,-1,-1,-1,-1,-1,-1,-1,-1,-1,-1,-1,-1,-1,-1,-1,-1,-1,-1
-1,-1,-1,-1,-1,-1,-1,-1,-1,-1,-1,-1,-1,-1,-1,-1,-1,-1,-1,0,0,6,6,6,6,6,0,-1,-1,-1,-1,-1,-1,-1,-1,-1,-1,-1,-1,-1,-1,-1,-1,-1,-1,-1,-1,-1,-1,-1,-1,-1,-1,-1,-1,-1,-1,-1,-1
-1,-1,-1,-1,-1,-1,-1,-1,-1,-1,-1,-1,-1,-1,-1,-1,-1,-1,-1,0,6,6,6,6,6,6,0,-1,-1,-1,-1,-1,-1,-1,-1,-1,-1,-1,-1,-1,-1,-1,-1,-1,-1,-1,-1,-1,-1,-1,-1,-1,-1,-1,-1,-1,-1,-1,-1
-1,-1,-1,-1,-1,-1,-1,-1,-1,-1,-1,-1,-1,-1,-1,-1,-1,-1,0,0,6,6,6,6,6,6,0,-1,-1,-1,-1,-1,-1,-1,-1,-1,-1,-1,-1,-1,-1,-1,-1,-1,-1,-1,-1,-1,-1,-1,-1,-1,-1,-1,-1,-1,-1,-1,-1
-1,-1,-1,-1,-1,-1,-1,-1,-1,-1,-1,-1,-1,-1,-1,-1,-1,-1,0,6,6,6,6,6,6,6,0,-1,-1,-1,-1,-1,-1,-1,-1,-1,-1,-1,-1,-1,-1,-1,-1,-1,-1,-1,-1,-1,-1,-1,-1,-1,-1,-1,-1,-1,-1,-1,-1
-1,-1,-1,-1,-1,-1,-1,-1,-1,-1,-1,-1,-1,-1,-1,-1,-1,0,0,6,6,6,6,6,6,6,0,-1,-1,-1,-1,-1,-1,-1,-1,-1,-1,-1,-1,-1,-1,-1,-1,-1,-1,-1,-1,-1,-1,-1,-1,-1,-1,-1,-1,-1,-1,-1,-1
-1,-1,-1,-1,-1,-1,-1,-1,-1,-1,-1,-1,-1,-1,-1,-1,-1,0,6,6,6,6,6,6,6,6,0,-1,-1,-1,-1,-1,-1,-1,-1,-1,-1,-1,-1,-1,-1,-1,-1,-1,-1,-1,-1,-1,-1,-1,-1,-1,-1,-1,-1,-1,-1,-1,-1
-1,-1,-1,-1,-1,-1,-1,-1,-1,-1,-1,-1,-1,-1,-1,-1,-1,0,6,6,6,6,6,6,6,0,-1,-1,-1,-1,-1,-1,-1,-1,-1,-1,-1,-1,-1,-1,-1,-1,-1,-1,-1,-1,-1,-1,-1,-1,-1,-1,-1,-1,-1,-1,-1,-1,-1
-1,-1,-1,-1,-1,-1,-1,-1,-1,-1,-1,-1,-1,-1,-1,-1,-1,0,0,6,6,6,6,6,6,0,-1,-1,-1,-1,-1,-1,-1,-1,-1,-1,-1,-1,-1,-1,-1,-1,-1,-1,-1,-1,-1,-1,-1,-1,-1,-1,-1,-1,-1,-1,-1,-1,-1
-1,-1,-1,-1,-1,-1,-1,-1,-1,-1,-1,-1,-1,-1,-1,-1,-1,-1,0,0,0,6,6,6,0,-1,-1,-1,-1,-1,-1,-1,-1,-1,-1,-1,-1,-1,-1,-1,-1,-1,-1,-1,-1,-1,-1,-1,-1,-1,-1,-1,-1,-1,-1,-1,-1,-1,-1
-1,-1,-1,-1,-1,-1,-1,-1,-1,-1,-1,-1,-1,-1,-1,-1,-1,-1,-1,-1,-1,0,0,0,-1,-1,-1,-1,-1,-1,-1,-1,-1,-1,-1,-1,-1,-1,-1,-1,-1,-1,-1,-1,-1,-1,-1,-1,-1,-1,-1,-1,-1,-1,-1,-1,-1,-1,-1
0,0,0
0.2588235,0.8000001,0.7725491
0.427451,0.2862745,0.1529412
0.6117647,1,0.9803922
0.5372549,0.4235294,0.3137255
0.6666667,0.3098039,0
0.1411765,0.1058824,0.09803922
0.7764707,0.5215687,0.1019608
0.882353,0.7529413,0.1215686
0.5019608,0.4666667,0.4705883
0.3960785,0.2509804,0.2392157
0.8117648,0.8117648,0.8117648
0.7254902,0.6980392,0.6862745
