67,70,
-1,-1,-1,-1,-1,-1,-1,-1,-1,-1,-1,-1,-1,-1,-1,-1,-1,-1,-1,-1,-1,0,0,0,0,0,0,0,0,0,0,0,0,0,0,0,0,0,0,0,0,0,0,0,0,0,-1,-1,-1,-1,-1,-1,-1,-1,-1,-1,-1,-1,-1,-1,-1,-1,-1,-1,-1,-1,-1
-1,-1,-1,-1,-1,-1,-1,-1,-1,-1,-1,-1,-1,-1,-1,-1,-1,-1,-1,0,0,0,0,0,0,0,0,0,0,0,0,0,0,0,0,0,0,0,0,0,0,0,0,0,0,0,0,0,0,0,-1,-1,-1,-1,-1,-1,-1,-1,-1,-1,-1,-1,-1,-1,-1,-1,-1
-1,-1,-1,-1,-1,-1,-1,-1,-1,-1,-1,-1,-1,-1,-1,-1,-1,0,0,0,0,1,1,1,1,1,1,1,1,1,1,1,1,1,1,1,1,1,1,1,1,1,1,1,1,1,0,0,0,0,0,0,0,0,-1,-1,-1,-1,-1,-1,-1,-1,-1,-1,-1,-1,-1
-1,-1,-1,-1,-1,-1,-1,-1,-1,-1,-1,-1,-1,-1,-1,0,0,0,0,1,1,1,1,1,1,1,1,1,1,1,1,1,1,1,1,1,1,1,1,1,1,1,1,1,1,1,1,1,1,1,0,0,0,0,0,-1,-1,-1,-1,-1,-1,-1,-1,-1,-1,-1,-1
-1,-1,-1,-1,-1,-1,-1,-1,-1,-1,-1,-1,-1,0,0,0,0,1,1,1,1,1,1,1,1,1,1,1,1,1,1,1,1,1,1,1,1,1,1,1,1,1,1,1,1,1,1,1,1,1,1,1,1,0,0,-1,-1,-1,-1,-1,-1,-1,-1,-1,-1,-1,-1
-1,-1,-1,-1,-1,-1,-1,-1,-1,-1,-1,0,0,0,0,1,1,1,1,1,1,1,1,1,1,1,1,1,1,1,1,1,1,1,1,1,1,1,1,1,1,1,1,1,1,1,1,1,1,1,1,1,1,1,1,0,0,0,0,-1,-1,-1,-1,-1,-1,-1,-1
-1,-1,-1,-1,-1,-1,-1,-1,-1,-1,-1,0,0,1,1,1,1,1,1,1,1,1,1,1,1,1,1,1,1,1,1,1,1,1,1,1,1,1,1,1,1,1,1,1,1,1,1,1,1,1,1,1,1,1,1,0,0,0,0,-1,-1,-1,-1,-1,-1,-1,-1
-1,-1,-1,-1,-1,-1,-1,-1,-1,0,0,1,1,1,1,1,1,1,1,1,1,1,1,1,1,1,1,1,1,1,1,1,1,1,1,1,1,1,1,1,1,1,1,1,1,1,1,1,1,1,1,1,1,1,1,1,1,1,1,0,0,-1,-1,-1,-1,-1,-1
-1,-1,-1,-1,-1,-1,-1,0,0,0,0,1,1,1,1,1,1,1,1,1,1,1,1,1,1,1,1,1,1,1,1,1,1,1,1,1,1,1,1,1,1,1,1,1,1,1,1,1,1,1,1,1,1,1,1,1,1,1,1,0,0,0,0,-1,-1,-1,-1
-1,-1,-1,-1,-1,-1,-1,0,0,1,1,1,1,1,1,1,1,1,1,1,1,1,1,1,1,1,1,1,1,1,1,1,1,2,2,2,2,2,2,2,2,2,1,1,1,1,1,1,1,1,1,1,1,1,1,1,1,1,1,1,1,0,0,0,-1,-1,-1
-1,-1,-1,-1,-1,0,0,1,1,1,1,1,1,1,1,1,1,1,1,1,1,1,1,1,1,1,1,1,1,1,1,1,1,2,2,2,2,2,2,2,2,2,1,1,1,1,1,1,1,1,1,1,1,1,1,1,1,1,1,1,1,1,0,0,0,-1,-1
-1,-1,-1,-1,-1,0,0,1,1,1,1,1,1,1,1,2,2,2,2,2,2,2,1,1,1,1,1,1,1,1,1,3,3,3,3,3,3,3,3,3,3,3,3,3,1,1,1,1,1,1,1,1,1,1,1,1,1,1,1,1,1,1,1,0,0,-1,-1
-1,-1,-1,-1,0,0,1,1,1,1,1,1,2,2,2,2,2,2,2,2,2,2,2,2,1,1,1,1,1,1,3,3,3,3,3,3,3,3,3,3,3,3,3,3,3,1,1,1,1,1,1,1,1,1,1,1,1,1,1,1,1,1,1,0,0,-1,-1
-1,-1,-1,-1,0,0,1,1,1,1,2,2,2,2,2,2,2,2,2,2,2,2,2,2,2,1,1,1,1,1,3,3,3,3,3,3,3,3,3,3,3,3,3,3,3,1,1,1,1,1,1,1,1,1,1,1,1,2,2,2,2,2,2,0,0,0,-1
-1,-1,-1,0,0,1,1,1,1,2,2,2,2,2,2,2,2,2,2,2,2,2,2,2,2,2,1,1,1,1,3,3,3,3,3,3,3,3,3,3,3,3,3,3,3,1,1,1,1,1,1,1,1,1,2,2,2,2,2,2,2,2,2,2,0,0,-1
-1,-1,0,0,0,1,1,1,1,2,2,2,2,2,2,2,2,2,2,2,2,2,2,2,2,2,2,1,1,1,3,3,3,3,3,3,3,3,3,3,3,3,3,3,3,1,1,1,1,1,1,1,1,2,2,2,2,2,2,2,2,2,2,2,0,0,0
-1,-1,0,0,1,1,1,1,2,2,2,2,2,2,2,2,2,2,2,2,2,2,2,2,2,2,2,2,1,1,1,3,3,4,4,4,4,4,4,4,4,4,3,3,1,1,1,1,1,1,1,1,2,2,2,2,2,2,2,2,2,2,2,2,2,0,0
-1,-1,0,0,1,1,1,1,2,2,2,2,2,2,2,2,2,2,2,2,2,2,2,2,2,2,2,2,2,1,1,1,3,4,4,4,4,4,4,4,4,4,3,1,1,1,1,1,1,1,1,2,2,2,2,2,2,2,2,2,2,2,2,2,2,0,0
-1,-1,0,0,1,1,1,1,2,2,2,2,2,2,2,2,2,2,2,2,2,2,2,2,2,2,2,2,2,1,1,1,1,1,1,1,1,1,1,1,1,1,1,1,1,1,1,1,1,1,2,2,2,2,2,2,2,2,2,2,2,2,2,2,2,0,0
-1,-1,0,0,1,1,1,2,2,2,2,2,2,2,2,2,2,2,2,2,2,2,2,2,2,2,2,2,2,1,1,1,1,1,1,1,1,1,1,1,1,1,1,1,1,1,1,1,1,1,2,2,2,2,2,2,2,2,2,2,2,2,2,2,2,0,0
-1,-1,0,0,1,1,1,2,2,2,2,2,2,2,2,2,2,2,2,2,2,2,2,2,2,2,2,2,2,1,1,1,1,1,1,5,5,5,5,5,1,1,1,1,1,1,1,1,1,1,2,2,2,2,2,2,2,2,2,2,2,2,2,2,2,0,0
-1,-1,0,0,1,1,1,2,2,2,2,2,2,2,2,2,2,2,2,2,2,2,2,2,2,2,2,2,2,1,1,1,1,5,5,5,5,5,5,5,5,1,1,1,1,1,1,1,1,2,2,2,2,2,2,2,2,2,2,2,2,2,2,2,2,0,0
-1,-1,0,0,1,1,1,2,2,2,2,2,2,2,2,2,2,2,2,2,2,2,2,2,2,2,2,2,2,1,1,5,5,5,5,5,5,5,5,5,5,5,1,1,1,1,1,1,1,2,2,2,2,2,2,2,2,2,2,2,2,2,2,2,2,0,0
-1,-1,0,0,1,1,1,2,2,2,2,2,2,2,2,2,2,2,2,2,2,2,2,2,2,2,2,2,2,1,1,5,5,5,5,5,5,5,5,5,5,5,5,1,1,1,1,1,1,2,2,2,2,2,2,2,2,2,2,2,2,2,2,2,2,0,0
-1,-1,0,0,1,1,1,2,2,2,2,2,2,2,2,2,2,2,2,2,2,2,2,2,2,2,2,2,2,1,5,5,5,5,5,5,5,5,5,5,5,5,5,5,1,1,1,1,1,2,2,2,2,2,2,2,2,2,2,2,2,2,2,2,2,0,0
-1,-1,0,0,1,1,1,2,2,2,2,2,2,2,2,2,2,2,2,2,2,2,2,2,2,2,2,2,1,1,5,5,5,5,5,5,5,5,5,5,5,5,5,5,1,1,1,1,1,2,2,2,2,2,2,2,2,2,2,2,2,2,2,2,2,0,0
-1,-1,0,0,1,1,1,2,2,2,2,2,2,2,2,2,2,2,2,2,2,2,2,0,2,2,2,2,1,5,5,5,5,5,5,5,5,5,5,5,5,5,5,5,5,1,1,1,1,1,0,2,2,2,2,2,2,2,2,2,2,2,2,2,2,0,0
-1,-1,0,0,1,1,1,1,2,2,2,2,2,2,2,2,2,2,2,2,2,0,0,0,0,0,2,1,1,5,5,5,5,5,5,5,5,5,5,5,5,5,5,5,5,1,1,1,0,0,0,0,0,2,2,2,2,2,2,2,2,2,2,2,2,0,0
-1,-1,0,0,0,1,1,1,2,2,2,2,2,2,2,2,2,2,2,2,2,0,0,6,0,0,1,1,1,5,5,5,5,5,5,5,5,5,5,5,5,5,5,5,5,1,1,1,0,0,6,0,0,2,2,2,2,2,2,2,2,2,2,2,0,0,0
-1,-1,-1,0,0,1,1,1,1,2,2,2,2,2,2,2,2,2,2,0,0,6,6,6,6,6,0,0,1,1,5,5,5,5,5,5,5,5,5,5,5,5,5,5,1,1,0,0,7,6,6,6,6,0,0,2,2,2,2,2,2,2,2,2,0,0,-1
-1,-1,-1,-1,0,0,1,1,1,1,2,2,2,2,2,2,2,2,2,0,0,6,6,6,6,6,0,0,1,1,1,5,5,5,5,5,5,5,5,5,5,5,5,1,1,1,0,0,7,7,6,6,6,0,0,2,2,2,2,2,2,2,0,0,-1,-1,-1
-1,-1,-1,-1,0,0,1,1,1,1,1,2,2,2,2,2,2,0,0,7,7,7,6,6,6,6,6,6,0,0,1,1,1,1,1,1,1,1,1,1,1,1,1,1,0,0,6,7,7,7,7,6,6,6,6,0,0,2,2,2,2,0,0,0,-1,-1,-1
-1,-1,-1,-1,0,0,1,1,1,1,1,1,2,2,2,2,2,0,0,7,7,7,7,6,6,6,6,6,0,0,1,1,1,1,1,1,1,1,1,1,1,1,1,1,0,0,6,6,7,7,7,7,6,6,6,0,0,2,2,2,0,0,0,-1,-1,-1,-1
-1,-1,-1,-1,0,0,1,1,1,1,1,1,1,1,2,0,0,6,6,6,7,7,7,7,6,6,6,6,6,6,0,0,1,1,1,1,1,1,1,1,1,1,0,0,7,6,6,6,6,7,7,7,6,6,6,6,6,0,0,2,0,0,-1,-1,-1,-1,-1
-1,-1,-1,-1,0,0,1,1,1,1,1,1,1,1,1,0,0,6,6,6,6,7,7,7,7,6,6,6,6,6,0,0,1,1,1,1,1,1,1,1,1,1,0,0,7,6,6,6,6,6,7,7,7,6,6,6,6,0,0,0,0,0,-1,-1,-1,-1,-1
-1,-1,-1,-1,0,0,1,1,1,1,1,1,1,0,0,7,7,7,6,6,6,6,7,7,7,7,7,6,6,6,6,6,0,0,1,1,1,1,1,1,0,0,6,7,7,7,6,6,6,6,6,7,7,7,6,6,6,6,6,0,0,-1,-1,-1,-1,-1,-1
-1,-1,-1,-1,0,0,1,1,1,1,1,1,1,0,0,6,7,7,7,6,6,6,6,7,7,7,7,7,6,6,6,6,0,0,1,1,1,1,1,1,0,0,6,6,7,7,7,6,6,6,6,6,7,7,7,6,6,6,6,0,0,-1,-1,-1,-1,-1,-1
-1,-1,-1,-1,0,0,1,1,1,1,1,1,0,0,6,6,6,7,7,7,6,6,6,6,7,7,7,7,7,6,6,6,6,0,0,0,0,0,0,0,0,6,6,6,6,7,7,7,6,6,6,6,7,7,7,7,6,6,6,6,0,0,-1,-1,-1,-1,-1
-1,-1,-1,-1,0,0,0,1,1,1,1,1,0,0,6,6,6,6,7,7,7,6,6,6,6,6,7,7,7,7,6,6,6,0,0,0,0,0,0,0,0,6,6,6,6,6,7,7,7,6,6,6,6,7,7,7,7,6,6,6,0,0,-1,-1,-1,-1,-1
-1,-1,-1,-1,-1,0,0,1,1,1,1,1,0,0,6,6,6,6,6,7,7,7,6,6,6,6,6,7,7,7,7,6,6,0,0,1,1,1,1,0,0,6,6,6,6,6,6,7,7,7,6,6,6,6,7,7,7,6,6,6,0,0,-1,-1,-1,-1,-1
-1,-1,-1,-1,-1,-1,-1,0,0,1,1,1,0,0,6,6,6,6,6,6,7,7,7,6,6,6,6,6,7,7,7,7,6,0,0,1,1,1,1,0,0,6,6,6,6,6,6,6,7,7,7,6,6,6,6,7,7,7,6,6,0,0,-1,-1,-1,-1,-1
-1,-1,-1,-1,-1,-1,-1,0,0,1,1,1,1,0,0,6,6,6,6,6,6,7,0,0,0,6,6,6,6,7,7,7,0,0,1,1,1,1,1,1,0,0,6,6,6,6,6,6,7,0,0,0,6,6,6,6,7,7,7,0,0,-1,-1,-1,-1,-1,-1
-1,-1,-1,-1,-1,-1,-1,0,0,1,1,1,1,0,0,6,6,6,6,6,6,6,0,0,0,6,6,6,6,6,7,7,0,0,1,1,1,1,1,1,0,0,6,6,6,6,6,6,6,0,0,0,6,6,6,6,6,7,0,0,0,-1,-1,-1,-1,-1,-1
-1,-1,-1,-1,-1,-1,-1,0,0,1,1,1,1,1,1,0,0,0,0,0,0,0,0,1,0,0,0,0,0,0,0,0,1,1,1,1,1,1,1,1,1,1,0,0,0,0,0,0,0,0,1,0,0,0,0,0,0,0,0,-1,-1,-1,-1,-1,-1,-1,-1
-1,-1,-1,-1,-1,-1,-1,0,0,1,1,1,1,1,1,0,0,0,0,0,0,0,0,1,0,0,0,0,0,0,0,0,1,1,1,1,1,1,1,1,1,1,0,0,0,0,0,0,0,0,1,0,0,0,0,0,0,0,0,-1,-1,-1,-1,-1,-1,-1,-1
-1,-1,-1,-1,-1,-1,-1,0,0,1,1,1,1,1,1,1,1,1,1,1,1,1,1,1,1,1,1,1,1,1,1,1,1,1,1,1,1,1,1,1,1,1,1,1,1,1,1,1,1,1,1,1,1,1,1,1,1,0,0,-1,-1,-1,-1,-1,-1,-1,-1
-1,-1,-1,0,0,0,0,0,0,1,1,1,1,1,1,1,1,1,1,1,1,1,1,1,1,1,1,1,1,1,1,1,1,1,1,1,1,1,1,1,1,1,1,1,1,1,1,1,1,1,1,1,1,1,1,1,1,0,0,-1,-1,-1,-1,-1,-1,-1,-1
-1,-1,0,0,0,0,0,0,0,1,1,1,1,1,1,1,1,1,1,1,1,1,1,1,1,1,1,1,1,1,1,1,1,1,1,1,1,1,1,1,1,1,1,1,1,1,1,1,1,1,1,1,1,1,1,1,1,0,0,-1,-1,-1,-1,-1,-1,-1,-1
-1,0,0,0,0,1,1,1,1,1,1,1,1,1,1,1,1,1,1,1,1,1,1,1,1,1,1,1,1,1,1,1,1,1,1,1,1,1,1,1,1,1,1,1,1,1,1,1,1,1,1,1,1,1,1,1,1,1,0,0,0,0,0,0,-1,-1,-1
0,0,0,1,1,1,1,1,1,1,1,1,1,1,1,1,1,1,1,1,1,1,1,1,1,1,1,1,1,1,1,1,1,1,1,1,1,1,1,1,1,1,1,1,1,1,1,1,1,1,1,1,1,1,1,1,1,1,0,0,0,0,0,0,0,-1,-1
0,0,0,1,1,1,4,4,4,4,4,1,1,1,1,1,1,1,1,1,1,1,1,1,1,1,1,1,1,1,1,1,1,1,1,1,1,1,1,1,1,1,1,1,1,1,1,1,1,1,1,1,1,1,1,1,1,1,1,1,1,1,0,0,0,-1,-1
0,0,1,1,1,4,4,4,4,4,4,4,1,1,1,1,1,1,1,1,1,1,1,1,1,1,1,1,1,1,1,1,1,1,1,1,1,1,1,1,1,1,1,1,1,1,1,1,1,1,1,1,1,1,1,1,4,4,4,4,1,1,1,1,0,0,-1
0,0,1,1,1,4,4,4,4,4,4,4,1,1,1,1,1,1,1,1,1,1,1,1,1,1,1,1,1,1,1,1,1,1,1,1,1,1,1,1,1,1,1,1,1,1,1,1,1,1,1,1,1,1,1,4,4,4,4,4,4,1,1,1,0,0,-1
0,0,1,1,1,4,4,4,4,4,4,4,1,1,1,1,1,1,1,1,1,1,1,1,1,1,1,1,1,1,1,1,1,1,1,1,1,1,1,1,1,1,1,1,1,1,1,1,1,1,1,1,1,1,1,4,4,4,4,4,4,4,1,1,1,0,0
0,0,1,1,1,4,4,4,4,4,4,4,1,1,1,1,0,0,1,1,1,1,1,1,1,1,1,1,1,1,1,1,1,1,1,1,1,1,1,1,1,1,1,1,1,1,1,1,1,1,1,1,1,1,1,4,4,4,4,4,4,4,1,1,1,0,0
0,0,1,1,1,1,4,4,4,4,4,1,1,1,1,0,0,0,1,1,1,1,1,1,1,1,1,1,1,1,1,1,1,1,1,1,1,1,1,1,1,1,1,1,1,1,1,1,1,1,1,1,1,1,1,4,4,4,4,4,4,4,1,1,1,0,0
0,0,0,1,1,1,1,4,4,4,4,1,1,1,1,0,0,-1,0,0,1,1,1,1,1,1,1,1,1,1,1,1,1,1,1,1,1,1,1,1,1,1,1,1,1,1,1,1,1,0,0,0,0,1,1,1,4,4,4,4,4,4,1,1,1,0,0
0,0,0,0,1,1,1,1,1,1,1,1,1,0,0,-1,-1,-1,0,0,0,0,1,1,1,1,1,1,1,1,1,1,1,1,1,1,1,1,1,1,1,1,1,1,1,1,1,0,0,0,0,0,0,1,1,1,1,4,4,4,4,1,1,1,1,0,0
-1,0,0,0,0,1,1,1,1,1,1,1,1,0,0,-1,-1,-1,-1,-1,0,0,0,0,1,1,1,1,1,1,1,1,1,1,1,1,1,1,1,1,1,1,1,1,1,0,0,0,0,-1,-1,-1,0,0,1,1,1,1,1,1,1,1,1,1,0,0,-1
-1,-1,0,0,0,0,1,1,1,1,1,1,0,0,-1,-1,-1,-1,-1,-1,-1,-1,0,0,0,0,0,0,0,0,0,0,0,0,0,0,0,0,0,0,0,0,0,0,0,0,0,-1,-1,-1,-1,-1,0,0,0,1,1,1,1,1,1,1,1,0,0,0,-1
-1,-1,-1,0,0,0,0,0,0,0,0,0,0,0,-1,-1,-1,-1,-1,-1,-1,-1,-1,-1,0,0,0,0,0,0,0,0,0,0,0,0,0,0,0,0,0,0,0,0,0,-1,-1,-1,-1,-1,-1,-1,-1,0,0,1,1,1,1,1,1,1,1,0,0,-1,-1
-1,-1,-1,-1,0,0,0,0,0,0,0,0,-1,-1,-1,-1,-1,-1,-1,-1,-1,-1,-1,-1,-1,-1,-1,-1,-1,-1,-1,-1,-1,0,0,0,0,-1,-1,-1,-1,-1,-1,-1,-1,-1,-1,-1,-1,-1,-1,-1,-1,-1,0,0,1,1,1,1,1,1,0,0,-1,-1,-1
-1,-1,-1,-1,-1,-1,-1,-1,-1,-1,-1,-1,-1,-1,-1,-1,-1,-1,-1,-1,-1,-1,-1,-1,-1,-1,-1,-1,-1,-1,-1,-1,-1,0,0,0,0,0,-1,-1,-1,-1,-1,-1,-1,-1,-1,-1,-1,-1,-1,-1,-1,-1,0,0,0,0,0,0,0,0,0,0,-1,-1,-1
-1,-1,-1,-1,-1,-1,-1,-1,-1,-1,-1,-1,-1,-1,-1,-1,-1,-1,-1,-1,-1,-1,-1,-1,-1,-1,-1,-1,-1,-1,-1,-1,-1,0,0,-1,0,0,0,-1,-1,-1,-1,-1,-1,-1,-1,-1,-1,-1,-1,-1,-1,-1,-1,0,0,0,0,0,0,0,-1,-1,-1,-1,-1
-1,-1,-1,-1,-1,-1,-1,-1,-1,-1,-1,-1,-1,-1,-1,-1,-1,-1,-1,-1,-1,-1,-1,-1,-1,-1,-1,-1,-1,-1,-1,-1,-1,0,0,-1,-1,0,0,0,-1,-1,-1,-1,-1,-1,-1,-1,-1,-1,-1,-1,-1,-1,-1,-1,-1,-1,-1,-1,-1,-1,-1,-1,-1,-1,-1
-1,-1,-1,-1,-1,-1,-1,-1,-1,-1,-1,-1,-1,-1,-1,-1,-1,-1,-1,-1,-1,-1,-1,-1,-1,-1,-1,-1,-1,-1,-1,-1,-1,0,0,-1,-1,-1,0,0,-1,-1,-1,-1,-1,-1,-1,-1,-1,-1,-1,-1,-1,-1,-1,-1,-1,-1,-1,-1,-1,-1,-1,-1,-1,-1,-1
-1,-1,-1,-1,-1,-1,-1,-1,-1,-1,-1,-1,-1,-1,-1,-1,-1,-1,-1,-1,-1,-1,-1,-1,-1,-1,-1,-1,-1,-1,-1,-1,-1,0,0,-1,-1,-1,-1,-1,-1,-1,-1,-1,-1,-1,-1,-1,-1,-1,-1,-1,-1,-1,-1,-1,-1,-1,-1,-1,-1,-1,-1,-1,-1,-1,-1
-1,-1,-1,-1,-1,-1,-1,-1,-1,-1,-1,-1,-1,-1,-1,-1,-1,-1,-1,-1,-1,-1,-1,-1,-1,-1,-1,-1,-1,-1,-1,-1,-1,0,0,-1,-1,-1,-1,-1,-1,-1,-1,-1,-1,-1,-1,-1,-1,-1,-1,-1,-1,-1,-1,-1,-1,-1,-1,-1,-1,-1,-1,-1,-1,-1,-1
-1,-1,-1,-1,-1,-1,-1,-1,-1,-1,-1,-1,-1,-1,-1,-1,-1,-1,-1,-1,-1,-1,-1,-1,-1,-1,-1,-1,-1,-1,-1,-1,-1,0,0,-1,-1,-1,-1,-1,-1,-1,-1,-1,-1,-1,-1,-1,-1,-1,-1,-1,-1,-1,-1,-1,-1,-1,-1,-1,-1,-1,-1,-1,-1,-1,-1
-1,-1,-1,-1,-1,-1,-1,-1,-1,-1,-1,-1,-1,-1,-1,-1,-1,-1,-1,-1,-1,-1,-1,-1,-1,-1,-1,-1,-1,-1,-1,-1,-1,0,0,-1,-1,-1,-1,-1,-1,-1,-1,-1,-1,-1,-1,-1,-1,-1,-1,-1,-1,-1,-1,-1,-1,-1,-1,-1,-1,-1,-1,-1,-1,-1,-1
0.427451,0.2078432,0.2039216
0.937255,0.6666667,0.7058824
1,0.5607843,0.5529412
0.5607843,0.1215686,0.04705883
1,1,1
0.7137255,0.01176471,0.003921569
0,0,0
0.5215687,0.5215687,0.5215687
