59,77,
-1,-1,-1,-1,-1,-1,-1,-1,-1,-1,-1,-1,-1,-1,-1,-1,-1,-1,-1,0,0,0,0,0,0,-1,-1,-1,-1,-1,-1,-1,-1,0,0,0,0,0,0,0,-1,-1,-1,-1,-1,-1,-1,-1,-1,-1,-1,-1,-1,-1,-1,-1,-1,-1,-1
1,1,1,1,-1,-1,1,-1,-1,-1,-1,-1,-1,-1,-1,-1,-1,-1,-1,0,2,2,2,2,2,0,-1,-1,-1,-1,-1,-1,0,2,2,2,2,2,2,0,-1,-1,-1,-1,-1,-1,-1,-1,-1,-1,-1,-1,1,-1,3,1,1,-1,3
3,1,1,1,1,1,1,-1,-1,-1,-1,-1,-1,-1,-1,-1,-1,-1,-1,0,4,4,4,2,2,0,-1,-1,-1,-1,-1,-1,0,2,2,4,4,4,4,0,-1,-1,-1,-1,-1,-1,-1,-1,-1,-1,-1,1,1,1,3,1,1,1,3
3,1,1,1,1,1,1,-1,-1,-1,-1,-1,-1,-1,-1,-1,-1,-1,-1,0,0,0,2,2,2,0,-1,-1,-1,-1,-1,-1,0,2,4,4,4,0,0,0,-1,-1,-1,-1,-1,-1,-1,-1,-1,-1,-1,1,1,1,3,1,1,1,3
3,1,1,1,1,3,1,-1,-1,-1,-1,-1,-1,-1,-1,-1,-1,-1,-1,-1,-1,0,2,0,0,0,0,0,0,0,-1,-1,0,2,2,2,4,0,-1,-1,-1,-1,-1,-1,-1,-1,-1,-1,-1,-1,-1,1,1,1,3,1,1,1,3
3,1,1,1,1,3,1,-1,-1,-1,-1,-1,-1,-1,-1,-1,-1,-1,-1,0,0,0,0,5,5,5,5,5,5,0,0,0,0,2,2,2,2,0,-1,-1,-1,-1,-1,-1,-1,-1,-1,-1,-1,-1,-1,1,1,1,3,1,1,1,3
-1,1,1,1,1,3,1,-1,-1,-1,-1,-1,-1,-1,-1,-1,-1,-1,0,0,5,5,5,5,5,5,5,5,5,5,5,0,0,0,2,2,2,0,-1,-1,-1,-1,-1,-1,-1,-1,-1,-1,-1,-1,-1,1,1,1,3,1,1,1,3
-1,1,1,1,1,3,1,-1,-1,-1,-1,-1,-1,-1,-1,-1,-1,-1,0,5,5,5,5,5,6,6,7,7,7,7,7,5,5,0,0,2,2,0,-1,-1,-1,-1,-1,-1,-1,-1,-1,-1,-1,-1,-1,1,1,1,3,1,1,1,3
-1,1,1,1,1,3,1,-1,-1,-1,-1,-1,-1,-1,-1,-1,-1,0,0,5,6,6,6,6,6,6,7,7,7,7,7,7,7,5,0,0,0,0,-1,-1,-1,-1,-1,-1,-1,-1,-1,-1,-1,-1,-1,1,1,1,3,1,1,1,-1
-1,1,1,1,1,3,1,-1,-1,-1,-1,-1,-1,-1,-1,-1,-1,0,5,5,6,6,6,6,6,6,6,7,7,7,7,7,7,7,5,5,0,0,-1,-1,-1,-1,-1,-1,-1,-1,-1,-1,-1,-1,-1,1,1,3,1,1,1,1,-1
-1,1,1,1,1,3,1,-1,-1,-1,-1,-1,-1,-1,-1,-1,-1,0,5,5,5,6,6,6,6,6,6,6,5,7,7,7,7,7,7,5,5,0,0,-1,-1,-1,-1,-1,-1,-1,-1,-1,-1,-1,-1,1,1,3,1,1,1,1,-1
-1,3,1,1,1,3,1,-1,-1,-1,-1,-1,-1,-1,-1,-1,-1,0,7,7,6,6,6,6,6,6,6,7,7,5,5,7,7,7,7,7,7,5,0,0,-1,-1,-1,-1,-1,-1,-1,-1,-1,-1,-1,1,1,3,1,1,1,1,-1
-1,3,1,1,1,1,3,-1,-1,-1,-1,-1,-1,-1,-1,-1,-1,0,7,7,6,6,6,6,6,6,7,7,7,7,5,5,8,8,8,7,7,7,5,0,0,-1,-1,-1,-1,0,0,-1,-1,-1,-1,1,1,3,1,1,1,1,-1
-1,3,1,1,1,1,3,-1,-1,-1,-1,-1,-1,-1,0,0,0,0,0,7,7,7,5,6,6,7,7,7,7,7,7,7,5,8,8,8,7,7,7,5,0,0,-1,0,0,0,0,0,-1,-1,-1,1,1,3,1,1,1,3,-1
-1,3,1,1,1,1,3,-1,-1,-1,-1,-1,-1,0,0,2,2,2,0,0,8,7,5,6,6,7,7,8,8,8,7,7,7,7,8,8,7,7,7,5,5,0,0,0,2,2,2,0,0,-1,1,1,1,3,1,1,1,3,-1
-1,-1,1,1,1,1,3,-1,-1,-1,-1,-1,-1,0,4,4,4,2,2,0,7,8,8,5,6,7,7,8,8,8,8,8,7,7,7,8,8,7,5,5,0,0,0,2,2,2,2,2,0,-1,1,1,1,3,1,1,1,3,-1
-1,-1,3,1,1,1,1,3,-1,-1,-1,-1,-1,0,4,4,4,4,2,0,0,8,8,5,5,7,7,8,8,8,8,8,8,7,7,8,8,8,5,0,0,2,2,2,4,4,4,2,0,-1,1,1,3,1,1,1,1,3,-1
-1,-1,3,1,1,1,1,3,-1,-1,-1,-1,-1,0,0,4,4,4,2,2,0,8,8,5,5,7,7,8,8,8,8,8,8,8,8,8,8,8,5,0,2,2,2,4,4,4,4,0,-1,-1,1,1,3,1,1,1,1,-1,-1
-1,-1,-1,1,1,1,1,3,-1,-1,-1,-1,-1,-1,0,0,0,4,4,2,0,8,8,8,5,7,7,8,8,8,8,8,8,8,8,7,7,8,5,0,2,2,4,4,4,4,4,0,-1,-1,1,1,3,1,1,1,3,-1,-1
-1,-1,-1,1,1,1,1,3,-1,-1,-1,-1,-1,-1,-1,-1,0,0,0,2,0,8,8,8,5,7,7,8,8,8,8,8,8,8,8,7,5,8,5,0,2,4,4,4,4,0,0,0,-1,-1,1,1,3,1,1,1,3,-1,-1
-1,-1,-1,3,1,1,1,1,-1,-1,-1,-1,-1,-1,-1,-1,-1,-1,0,0,0,7,8,8,5,7,8,8,8,8,8,8,8,8,8,7,5,5,8,0,0,4,4,0,0,0,-1,-1,-1,-1,1,3,1,1,1,1,3,-1,-1
-1,-1,-1,3,1,1,1,1,-1,-1,-1,-1,-1,-1,-1,-1,-1,-1,-1,0,0,7,8,8,5,7,8,8,8,8,8,8,8,8,8,7,7,5,8,8,0,0,0,0,-1,-1,-1,-1,-1,1,1,3,1,1,1,3,3,-1,-1
-1,-1,-1,-1,3,1,1,1,-1,-1,-1,-1,-1,-1,-1,-1,-1,-1,-1,-1,0,7,8,8,7,7,8,8,8,8,8,8,8,8,8,7,7,5,8,8,8,7,7,0,-1,-1,-1,-1,-1,1,1,3,1,1,1,3,-1,-1,-1
-1,-1,-1,-1,3,1,1,1,3,-1,-1,-1,-1,-1,-1,-1,-1,-1,-1,-1,0,7,8,8,8,7,8,8,8,8,8,8,8,8,8,8,7,5,5,8,8,7,7,0,-1,-1,-1,-1,-1,1,3,1,1,1,1,3,-1,-1,-1
-1,-1,-1,-1,3,1,1,1,1,-1,-1,-1,-1,-1,-1,-1,-1,-1,-1,-1,0,7,7,7,5,7,7,7,7,8,8,8,8,8,8,8,7,7,5,8,8,8,7,0,-1,-1,-1,-1,1,1,3,1,1,1,3,3,-1,-1,-1
-1,-1,-1,-1,-1,1,1,1,1,-1,-1,-1,-1,-1,-1,-1,-1,-1,-1,-1,0,7,7,7,5,7,7,7,7,7,7,7,8,8,8,8,7,7,5,8,8,8,7,0,-1,-1,-1,-1,1,3,3,1,1,1,3,-1,-1,-1,-1
-1,-1,-1,-1,-1,3,1,1,1,3,-1,-1,-1,-1,-1,-1,-1,-1,-1,-1,0,5,5,5,5,5,5,5,5,7,7,7,7,8,8,8,8,7,5,8,8,8,7,0,-1,-1,-1,1,1,3,1,1,1,3,3,-1,-1,-1,-1
-1,-1,-1,-1,-1,3,1,1,1,1,-1,-1,-1,-1,-1,-1,-1,-1,-1,0,0,0,0,0,0,0,0,0,0,0,5,5,7,7,7,8,8,7,7,8,8,8,7,0,-1,-1,-1,1,3,3,1,1,1,3,-1,-1,-1,-1,-1
-1,-1,-1,-1,-1,-1,3,1,1,1,-1,-1,-1,-1,-1,-1,-1,-1,0,0,9,9,9,9,9,9,9,9,9,0,0,0,0,5,7,7,8,7,7,8,8,8,8,0,0,-1,1,3,3,1,1,1,3,-1,-1,-1,-1,-1,-1
-1,-1,-1,-1,-1,-1,3,1,1,1,-1,-1,-1,-1,-1,-1,-1,0,0,9,10,10,10,10,10,10,10,10,10,9,9,9,0,0,5,7,7,8,7,8,8,8,8,7,0,1,1,3,1,1,1,3,3,-1,-1,-1,-1,-1,-1
-1,-1,-1,-1,-1,-1,-1,3,1,1,1,-1,-1,-1,-1,-1,0,0,9,9,10,10,10,10,10,10,10,10,10,9,9,9,9,9,0,0,7,7,8,8,8,8,8,7,1,1,3,1,1,1,1,3,-1,-1,-1,-1,-1,-1,-1
-1,-1,-1,-1,-1,-1,-1,3,3,1,1,-1,-1,-1,-1,0,0,9,9,9,9,11,11,11,11,11,11,11,9,9,9,9,9,9,9,0,0,7,8,8,8,8,8,1,1,1,1,1,1,1,3,-1,-1,-1,-1,-1,-1,-1,-1
-1,-1,-1,-1,-1,-1,-1,-1,3,1,1,1,-1,-1,0,0,9,9,9,9,9,9,9,9,9,9,9,9,9,9,9,9,9,9,9,9,0,0,7,8,8,8,1,1,1,1,1,1,3,3,-1,-1,-1,-1,-1,-1,-1,-1,-1
-1,-1,-1,-1,-1,-1,-1,-1,-1,3,1,1,1,-1,0,9,12,12,12,12,9,9,10,10,10,9,9,12,12,12,12,12,12,9,9,9,9,0,7,8,8,1,1,1,1,1,1,3,3,-1,-1,-1,-1,-1,-1,-1,-1,-1,-1
-1,-1,-1,-1,-1,-1,-1,-1,-1,3,3,1,1,0,0,12,12,12,12,12,9,10,10,10,10,10,9,12,12,12,12,12,12,12,12,9,9,0,0,7,1,1,1,1,1,3,3,3,-1,-1,-1,-1,-1,-1,-1,-1,-1,-1,-1
-1,-1,-1,-1,-1,-1,-1,-1,-1,-1,3,1,1,1,12,12,12,12,12,12,12,10,10,10,10,10,12,12,12,12,12,12,12,12,12,12,9,9,0,1,1,1,1,3,3,3,-1,-1,-1,-1,-1,-1,-1,-1,-1,-1,-1,-1,-1
-1,-1,-1,-1,-1,-1,-1,-1,-1,-1,-1,3,1,1,1,1,0,0,0,0,12,12,12,12,12,12,12,12,12,12,0,0,0,0,12,12,12,1,1,1,1,1,3,3,3,-1,-1,-1,-1,-1,-1,-1,-1,-1,-1,-1,-1,-1,-1
-1,-1,-1,-1,-1,-1,-1,-1,-1,-1,-1,-1,3,3,3,1,1,1,1,0,0,12,12,12,12,12,12,12,12,0,0,1,1,1,1,1,1,1,1,3,3,3,3,7,0,-1,-1,-1,-1,-1,-1,-1,-1,-1,-1,-1,-1,-1,-1
-1,-1,-1,-1,-1,-1,-1,-1,-1,-1,-1,-1,-1,0,3,3,3,1,0,0,12,12,12,12,12,12,12,12,12,12,0,0,3,3,3,3,3,3,3,3,3,8,8,7,0,-1,-1,-1,-1,-1,-1,-1,-1,-1,-1,-1,-1,-1,-1
-1,-1,-1,-1,-1,-1,-1,-1,-1,-1,-1,-1,-1,0,12,12,0,0,0,12,12,12,12,12,12,12,12,12,12,12,12,0,0,0,12,12,12,2,0,7,8,8,8,7,0,-1,-1,-1,-1,-1,-1,-1,-1,-1,-1,-1,-1,-1,-1
-1,-1,-1,-1,-1,-1,-1,-1,-1,-1,-1,-1,-1,0,4,12,12,12,12,12,12,12,12,12,12,12,12,12,12,12,12,12,12,12,12,12,4,2,0,7,8,8,8,7,0,-1,-1,-1,-1,-1,-1,-1,-1,-1,-1,-1,-1,-1,-1
-1,-1,-1,-1,-1,-1,-1,-1,-1,-1,-1,-1,-1,0,4,4,4,4,4,4,12,12,12,12,12,12,12,12,12,4,4,4,4,4,4,4,4,2,0,7,8,8,8,7,0,-1,-1,-1,-1,-1,-1,-1,-1,-1,-1,-1,-1,-1,-1
-1,-1,-1,-1,-1,-1,-1,-1,-1,-1,-1,-1,-1,0,4,4,4,4,4,4,12,12,12,12,12,12,12,12,4,4,4,4,4,4,4,4,2,0,0,7,8,8,8,7,0,-1,-1,-1,-1,-1,-1,-1,-1,-1,-1,-1,-1,-1,-1
-1,-1,-1,-1,-1,-1,-1,-1,-1,-1,-1,-1,-1,0,0,4,4,4,4,4,4,12,12,12,12,12,12,12,4,4,4,4,4,4,4,2,2,0,7,8,8,8,8,0,0,-1,-1,-1,-1,-1,-1,-1,-1,-1,-1,-1,-1,-1,-1
-1,-1,-1,-1,-1,-1,-1,-1,-1,-1,-1,-1,-1,-1,0,4,4,4,4,4,4,12,12,12,12,12,12,4,4,4,4,4,4,4,2,2,0,0,7,8,8,8,7,0,-1,-1,-1,-1,-1,-1,-1,-1,-1,-1,-1,-1,-1,-1,-1
-1,-1,-1,-1,-1,-1,-1,-1,-1,-1,-1,-1,-1,-1,0,0,4,4,4,4,4,4,4,12,12,4,4,4,4,4,4,4,4,2,2,0,0,7,8,7,7,8,7,0,-1,-1,-1,-1,-1,-1,-1,-1,-1,-1,-1,-1,-1,-1,-1
-1,-1,-1,-1,-1,-1,-1,-1,-1,-1,-1,-1,-1,-1,-1,0,2,2,4,4,4,4,4,4,4,4,4,4,4,4,4,2,2,2,2,0,7,7,8,7,8,8,7,0,-1,-1,-1,-1,-1,-1,-1,-1,-1,-1,-1,-1,-1,-1,-1
-1,-1,-1,-1,-1,-1,-1,-1,-1,-1,-1,-1,-1,-1,-1,0,0,2,2,2,2,4,4,4,4,4,4,4,4,2,2,2,2,0,0,0,7,8,8,7,8,7,7,0,-1,-1,-1,-1,-1,-1,-1,-1,-1,-1,-1,-1,-1,-1,-1
-1,-1,-1,-1,-1,-1,-1,-1,-1,-1,-1,-1,-1,-1,-1,-1,0,0,0,2,2,2,2,2,2,2,2,2,2,2,2,2,0,0,7,7,8,8,7,7,8,7,0,-1,-1,-1,-1,-1,-1,-1,-1,-1,-1,-1,-1,-1,-1,-1,-1
-1,-1,-1,-1,-1,-1,-1,-1,-1,-1,-1,-1,-1,-1,-1,-1,0,7,0,0,0,2,2,2,2,2,2,2,2,0,0,0,0,7,7,8,8,7,7,8,8,7,0,-1,-1,-1,-1,-1,-1,-1,-1,-1,-1,-1,-1,-1,-1,-1,-1
-1,-1,-1,-1,-1,-1,-1,-1,-1,-1,-1,-1,-1,-1,-1,-1,0,7,7,7,0,0,0,0,0,0,0,0,0,0,7,7,7,7,8,8,7,7,5,8,7,0,0,-1,-1,-1,-1,-1,-1,-1,-1,-1,-1,-1,-1,-1,-1,-1,-1
-1,-1,-1,-1,-1,-1,-1,-1,-1,-1,-1,-1,-1,-1,-1,-1,0,8,8,7,7,7,7,7,7,7,7,7,7,7,7,7,8,8,8,7,7,5,8,8,7,0,-1,-1,-1,-1,-1,-1,-1,-1,-1,-1,-1,-1,-1,-1,-1,-1,-1
-1,-1,-1,-1,-1,-1,-1,-1,-1,-1,-1,-1,-1,-1,-1,-1,0,8,8,8,8,7,7,7,7,7,7,7,7,7,8,8,8,8,7,7,7,5,8,7,0,0,-1,-1,-1,-1,-1,-1,-1,-1,-1,-1,-1,-1,-1,-1,-1,-1,-1
-1,-1,-1,-1,-1,-1,-1,-1,-1,-1,-1,-1,-1,-1,-1,-1,0,8,8,8,8,8,8,8,8,8,8,8,8,8,8,8,8,7,7,7,5,8,8,7,0,-1,-1,-1,-1,-1,-1,-1,-1,-1,-1,-1,-1,-1,-1,-1,-1,-1,-1
-1,-1,-1,-1,-1,-1,-1,-1,-1,-1,-1,-1,-1,-1,-1,-1,0,8,8,8,8,8,8,8,8,8,8,8,8,8,8,8,7,7,7,5,5,8,7,0,0,-1,-1,-1,-1,-1,-1,-1,-1,-1,-1,-1,-1,-1,-1,-1,-1,-1,-1
-1,-1,-1,-1,-1,-1,-1,-1,-1,-1,-1,-1,-1,-1,-1,-1,0,8,8,8,8,8,7,8,8,8,8,8,8,8,8,7,7,7,5,5,8,8,7,0,-1,-1,-1,-1,-1,-1,-1,-1,-1,-1,-1,-1,-1,-1,-1,-1,-1,-1,-1
-1,-1,-1,-1,-1,-1,-1,-1,-1,-1,-1,-1,-1,-1,-1,-1,-1,0,8,8,8,7,5,7,7,8,8,8,8,8,8,7,7,5,5,8,8,7,0,-1,-1,-1,-1,-1,-1,-1,-1,-1,-1,-1,-1,-1,-1,-1,-1,-1,-1,-1,-1
-1,-1,-1,-1,-1,-1,-1,-1,-1,-1,-1,-1,-1,-1,-1,-1,-1,0,8,8,8,7,5,7,7,7,8,8,8,8,8,7,5,5,8,8,7,0,0,-1,-1,-1,-1,-1,-1,-1,-1,-1,-1,-1,-1,-1,-1,-1,-1,-1,-1,-1,-1
-1,-1,-1,-1,-1,-1,-1,-1,-1,-1,-1,-1,-1,-1,-1,-1,-1,0,8,8,7,7,5,7,7,7,7,8,8,8,8,8,8,8,8,7,7,0,-1,-1,-1,-1,-1,-1,-1,-1,-1,-1,-1,-1,-1,-1,-1,-1,-1,-1,-1,-1,-1
-1,-1,-1,-1,-1,-1,-1,-1,-1,-1,-1,-1,-1,-1,-1,-1,-1,-1,0,7,7,7,5,5,7,7,7,7,8,8,8,8,8,8,7,7,0,-1,-1,-1,-1,-1,-1,-1,-1,-1,-1,-1,-1,-1,-1,-1,-1,-1,-1,-1,-1,-1,-1
-1,-1,-1,-1,-1,-1,-1,-1,-1,-1,-1,-1,-1,-1,-1,-1,-1,-1,0,7,7,7,5,5,5,7,7,7,7,7,7,7,7,7,7,0,-1,-1,-1,-1,-1,-1,-1,-1,-1,-1,-1,-1,-1,-1,-1,-1,-1,-1,-1,-1,-1,-1,-1
-1,-1,-1,-1,-1,-1,-1,-1,-1,-1,-1,-1,-1,-1,-1,-1,-1,-1,-1,0,7,5,5,6,5,5,7,7,7,7,7,7,7,7,0,-1,-1,-1,-1,-1,-1,-1,-1,-1,-1,-1,-1,-1,-1,-1,-1,-1,-1,-1,-1,-1,-1,-1,-1
-1,-1,-1,-1,-1,-1,-1,-1,-1,-1,-1,-1,-1,-1,-1,-1,-1,-1,-1,0,0,5,6,6,6,5,5,7,7,7,7,7,0,0,-1,-1,-1,-1,-1,-1,-1,-1,-1,-1,-1,-1,-1,-1,-1,-1,-1,-1,-1,-1,-1,-1,-1,-1,-1
-1,-1,-1,-1,-1,-1,-1,-1,-1,-1,-1,-1,-1,-1,-1,-1,-1,-1,-1,-1,0,0,6,6,6,6,5,5,5,7,0,0,0,-1,-1,-1,-1,-1,-1,-1,-1,-1,-1,-1,-1,-1,-1,-1,-1,-1,-1,-1,-1,-1,-1,-1,-1,-1,-1
-1,-1,-1,-1,-1,-1,-1,-1,-1,-1,-1,-1,-1,-1,-1,-1,-1,-1,-1,-1,-1,0,6,6,6,6,6,5,0,0,0,-1,-1,-1,-1,-1,-1,-1,-1,-1,-1,-1,-1,-1,-1,-1,-1,-1,-1,-1,-1,-1,-1,-1,-1,-1,-1,-1,-1
-1,-1,-1,-1,-1,-1,-1,-1,-1,-1,-1,-1,-1,-1,-1,-1,-1,-1,-1,-1,-1,0,6,6,6,6,6,6,0,-1,-1,-1,-1,-1,-1,-1,-1,-1,-1,-1,-1,-1,-1,-1,-1,-1,-1,-1,-1,-1,-1,-1,-1,-1,-1,-1,-1,-1,-1
-1,-1,-1,-1,-1,-1,-1,-1,-1,-1,-1,-1,-1,-1,-1,-1,-1,-1,-1,-1,0,6,6,6,6,6,0,-1,-1,-1,-1,-1,-1,-1,-1,-1,-1,-1,-1,-1,-1,-1,-1,-1,-1,-1,-1,-1,-1,-1,-1,-1,-1,-1,-1,-1,-1,-1,-1
-1,-1,-1,-1,-1,-1,-1,-1,-1,-1,-1,-1,-1,-1,-1,-1,-1,-1,-1,0,0,6,6,6,6,6,0,-1,-1,-1,-1,-1,-1,-1,-1,-1,-1,-1,-1,-1,-1,-1,-1,-1,-1,-1,-1,-1,-1,-1,-1,-1,-1,-1,-1,-1,-1,-1,-1
-1,-1,-1,-1,-1,-1,-1,-1,-1,-1,-1,-1,-1,-1,-1,-1,-1,-1,-1,0,6,6,6,6,6,6,0,-1,-1,-1,-1,-1,-1,-1,-1,-1,-1,-1,-1,-1,-1,-1,-1,-1,-1,-1,-1,-1,-1,-1,-1,-1,-1,-1,-1,-1,-1,-1,-1
-1,-1,-1,-1,-1,-1,-1,-1,-1,-1,-1,-1,-1,-1,-1,-1,-1,-1,0,0,6,6,6,6,6,6,0,-1,-1,-1,-1,-1,-1,-1,-1,-1,-1,-1,-1,-1,-1,-1,-1,-1,-1,-1,-1,-1,-1,-1,-1,-1,-1,-1,-1,-1,-1,-1,-1
-1,-1,-1,-1,-1,-1,-1,-1,-1,-1,-1,-1,-1,-1,-1,-1,-1,-1,0,6,6,6,6,6,6,6,0,-1,-1,-1,-1,-1,-1,-1,-1,-1,-1,-1,-1,-1,-1,-1,-1,-1,-1,-1,-1,-1,-1,-1,-1,-1,-1,-1,-1,-1,-1,-1,-1
-1,-1,-1,-1,-1,-1,-1,-1,-1,-1,-1,-1,-1,-1,-1,-1,-1,0,0,6,6,6,6,6,6,6,0,-1,-1,-1,-1,-1,-1,-1,-1,-1,-1,-1,-1,-1,-1,-1,-1,-1,-1,-1,-1,-1,-1,-1,-1,-1,-1,-1,-1,-1,-1,-1,-1
-1,-1,-1,-1,-1,-1,-1,-1,-1,-1,-1,-1,-1,-1,-1,-1,-1,0,6,6,6,6,6,6,6,6,0,-1,-1,-1,-1,-1,-1,-1,-1,-1,-1,-1,-1,-1,-1,-1,-1,-1,-1,-1,-1,-1,-1,-1,-1,-1,-1,-1,-1,-1,-1,-1,-1
-1,-1,-1,-1,-1,-1,-1,-1,-1,-1,-1,-1,-1,-1,-1,-1,-1,0,6,6,6,6,6,6,6,0,-1,-1,-1,-1,-1,-1,-1,-1,-1,-1,-1,-1,-1,-1,-1,-1,-1,-1,-1,-1,-1,-1,-1,-1,-1,-1,-1,-1,-1,-1,-1,-1,-1
-1,-1,-1,-1,-1,-1,-1,-1,-1,-1,-1,-1,-1,-1,-1,-1,-1,0,0,6,6,6,6,6,6,0,-1,-1,-1,-1,-1,-1,-1,-1,-1,-1,-1,-1,-1,-1,-1,-1,-1,-1,-1,-1,-1,-1,-1,-1,-1,-1,-1,-1,-1,-1,-1,-1,-1
-1,-1,-1,-1,-1,-1,-1,-1,-1,-1,-1,-1,-1,-1,-1,-1,-1,-1,0,0,0,6,6,6,0,-1,-1,-1,-1,-1,-1,-1,-1,-1,-1,-1,-1,-1,-1,-1,-1,-1,-1,-1,-1,-1,-1,-1,-1,-1,-1,-1,-1,-1,-1,-1,-1,-1,-1
-1,-1,-1,-1,-1,-1,-1,-1,-1,-1,-1,-1,-1,-1,-1,-1,-1,-1,-1,-1,-1,0,0,0,-1,-1,-1,-1,-1,-1,-1,-1,-1,-1,-1,-1,-1,-1,-1,-1,-1,-1,-1,-1,-1,-1,-1,-1,-1,-1,-1,-1,-1,-1,-1,-1,-1,-1,-1
0,0,0
0.6352941,0.6352941,0.6352941
0.3137255,0.3137255,0.3137255
0.882353,0.882353,0.882353
0.4470589,0.4470589,0.4470589
0.3843138,0.3843138,0.3843138
0.1137255,0.1137255,0.1137255
0.5529412,0.5529412,0.5529412
0.7215686,0.7215686,0.7215686
0.4784314,0.4784314,0.4784314
0.2941177,0.2941177,0.2941177
0.8117648,0.8117648,0.8117648
0.7058824,0.7058824,0.7058824
